time,temp
0.00448542, 64952
0.00657813, 64952
0.00785261, 65168
0.00910105, 65168
0.0103448, 65168
0.0116219, 65168
0.013137, 65168
0.0144177, 65168
0.0158333, 65168
0.0173084, 65168
0.018986, 65168
0.0206391, 65168
0.0220693, 65168
0.0233589, 65168
0.0246417, 65168
0.0259141, 65384
0.0272261, 65384
0.0284787, 65384
0.0297256, 65384
0.0309813, 65384
0.032249, 65384
0.0335052, 65384
0.0347448, 65384
0.0359891, 65384
0.0372224, 65384
0.0384526, 65384
0.0396881, 65384
0.040937, 65384
0.0422381, 65600
0.0435136, 65600
0.0447777, 65600
0.0460735, 65600
0.0473459, 65600
0.0486625, 65600
0.050048, 65600
0.0513542, 65600
0.0525756, 65600
0.0537891, 65600
0.0550157, 65600
0.0564657, 65600
0.0578855, 65600
0.0595443, 65600
0.0610719, 65600
0.0625214, 65600
0.063923, 65600
0.065299, 65600
0.0666391, 65600
0.067961, 65600
0.0693459, 65600
0.0707621, 65600
0.072098, 65600
0.0733834, 65600
0.0746355, 65600
0.0758933, 65600
0.077174, 65816
0.0784537, 65816
0.0797391, 65816
0.0810282, 65816
0.08231, 65816
0.0836496, 65816
0.0850761, 65816
0.0863438, 65816
0.087623, 65816
0.0889168, 65816
0.0902058, 65816
0.0916173, 65816
0.0930105, 65816
0.0944412, 65816
0.0957688, 65816
0.0971267, 65816
0.0984355, 65816
0.0998095, 65816
0.101174, 65816
0.1025, 65816
0.103794, 65816
0.105092, 65816
0.106357, 65816
0.107623, 65816
0.108878, 65816
0.11013, 65816
0.111379, 65816
0.112629, 65816
0.113881, 65816
0.115271, 65816
0.116526, 65816
0.117777, 65816
0.119034, 65816
0.120294, 65816
0.12155, 65816
0.122802, 65816
0.124052, 65816
0.12541, 65816
0.126616, 65816
0.127773, 65816
0.128952, 65816
0.130111, 65816
0.131288, 65816
0.132446, 65816
0.133605, 65816
0.134775, 65816
0.135932, 66032
0.137095, 66032
0.138257, 66032
0.139418, 66032
0.140575, 66032
0.14173, 66032
0.142891, 66032
0.144058, 66032
0.145243, 66032
0.146426, 66032
0.147628, 66032
0.148822, 66032
0.150039, 66032
0.151238, 66032
0.152415, 66032
0.153608, 66248
0.154804, 66248
0.155985, 66248
0.15715, 66248
0.15831, 66248
0.159458, 66248
0.160603, 66248
0.161757, 66248
0.162914, 66248
0.164065, 66248
0.165209, 66248
0.166356, 66248
0.167511, 66248
0.168655, 66248
0.169806, 66248
0.170966, 66248
0.172123, 66248
0.173276, 66248
0.174438, 66248
0.17559, 66248
0.176741, 66248
0.1779, 66248
0.179048, 66464
0.180203, 66464
0.18135, 66464
0.182497, 66464
0.183655, 66464
0.18481, 66464
0.185962, 66464
0.187144, 66464
0.188299, 66464
0.189452, 66464
0.19063, 66464
0.191802, 66464
0.192957, 66464
0.194107, 66464
0.195262, 66464
0.196418, 66464
0.197576, 66464
0.19873, 66464
0.199881, 66464
0.20103, 66464
0.202178, 66464
0.203345, 66464
0.204509, 66680
0.205666, 66680
0.206824, 66680
0.207973, 66680
0.209124, 66680
0.210279, 66680
0.211437, 66680
0.212593, 66680
0.213746, 66680
0.2149, 66680
0.216062, 66680
0.217224, 66680
0.218377, 66680
0.219527, 66680
0.22068, 66680
0.221854, 66680
0.223006, 66680
0.224162, 66680
0.225314, 66680
0.226464, 66680
0.227623, 66680
0.228775, 66680
0.229924, 66896
0.231116, 66896
0.232276, 66896
0.233431, 66896
0.234587, 66896
0.23575, 66896
0.236903, 66896
0.238054, 66896
0.239206, 66896
0.240363, 66896
0.241512, 66896
0.242654, 66896
0.243795, 66896
0.244938, 66896
0.24608, 66896
0.247231, 67112
0.248388, 67112
0.249532, 67112
0.250672, 67112
0.251815, 67112
0.252959, 67112
0.254105, 67112
0.255257, 67112
0.256401, 67112
0.257543, 67112
0.258685, 67112
0.259827, 67112
0.260967, 67112
0.262105, 67112
0.263251, 67112
0.264406, 67112
0.265574, 67112
0.266762, 67112
0.267933, 67112
0.26908, 67112
0.270224, 67112
0.271376, 67112
0.272533, 67544
0.273685, 67544
0.274833, 67544
0.275979, 67544
0.277123, 67544
0.278267, 67544
0.279415, 67544
0.280571, 67544
0.28172, 67760
0.282866, 67760
0.284017, 67760
0.285165, 67760
0.286314, 67760
0.287461, 67760
0.288621, 67760
0.289766, 67976
0.290914, 67976
0.292074, 67976
0.293233, 67976
0.294382, 67976
0.295532, 67976
0.296683, 67976
0.297831, 67976
0.298992, 68192
0.30015, 68192
0.3013, 68192
0.302443, 68192
0.303589, 68192
0.304734, 68192
0.305881, 68192
0.307029, 68624
0.308177, 68624
0.309326, 68624
0.310472, 68624
0.311622, 68624
0.312776, 68624
0.313938, 68624
0.315124, 69920
0.31627, 69920
0.317421, 69920
0.318564, 69920
0.31972, 69920
0.320875, 69920
0.322023, 69920
0.323176, 69920
0.324339, 70352
0.325514, 70352
0.326676, 70352
0.327835, 70352
0.32899, 70352
0.330136, 70352
0.331287, 70352
0.332438, 70352
0.333586, 70352
0.334734, 70352
0.335913, 70352
0.337085, 70352
0.338252, 70352
0.339434, 70352
0.340609, 70568
0.341762, 70568
0.34291, 70568
0.344059, 70568
0.345225, 70568
0.346382, 70568
0.34756, 70568
0.348728, 70568
0.349886, 70352
0.35104, 70352
0.352217, 70352
0.353376, 70352
0.354543, 70352
0.355711, 70352
0.356884, 70352
0.358029, 70136
0.359202, 70136
0.36038, 70136
0.361564, 70136
0.362743, 70136
0.363912, 70136
0.365076, 70136
0.366242, 70136
0.367407, 70136
0.368559, 70136
0.369723, 70136
0.3709, 70136
0.372073, 70136
0.373246, 70136
0.374418, 70136
0.375611, 69920
0.376783, 69920
0.377943, 69920
0.379167, 69920
0.380329, 69920
0.381494, 69920
0.382658, 69920
0.383858, 69920
0.385035, 69920
0.386196, 69920
0.387385, 69920
0.38857, 69920
0.389757, 69920
0.390917, 69920
0.392079, 69920
0.393243, 69920
0.394399, 69920
0.395556, 69920
0.39671, 69920
0.397871, 69920
0.399088, 69920
0.400248, 69920
0.401399, 69920
0.402564, 69920
0.403758, 69920
0.405011, 69920
0.406326, 69920
0.407674, 69920
0.409059, 69920
0.410405, 69920
0.411764, 69920
0.413155, 69920
0.41457, 69920
0.416009, 69920
0.417396, 69920
0.418707, 69920
0.420017, 69920
0.421441, 69920
0.422872, 69920
0.424219, 69920
0.425636, 69920
0.42697, 69920
0.428417, 69920
0.430058, 69920
0.43154, 69920
0.432872, 69920
0.43423, 69920
0.435615, 70136
0.436862, 70136
0.438191, 70136
0.439533, 70136
0.440832, 70136
0.442141, 70136
0.443641, 70352
0.445084, 70352
0.446488, 70352
0.447898, 70352
0.4493, 70352
0.450742, 70352
0.452132, 70352
0.453509, 70352
0.454808, 70352
0.456378, 70352
0.457829, 70352
0.459053, 70352
0.460321, 70568
0.46165, 70568
0.462964, 70568
0.464234, 70568
0.465562, 70568
0.466844, 70568
0.468169, 70568
0.469435, 70784
0.470761, 70784
0.471903, 70784
0.47316, 70784
0.47451, 70784
0.475806, 70784
0.477049, 71000
0.478308, 71000
0.479548, 71000
0.480814, 71000
0.48207, 71000
0.483276, 71000
0.484515, 71000
0.485732, 71432
0.486941, 71432
0.488155, 71432
0.489354, 71432
0.490532, 71432
0.491737, 71432
0.492958, 71432
0.494135, 71648
0.495367, 71648
0.49657, 71648
0.497731, 71648
0.499007, 71648
0.50026, 71648
0.501728, 71648
0.50319, 71864
0.504502, 71864
0.505864, 71864
0.507203, 71864
0.508456, 71864
0.509732, 71864
0.510982, 71864
0.512181, 72296
0.513363, 72296
0.514559, 72296
0.515861, 72296
0.517139, 72296
0.518428, 72296
0.519698, 71432
0.521029, 71432
0.522344, 71432
0.523643, 71432
0.524974, 71432
0.526258, 71432
0.527501, 71432
0.528756, 71432
0.530024, 71432
0.531268, 71432
0.532461, 71432
0.533736, 71432
0.535018, 71432
0.536278, 71432
0.537546, 71432
0.538841, 71432
0.540193, 71432
0.541504, 71432
0.542797, 71432
0.544165, 71432
0.545459, 71648
0.546716, 71648
0.54795, 71648
0.549241, 71648
0.550491, 71648
0.551648, 71648
0.552925, 71648
0.554203, 71648
0.555468, 71648
0.556771, 71648
0.558085, 71648
0.559445, 71648
0.560675, 71648
0.561848, 71648
0.562967, 72296
0.564083, 72296
0.565188, 72296
0.566297, 72296
0.567414, 72296
0.568521, 72296
0.56962, 72296
0.570721, 72296
0.571826, 72296
0.572924, 72296
0.573993, 72296
0.575093, 72296
0.576202, 72296
0.577303, 72296
0.578404, 72296
0.579528, 72296
0.580638, 72296
0.581741, 72296
0.582859, 72296
0.583972, 72296
0.585088, 72296
0.586183, 72296
0.587281, 72296
0.588377, 72296
0.589476, 72296
0.590574, 72296
0.59168, 72296
0.592787, 72296
0.593893, 72296
0.594997, 72296
0.596116, 72296
0.597227, 72296
0.598331, 72296
0.599453, 72296
0.600555, 72296
0.601658, 72296
0.602758, 72296
0.603859, 72296
0.604959, 72296
0.606058, 72296
0.607183, 72296
0.608416, 72296
0.609688, 72296
0.610936, 72296
0.612279, 72296
0.613681, 72944
0.614977, 72944
0.616268, 72944
0.617545, 72944
0.618668, 72944
0.619776, 72944
0.620869, 72944
0.621966, 72944
0.623079, 73592
0.624181, 73592
0.625281, 73592
0.626369, 73592
0.627461, 73592
0.6287, 73592
0.629817, 73592
0.630914, 72728
0.632015, 72728
0.633108, 72728
0.6342, 72728
0.635304, 72728
0.636404, 72728
0.637504, 72728
0.638601, 72728
0.639694, 72728
0.640793, 72728
0.641886, 72728
0.642985, 72728
0.64408, 72728
0.645183, 72728
0.646281, 72728
0.647381, 72728
0.648479, 72512
0.649577, 72512
0.65068, 72512
0.651776, 72512
0.652866, 72512
0.653958, 72512
0.655062, 72512
0.656158, 72512
0.657248, 72512
0.658338, 72512
0.65943, 72512
0.660519, 72512
0.661612, 72512
0.662713, 72512
0.663823, 72512
0.66492, 72512
0.666, 72512
0.667105, 72512
0.668195, 72512
0.669292, 72512
0.670393, 72512
0.671494, 72512
0.672591, 72512
0.673691, 72512
0.674788, 72512
0.675888, 72512
0.676992, 72512
0.678088, 72512
0.679187, 72512
0.680279, 72512
0.681376, 72512
0.682475, 72512
0.683591, 72512
0.6847, 72512
0.685801, 72512
0.686895, 72512
0.688003, 72512
0.689097, 72512
0.690188, 72512
0.691286, 72512
0.692377, 72512
0.693469, 72512
0.694561, 72512
0.695665, 72512
0.696771, 72512
0.697866, 72512
0.698955, 72512
0.700044, 72512
0.701139, 72512
0.702232, 72512
0.703327, 72512
0.704415, 72512
0.7055, 72512
0.706587, 72512
0.707678, 72728
0.708767, 72728
0.709859, 72728
0.710946, 72728
0.712035, 72728
0.713162, 72728
0.714428, 72728
0.716371, 72944
0.717659, 72944
0.718944, 72944
0.720319, 72944
0.721677, 72944
0.723076, 72944
0.724677, 73808
0.726121, 73808
0.727316, 73808
0.728463, 73808
0.72963, 73808
0.730785, 73808
0.732071, 73808
0.733343, 73592
0.734572, 73592
0.735966, 73592
0.737209, 73592
0.73849, 73592
0.739685, 73592
0.740876, 73592
0.742119, 74024
0.743649, 74024
0.74499, 74024
0.746336, 74024
0.747683, 74024
0.749004, 74024
0.750279, 74024
0.751576, 74024
0.752869, 74024
0.754109, 74024
0.755316, 74024
0.756548, 74024
0.757792, 74024
0.7591, 74240
0.760368, 74240
0.761711, 74240
0.762984, 74240
0.764227, 74240
0.765445, 74240
0.766652, 74240
0.767887, 74240
0.769143, 74240
0.77039, 74240
0.771599, 74240
0.772841, 74240
0.77408, 74240
0.775361, 74240
0.776584, 74240
0.777798, 74240
0.779058, 74240
0.780379, 74240
0.781642, 74240
0.782856, 74240
0.784098, 74240
0.785336, 74672
0.786513, 74672
0.787734, 74672
0.788953, 74672
0.790169, 74672
0.791422, 74672
0.792667, 74672
0.793987, 74672
0.79531, 74672
0.796665, 74672
0.79814, 74672
0.799384, 74672
0.800576, 74672
0.801743, 74888
0.802924, 74888
0.804042, 74888
0.805129, 74888
0.806221, 74888
0.807323, 74888
0.80841, 74888
0.809501, 74888
0.810595, 74024
0.811695, 74024
0.812788, 74024
0.813877, 74024
0.814966, 74024
0.816062, 74024
0.817163, 74024
0.818253, 74024
0.819349, 73592
0.820441, 73592
0.821534, 73592
0.82262, 73592
0.823719, 73592
0.82481, 73592
0.82592, 73592
0.827021, 73376
0.828129, 73376
0.829243, 73376
0.830349, 73376
0.831456, 73376
0.83255, 73376
0.833642, 73376
0.834736, 73376
0.835833, 73376
0.836928, 73376
0.838007, 73376
0.839113, 73376
0.840214, 73376
0.841321, 73376
0.842414, 73376
0.843518, 73376
0.844611, 73160
0.845701, 73160
0.846793, 73160
0.84789, 73160
0.848983, 73160
0.85008, 73160
0.851178, 73160
0.852267, 73160
0.853353, 73160
0.854452, 73160
0.855551, 73160
0.856647, 73160
0.857737, 73160
0.858824, 73160
0.859923, 73160
0.86102, 73160
0.862121, 73160
0.863268, 73160
0.864363, 73160
0.865443, 73160
0.866524, 73160
0.867614, 73160
0.868703, 73160
0.869789, 73376
0.870873, 73376
0.871971, 73376
0.873057, 73376
0.874147, 73376
0.875243, 73376
0.876332, 73376
0.877421, 73376
0.878514, 73808
0.879623, 73808
0.880733, 73808
0.881827, 73808
0.882924, 73808
0.884025, 73808
0.88512, 73808
0.886204, 73808
0.887296, 74240
0.888381, 74240
0.889463, 74240
0.890544, 74240
0.891637, 74240
0.892731, 74240
0.893816, 74240
0.894895, 74240
0.895979, 74672
0.897062, 74672
0.898148, 74672
0.899237, 74672
0.900323, 74672
0.901404, 74672
0.902491, 74672
0.903584, 74672
0.904671, 74888
0.905756, 74888
0.906836, 74888
0.907934, 74888
0.909022, 74888
0.910119, 74888
0.911221, 74888
0.912317, 75104
0.913403, 75104
0.914488, 75104
0.915583, 75104
0.916674, 75104
0.917766, 75104
0.918861, 75104
0.919957, 75104
0.921043, 75320
0.922126, 75320
0.92323, 75320
0.924318, 75320
0.925406, 75320
0.92651, 75320
0.927603, 75320
0.9287, 75320
0.9298, 75320
0.930914, 75320
0.932018, 75320
0.933109, 75320
0.934195, 75320
0.935282, 75320
0.936366, 75320
0.937456, 75320
0.938548, 75536
0.939651, 75536
0.940745, 75536
0.941831, 75536
0.942913, 75536
0.943999, 75536
0.945082, 75536
0.946158, 75536
0.947246, 75536
0.948329, 75536
0.949412, 75536
0.950494, 75536
0.951581, 75536
0.952659, 75536
0.953735, 75536
0.954819, 75536
0.955918, 75752
0.957, 75752
0.958079, 75752
0.959162, 75752
0.960242, 75752
0.961332, 75752
0.962425, 75752
0.963544, 75968
0.964643, 75968
0.965732, 75968
0.966817, 75968
0.967912, 75968
0.968997, 75968
0.970076, 75968
0.971168, 75968
0.972263, 76184
0.973348, 76184
0.974431, 76184
0.975522, 76184
0.976611, 76184
0.977703, 76184
0.978788, 76184
0.979885, 76184
0.980971, 76400
0.982062, 76400
0.983161, 76400
0.984248, 76400
0.985331, 76400
0.986429, 76400
0.987523, 76400
0.988611, 76400
0.989704, 76616
0.990791, 76616
0.991892, 76616
0.992984, 76616
0.994066, 76616
0.995151, 76616
0.996239, 76616
0.997334, 76616
0.998424, 76616
0.99952, 76616
1.00062, 76616
1.00172, 76616
1.00281, 76616
1.00391, 76616
1.00501, 76616
1.00609, 76616
1.00719, 76832
1.00827, 76832
1.00936, 76832
1.01044, 76832
1.01153, 76832
1.01262, 76832
1.01369, 76832
1.01477, 76832
1.01586, 76832
1.01694, 76832
1.01802, 76832
1.01911, 76832
1.02019, 76832
1.02127, 76832
1.02235, 76832
1.02343, 76832
1.02451, 76832
1.02559, 76832
1.0267, 76832
1.0278, 76832
1.02889, 76832
1.02999, 76832
1.0311, 76832
1.03221, 77048
1.03331, 77048
1.03441, 77048
1.03552, 77048
1.03662, 77048
1.0377, 77048
1.0388, 77048
1.03991, 77048
1.041, 77048
1.04209, 77048
1.04319, 77048
1.04428, 77048
1.04536, 77048
1.04645, 77048
1.04753, 77048
1.04862, 77048
1.0497, 77048
1.05078, 77048
1.05187, 77048
1.05295, 77048
1.05399, 77048
1.05507, 77048
1.05615, 77048
1.05723, 77048
1.0583, 77264
1.05939, 77264
1.06047, 77264
1.06156, 77264
1.06264, 77264
1.06374, 77264
1.06484, 77264
1.06592, 77264
1.067, 77264
1.06808, 77264
1.06916, 77264
1.07024, 77264
1.07133, 77264
1.07242, 77264
1.0735, 77264
1.07458, 77480
1.07567, 77480
1.07676, 77480
1.07784, 77480
1.07894, 77480
1.08004, 77480
1.08113, 77480
1.08221, 77480
1.0833, 77480
1.08439, 77480
1.08548, 77480
1.08657, 77480
1.08767, 77480
1.08876, 77480
1.08987, 77480
1.09096, 77480
1.09206, 77480
1.09314, 77480
1.09423, 77480
1.09533, 77480
1.09642, 77480
1.09751, 77480
1.09859, 77480
1.0997, 77480
1.1008, 77264
1.10189, 77264
1.10298, 77264
1.10408, 77264
1.10517, 77264
1.10625, 77264
1.10734, 77264
1.10843, 77264
1.10951, 77264
1.11061, 77264
1.11171, 77264
1.1128, 77264
1.11389, 77264
1.11499, 77264
1.1161, 77264
1.11719, 77264
1.11828, 77264
1.11938, 77264
1.12047, 77264
1.12156, 77264
1.12265, 77264
1.12374, 77264
1.12482, 77264
1.1259, 77264
1.12699, 77264
1.12808, 77264
1.12916, 77264
1.13024, 77264
1.13132, 77264
1.13241, 77264
1.13349, 77264
1.13458, 77480
1.13567, 77480
1.13675, 77480
1.13784, 77480
1.13892, 77480
1.14, 77480
1.14107, 77480
1.14215, 77480
1.14323, 77696
1.14431, 77696
1.14539, 77696
1.14647, 77696
1.14755, 77696
1.14862, 77696
1.1497, 77696
1.15078, 77696
1.15186, 77912
1.15293, 77912
1.15399, 77912
1.15507, 77912
1.15615, 77912
1.15722, 77912
1.1583, 77912
1.15937, 77912
1.16045, 78344
1.16152, 78344
1.1626, 78344
1.16371, 78344
1.16479, 78344
1.16587, 78344
1.16695, 78344
1.16804, 78344
1.16911, 78344
1.17019, 78344
1.17127, 78344
1.17234, 78344
1.17341, 78344
1.17449, 78344
1.17556, 78344
1.17664, 78344
1.17772, 78776
1.17879, 78776
1.17987, 78776
1.18094, 78776
1.18199, 78776
1.18307, 78776
1.18414, 78776
1.18522, 78776
1.1863, 78776
1.18739, 78776
1.18847, 78776
1.18956, 78776
1.19064, 78776
1.19175, 78776
1.19589, 79208
1.2001, 79208
1.2014, 79208
1.20253, 81152
1.20364, 81152
1.20475, 81152
1.20585, 81152
1.20694, 81152
1.20805, 81152
1.20916, 81152
1.21036, 81152
1.2125, 81152
1.21493, 81152
1.21822, 81152
1.21974, 82448
1.22114, 82448
1.22384, 82448
1.22544, 82448
1.22798, 82664
1.2313, 82664
1.23296, 82664
1.2345, 82664
1.23597, 82664
1.23747, 83096
1.23924, 83096
1.24086, 83096
1.24236, 83096
1.24364, 83096
1.24487, 83096
1.24604, 83312
1.2475, 83312
1.24891, 83312
1.25032, 83312
1.2516, 83312
1.25308, 83312
1.25444, 83528
1.25573, 83528
1.25708, 83528
1.25842, 83528
1.25975, 83528
1.26105, 83528
1.26226, 82664
1.26353, 82664
1.2649, 82664
1.26622, 82664
1.26754, 82664
1.26906, 82664
1.2705, 82016
1.27221, 82016
1.27404, 82016
1.27557, 82016
1.27721, 82016
1.27884, 82016
1.2807, 83096
1.28265, 83096
1.28451, 83096
1.28633, 83096
1.28788, 83528
1.28914, 83528
1.29032, 83528
1.29145, 83528
1.29263, 83528
1.29389, 83528
1.29522, 83528
1.29676, 82880
1.29817, 82880
1.29973, 82880
1.30164, 82880
1.30347, 82880
1.30534, 82880
1.30706, 82880
1.30891, 82880
1.31064, 82880
1.31187, 82880
1.31372, 83312
1.31562, 83312
1.31725, 83312
1.3189, 83312
1.3206, 83312
1.32247, 83528
1.32441, 83528
1.32617, 83528
1.328, 83528
1.32976, 83528
1.33111, 83744
1.33227, 83744
1.33346, 83744
1.33463, 83744
1.33612, 83744
1.33776, 83744
1.33962, 83960
1.34119, 83960
1.34252, 83960
1.34401, 83960
1.34595, 83960
1.34785, 83960
1.34967, 83960
1.35156, 83960
1.35343, 83960
1.35518, 83960
1.35641, 83744
1.3577, 83744
1.35935, 83744
1.36111, 83744
1.36289, 83744
1.36445, 83096
1.36608, 83096
1.36766, 83096
1.36899, 83096
1.37029, 83096
1.37158, 83096
1.37292, 83096
1.37424, 82448
1.37557, 82448
1.37691, 82448
1.37822, 82448
1.37953, 82448
1.38085, 82448
1.38203, 80936
1.38333, 80936
1.38463, 80936
1.3859, 80936
1.38717, 80936
1.38846, 80936
1.38982, 80936
1.39126, 80288
1.3927, 80288
1.3941, 80288
1.39551, 80288
1.39674, 80288
1.39805, 80288
1.3995, 80288
1.40092, 80288
1.40231, 80288
1.40371, 80288
1.40514, 80288
1.40658, 80288
1.40816, 80288
1.40974, 80288
1.41141, 80288
1.41302, 80288
1.41458, 80288
1.41607, 80072
1.41736, 80072
1.4186, 80072
1.42012, 80072
1.42164, 80072
1.42314, 80072
1.42447, 80072
1.42606, 80072
1.4276, 80072
1.42914, 80072
1.43064, 80072
1.43207, 80072
1.4336, 80288
1.43516, 80288
1.43672, 80288
1.43827, 80288
1.43985, 80288
1.44144, 80504
1.44296, 80504
1.44446, 80504
1.44575, 80504
1.44716, 80504
1.4487, 80504
1.45022, 80504
1.45166, 80504
1.45321, 80504
1.45477, 80504
1.45634, 80504
1.4579, 80504
1.45945, 80288
1.46099, 80288
1.46245, 80288
1.46398, 80288
1.46555, 80288
1.4671, 80504
1.46866, 80504
1.47021, 80504
1.47173, 80504
1.47312, 80504
1.47438, 80504
1.47573, 80936
1.47721, 80936
1.47866, 80936
1.48009, 80936
1.48161, 80936
1.48319, 80936
1.48473, 80720
1.48627, 80720
1.4878, 80720
1.48936, 80720
1.49085, 80720
1.49237, 80720
1.4939, 80720
1.49549, 80720
1.49706, 80720
1.49862, 80720
1.50012, 80720
1.50148, 80504
1.50273, 80504
1.50406, 80504
1.50554, 80504
1.50706, 80504
1.50852, 80504
1.51008, 80504
1.51156, 80504
1.5131, 80504
1.51459, 80504
1.51606, 80504
1.51738, 80504
1.51896, 80288
1.52049, 80288
1.52204, 80288
1.5235, 80288
1.52504, 80288
1.52647, 80288
1.52803, 80288
1.52955, 80288
1.53096, 80288
1.53249, 80288
1.53412, 80288
1.53573, 80288
1.53734, 80288
1.53892, 80288
1.54052, 80288
1.54211, 80288
1.5436, 80288
1.54509, 80288
1.54653, 80288
1.54793, 80288
1.54934, 80288
1.55072, 80288
1.55213, 80288
1.55352, 80504
1.55496, 80504
1.5566, 80504
1.55829, 80504
1.55987, 80504
1.56133, 80504
1.56273, 80504
1.56413, 80504
1.56556, 80504
1.56725, 80504
1.56885, 80504
1.5704, 80288
1.57197, 80288
1.57354, 80288
1.57504, 80288
1.57649, 80288
1.57794, 80288
1.57941, 80288
1.58083, 80288
1.58223, 80288
1.58364, 80288
1.58501, 80288
1.58637, 80288
1.58799, 80288
1.58959, 80288
1.59123, 80288
1.59276, 80288
1.59415, 80288
1.59554, 80288
1.59692, 80288
1.59844, 80288
1.60004, 80288
1.60164, 80288
1.60334, 80288
1.60494, 80288
1.60648, 80288
1.60805, 80288
1.60957, 80288
1.61097, 80288
1.61239, 80072
1.61381, 80072
1.61525, 80072
1.61665, 80072
1.61805, 80072
1.61946, 80072
1.62105, 80072
1.62264, 80072
1.62421, 80072
1.62573, 80072
1.62722, 80072
1.62862, 80072
1.63002, 80288
1.63154, 80288
1.63312, 80288
1.63466, 80288
1.63618, 80288
1.63765, 80720
1.63922, 80720
1.64064, 80720
1.64203, 80720
1.64358, 80720
1.64521, 80720
1.64681, 80936
1.64843, 80936
1.65015, 80936
1.65175, 80936
1.65335, 80936
1.65484, 80720
1.65625, 80720
1.65764, 80720
1.65903, 80720
1.66045, 80720
1.66186, 80720
1.66332, 80504
1.66469, 80504
1.66613, 80504
1.66774, 80504
1.66934, 80504
1.67089, 80504
1.67237, 80504
1.67381, 80504
1.67528, 80504
1.67671, 80504
1.67962, 80504
1.68282, 80504
1.68431, 80504
1.6858, 80504
1.68727, 80504
1.68867, 80504
1.69004, 80504
1.69141, 80504
1.69282, 80504
1.69417, 80504
1.69542, 80504
1.69657, 80504
1.69775, 80720
1.69894, 80720
1.70019, 80720
1.70134, 80720
1.70249, 80720
1.70364, 80720
1.70478, 80720
1.70592, 80720
1.70709, 80720
1.70823, 80720
1.70937, 80720
1.71052, 80720
1.71183, 80720
1.71316, 80720
1.71468, 80720
1.71626, 80720
1.71781, 80720
1.71938, 80720
1.72099, 80720
1.72241, 80720
1.72381, 80720
1.72524, 80720
1.72664, 80720
1.72806, 80720
1.72947, 80720
1.73083, 80720
1.73201, 80504
1.73319, 80504
1.73458, 80504
1.73592, 80504
1.73724, 80504
1.73854, 80504
1.73983, 80504
1.74107, 80288
1.7424, 80288
1.74375, 80288
1.74515, 80288
1.74655, 80288
1.74789, 80288
1.74948, 80288
1.75079, 80288
1.75266, 80288
1.75466, 80288
1.75655, 80288
1.75811, 81800
1.75983, 81800
1.76172, 81800
1.76335, 81800
1.7649, 81800
1.76635, 83096
1.76759, 83096
1.76889, 83096
1.77034, 83096
1.77189, 83096
1.77359, 83096
1.77497, 83744
1.77666, 83744
1.77838, 83744
1.78018, 83744
1.7821, 83744
1.78394, 83744
1.78569, 83744
1.78755, 83744
1.78939, 83744
1.79083, 83744
1.79199, 83960
1.79313, 83960
1.79424, 83960
1.79543, 83960
1.79676, 83960
1.79802, 83960
1.79929, 83960
1.80073, 83096
1.80224, 83096
1.80363, 83096
1.80505, 83096
1.80701, 83096
1.80893, 83312
1.81074, 83312
1.8124, 83312
1.81424, 83312
1.81603, 83312
1.8178, 83744
1.8198, 83744
1.8216, 83744
1.82291, 83744
1.82412, 83744
1.82535, 83960
1.82677, 83960
1.82837, 83960
1.8301, 83960
1.83175, 83960
1.83355, 83960
1.83521, 84176
1.83682, 84176
1.83828, 84176
1.84002, 84176
1.84166, 84176
1.84308, 84392
1.84496, 84392
1.84668, 84392
1.84849, 84392
1.84997, 84392
1.85174, 84392
1.85359, 84392
1.85533, 84392
1.85701, 84392
1.85859, 84392
1.86048, 84608
1.86231, 84608
1.86415, 84608
1.86606, 84608
1.86795, 84392
1.86967, 84392
1.87088, 84392
1.87211, 84392
1.87327, 84392
1.87449, 84392
1.87597, 84392
1.87739, 83744
1.87861, 83744
1.87984, 83744
1.88106, 83744
1.88233, 83744
1.88359, 83744
1.88487, 83744
1.88614, 83528
1.88741, 83528
1.88869, 83528
1.88996, 83528
1.89127, 83528
1.8927, 83528
1.89412, 83096
1.89551, 83096
1.89692, 83096
1.89827, 83096
1.89953, 83096
1.90095, 83096
1.9024, 82664
1.90381, 82664
1.90523, 82664
1.90663, 82664
1.90807, 82664
1.90966, 82664
1.91119, 81368
1.91267, 81368
1.91386, 81368
1.91528, 81368
1.91669, 81368
1.91805, 81368
1.9194, 80936
1.9207, 80936
1.92221, 80936
1.92381, 80936
1.92534, 80936
1.92685, 80936
1.92831, 80720
1.92966, 80720
1.93106, 80720
1.9326, 80720
1.93414, 80720
1.93569, 80720
1.93726, 80720
1.9388, 80720
1.94041, 80720
1.94196, 80720
1.9435, 80720
1.94488, 80720
1.94603, 80720
1.94727, 80720
1.94869, 80720
1.95008, 80720
1.95142, 80720
1.95266, 80720
1.95408, 80720
1.95563, 80720
1.95717, 80720
1.95874, 80720
1.96025, 80720
1.96152, 80720
1.96288, 80720
1.96444, 80720
1.96593, 80720
1.96733, 80720
1.96878, 80720
1.97025, 80720
1.97184, 80720
1.97331, 80720
1.97482, 80720
1.97641, 80720
1.97808, 80720
1.97965, 80504
1.98128, 80504
1.9829, 80504
1.98446, 80504
1.98604, 80504
1.98736, 80504
1.98865, 80504
1.99015, 80504
1.99164, 80504
1.99309, 80504
1.99443, 80504
1.99591, 80504
1.99739, 80504
1.99895, 80504
2.00054, 80504
2.00207, 80504
2.00359, 80504
2.00488, 80504
2.00629, 80504
2.00782, 80504
2.00936, 80504
2.01089, 80504
2.01241, 80504
2.01388, 80720
2.01549, 80720
2.01705, 80720
2.01857, 80720
2.02015, 80720
2.0217, 80720
2.02326, 80720
2.02476, 80720
2.02622, 80720
2.0275, 80720
2.02878, 80720
2.03022, 80720
2.03168, 80720
2.03311, 80720
2.03448, 80720
2.036, 80720
2.03755, 80720
2.03911, 80504
2.04065, 80504
2.04214, 80504
2.0437, 80504
2.04526, 80504
2.0468, 80504
2.04838, 80504
2.05003, 80504
2.05166, 80504
2.05323, 80504
2.05468, 80504
2.05598, 80720
2.05725, 80720
2.05875, 80720
2.06046, 80720
2.06196, 80720
2.06332, 80720
2.06482, 80936
2.0663, 80936
2.06782, 80936
2.0693, 80936
2.07075, 80936
2.07227, 80936
2.07376, 80720
2.0753, 80720
2.0769, 80720
2.07847, 80720
2.08007, 80720
2.08163, 80720
2.0832, 80720
2.0845, 80720
2.08578, 80720
2.08735, 80720
2.08885, 80720
2.0903, 80720
2.0917, 80720
2.09324, 80720
2.09483, 80720
2.09639, 80720
2.09791, 80720
2.09933, 80720
2.1009, 80720
2.10238, 80720
2.10385, 80720
2.10537, 80720
2.10687, 80720
2.10842, 80720
2.10996, 80720
2.11146, 80720
2.11274, 80720
2.11414, 80720
2.11559, 80720
2.11673, 80720
2.11782, 80720
2.11894, 80720
2.12005, 80720
2.12115, 80720
2.12224, 80720
2.12334, 80720
2.12443, 80936
2.12552, 80936
2.12662, 80936
2.12772, 80936
2.12884, 80936
2.12993, 80936
2.13102, 80936
2.13212, 80936
2.13323, 80936
2.13433, 80936
2.13544, 80936
2.13653, 80936
2.13763, 80936
2.13873, 80936
2.13983, 80936
2.14092, 80936
2.142, 80936
2.1431, 80936
2.14419, 80936
2.14528, 80936
2.14637, 80936
2.14745, 80936
2.14853, 80936
2.14962, 80936
2.1507, 80936
2.15181, 80936
2.1529, 80936
2.15402, 80936
2.15512, 80936
2.15621, 80936
2.15729, 80936
2.15837, 81152
2.15946, 81152
2.16056, 81152
2.16165, 81152
2.16273, 81152
2.16383, 81152
2.16493, 81152
2.16601, 81152
2.16712, 81152
2.16821, 81152
2.16931, 81152
2.1704, 81152
2.17149, 81152
2.17258, 81152
2.17367, 81152
2.17476, 81152
2.17585, 81152
2.17694, 81152
2.178, 81152
2.17909, 81152
2.18018, 81152
2.18126, 81152
2.18234, 81152
2.18343, 81152
2.18451, 81152
2.18561, 81152
2.18669, 81152
2.18778, 81152
2.18886, 81152
2.18995, 81152
2.19106, 81152
2.19216, 81152
2.19325, 81152
2.19434, 81152
2.19543, 81152
2.19653, 81152
2.19762, 81152
2.1987, 81152
2.1998, 81152
2.20089, 81152
2.202, 81152
2.20309, 81152
2.20419, 81152
2.20528, 81152
2.20637, 81152
2.20746, 81152
2.20857, 81152
2.20968, 81152
2.21078, 81152
2.2119, 81152
2.21301, 81152
2.21412, 81152
2.21523, 81152
2.21633, 81152
2.21742, 81152
2.21851, 81152
2.21961, 81152
2.2207, 81152
2.22178, 81152
2.22287, 81152
2.22396, 81152
2.22505, 81152
2.22613, 81152
2.22722, 81152
2.22831, 81152
2.2294, 81152
2.23049, 81152
2.23157, 81152
2.23266, 81152
2.23374, 81152
2.23482, 81152
2.23591, 81152
2.23701, 81152
2.2381, 81152
2.23919, 81152
2.24028, 81152
2.24138, 81152
2.24247, 81152
2.24356, 81152
2.24466, 81152
2.24576, 81152
2.24687, 81152
2.24797, 81152
2.24907, 81152
2.25016, 81152
2.25127, 81152
2.25237, 81152
2.25346, 81152
2.25456, 81152
2.25566, 81152
2.25676, 81152
2.25787, 81152
2.25903, 81152
2.2603, 81152
2.26149, 81152
2.26265, 81152
2.26383, 81152
2.26498, 81152
2.26611, 81152
2.26725, 81152
2.26842, 81152
2.26965, 82664
2.27087, 82664
2.27214, 82664
2.27329, 82664
2.27445, 82664
2.27566, 82664
2.28046, 83960
2.28177, 83960
2.28309, 83960
2.28441, 83960
2.28578, 83960
2.28715, 85904
2.28852, 85904
2.28983, 85904
2.29118, 85904
2.29247, 85904
2.29377, 85904
2.29506, 84392
2.29634, 84392
2.29761, 84392
2.29876, 84392
2.29996, 84392
2.30115, 84392
2.30231, 84392
2.30345, 84392
2.3046, 84392
2.30574, 84392
2.30688, 84392
2.30803, 84392
2.30917, 84392
2.31031, 84392
2.31152, 84392
2.31275, 86768
2.31405, 86768
2.31541, 86768
2.31685, 86768
2.31834, 86768
2.31973, 86768
2.3211, 86552
2.3225, 86552
2.32392, 86552
2.32533, 86552
2.32671, 86552
2.32811, 86552
2.32927, 87416
2.33044, 87416
2.33174, 87416
2.333, 87416
2.33426, 87416
2.33547, 87416
2.3367, 87416
2.33794, 87848
2.33927, 87848
2.34053, 87848
2.34177, 87848
2.34297, 87848
2.34424, 87848
2.34555, 87848
2.347, 88280
2.34843, 88280
2.34976, 88280
2.3511, 88280
2.3524, 88280
2.35366, 88280
2.35502, 88496
2.35639, 88496
2.35772, 88496
2.35913, 88496
2.36045, 88496
2.36176, 88496
2.36307, 88280
2.36439, 88280
2.36571, 88280
2.367, 88280
2.36827, 88280
2.36945, 88280
2.37084, 88280
2.3723, 87416
2.37363, 87416
2.37492, 87416
2.37616, 87416
2.37741, 87416
2.3787, 87416
2.38005, 87200
2.38139, 87200
2.38265, 87200
2.38381, 87200
2.38499, 87200
2.38612, 87200
2.38732, 87200
2.38853, 87416
2.38972, 87416
2.39089, 87416
2.39209, 87416
2.39329, 87416
2.3945, 87416
2.39571, 87416
2.39687, 87416
2.398, 87632
2.39916, 87632
2.40029, 87632
2.40151, 87632
2.40265, 87632
2.40379, 87632
2.40493, 87632
2.40609, 88496
2.40728, 88496
2.40843, 88496
2.40956, 88496
2.41067, 88496
2.41178, 88496
2.41292, 88496
2.41423, 89144
2.41551, 89144
2.41671, 89144
2.41792, 89144
2.41915, 89144
2.4203, 89144
2.42151, 89144
2.42282, 88064
2.42409, 88064
2.42526, 88064
2.42651, 88064
2.42768, 88064
2.42884, 88064
2.43, 88064
2.43111, 88064
2.43224, 87632
2.43353, 87632
2.43479, 87632
2.43601, 87632
2.43724, 87632
2.43842, 87632
2.43958, 87632
2.4408, 87416
2.44205, 87416
2.44328, 87416
2.44453, 87416
2.44578, 87416
2.44696, 87416
2.44813, 87416
2.44927, 87632
2.45038, 87632
2.45164, 87632
2.45293, 87632
2.45419, 87632
2.45542, 87632
2.45661, 87632
2.45779, 87416
2.45902, 87416
2.46023, 87416
2.46144, 87416
2.46263, 87416
2.46379, 87416
2.46509, 87416
2.46637, 87632
2.46761, 87632
2.46898, 87632
2.4704, 87632
2.4719, 87632
2.47331, 87632
2.47471, 87200
2.47604, 87200
2.47735, 87200
2.4786, 87200
2.47983, 87200
2.48106, 87200
2.48221, 87200
2.4834, 87200
2.4847, 87200
2.48595, 87200
2.48728, 87200
2.48859, 87200
2.48988, 87200
2.49121, 87200
2.49242, 87200
2.49364, 87200
2.49484, 87200
2.49611, 87200
2.49744, 87200
2.4987, 87200
2.49999, 86552
2.5013, 86552
2.50259, 86552
2.50403, 86552
2.5055, 86552
2.50689, 86552
2.50831, 87416
2.50965, 87416
2.51095, 87416
2.51222, 87416
2.51346, 87416
2.5147, 87416
2.5159, 87416
2.51721, 86768
2.51851, 86768
2.51979, 86768
2.52107, 86768
2.52226, 86768
2.52373, 86768
2.52514, 86984
2.52645, 86984
2.52788, 86984
2.52921, 86984
2.53047, 86984
2.53172, 86984
2.53296, 86984
2.53412, 87416
2.53546, 87416
2.53679, 87416
2.53804, 87416
2.53935, 87416
2.54056, 87416
2.54204, 87632
2.54344, 87632
2.54486, 87632
2.54626, 87632
2.54757, 87632
2.54882, 87632
2.55003, 87632
2.55129, 88064
2.5525, 88064
2.55373, 88064
2.55514, 88064
2.55644, 88064
2.55773, 88064
2.55896, 88064
2.5602, 87416
2.56171, 87416
2.5632, 87416
2.56466, 87416
2.56612, 87416
2.56743, 87416
2.56876, 86984
2.57004, 86984
2.57132, 86984
2.57253, 86984
2.57373, 86984
2.57511, 86984
2.57642, 86984
2.57769, 86984
2.57894, 86984
2.58016, 86984
2.58139, 86984
2.58272, 86984
2.58408, 86984
2.58533, 87848
2.58668, 87848
2.588, 87848
2.58936, 87848
2.59064, 87848
2.59216, 87848
2.59359, 87848
2.59499, 87848
2.59646, 87848
2.59788, 87848
2.59948, 87848
2.60089, 87848
2.60217, 86984
2.60345, 86984
2.6048, 86984
2.60612, 86984
2.60744, 86984
2.60872, 86984
2.60994, 86984
2.61129, 85904
2.61263, 85904
2.61397, 85904
2.61535, 85904
2.61659, 85904
2.6178, 85904
2.61901, 86336
2.6202, 86336
2.62139, 86336
2.62257, 86336
2.62378, 86336
2.62503, 86336
2.62627, 86336
2.6275, 85472
2.62872, 85472
2.62994, 85472
2.63134, 85472
2.63267, 85472
2.63408, 85472
2.63539, 85472
2.63677, 85904
2.63803, 85904
2.63935, 85904
2.64061, 85904
2.64187, 85904
2.64314, 85904
2.64435, 85904
2.64562, 86552
2.64688, 86552
2.64814, 86552
2.64939, 86552
2.65058, 86552
2.65181, 86552
2.65316, 87200
2.65449, 87200
2.65585, 87200
2.65719, 87200
2.65845, 87200
2.65971, 87200
2.66098, 87200
2.66222, 87632
2.66342, 87632
2.66461, 87632
2.66581, 87632
2.66719, 87632
2.66849, 87632
2.66982, 87632
2.67117, 88064
2.67244, 88064
2.67367, 88064
2.67487, 88064
2.6761, 88064
2.6773, 88064
2.67852, 88064
2.67974, 88064
2.68085, 88064
2.68197, 88064
2.68311, 88064
2.68422, 88064
2.68536, 88064
2.68658, 88064
2.68784, 88496
2.68906, 88496
2.69026, 88496
2.69143, 88496
2.69266, 88496
2.69393, 88496
2.69527, 88496
2.69652, 89360
2.6978, 89360
2.69908, 89360
2.70044, 89360
2.70175, 89360
2.70302, 89360
2.70423, 89360
2.70541, 88280
2.7066, 88280
2.70775, 88280
2.70892, 88280
2.71024, 88280
2.71155, 88280
2.71275, 88280
2.71397, 86984
2.71526, 86984
2.71638, 86984
2.71749, 86984
2.71868, 86984
2.71996, 86984
2.72125, 86984
2.72248, 87416
2.72379, 87416
2.72503, 87416
2.72624, 87416
2.7275, 87416
2.72861, 87416
2.72972, 87416
2.73092, 86984
2.73218, 86984
2.7334, 86984
2.73462, 86984
2.73578, 86984
2.737, 86984
2.73818, 86984
2.73933, 86768
2.74046, 86768
2.74159, 86768
2.74271, 86768
2.74389, 86768
2.74511, 86768
2.74643, 86768
2.74771, 86552
2.74896, 86552
2.75012, 86552
2.75129, 86552
2.75247, 86552
2.75364, 86552
2.75485, 86552
2.75604, 87632
2.7572, 87632
2.75833, 87632
2.75949, 87632
2.76067, 87632
2.76185, 87632
2.76304, 87632
2.76423, 88280
2.76543, 88280
2.76662, 88280
2.7678, 88280
2.76901, 88280
2.77017, 88280
2.77134, 88280
2.77249, 88280
2.77364, 87848
2.77481, 87848
2.77605, 87848
2.77729, 87848
2.77847, 87848
2.77967, 87848
2.78083, 87848
2.782, 87416
2.78318, 87416
2.7843, 87416
2.78542, 87416
2.78672, 87416
2.78801, 87416
2.78924, 87416
2.79046, 87632
2.79171, 87632
2.79287, 87632
2.79408, 87632
2.79536, 87632
2.79661, 87632
2.79781, 87632
2.79914, 87200
2.80032, 87200
2.80145, 87200
2.80256, 87200
2.80367, 87200
2.80476, 87200
2.80591, 87200
2.80729, 87632
2.80849, 87632
2.80965, 87632
2.81081, 87632
2.81196, 87632
2.81308, 87632
2.81419, 87632
2.8154, 87632
2.8166, 87632
2.81778, 87632
2.81897, 87632
2.82018, 87632
2.82133, 87632
2.82248, 87632
2.82364, 87632
2.82476, 87632
2.82586, 87632
2.8271, 87632
2.8284, 87632
2.82964, 87632
2.83082, 87632
2.83196, 87632
2.83307, 88064
2.83416, 88064
2.83527, 88064
2.83649, 88064
2.83763, 88064
2.83874, 88064
2.83989, 88064
2.84103, 88496
2.84222, 88496
2.84344, 88496
2.84459, 88496
2.84572, 88496
2.84716, 88496
2.84856, 88496
2.85002, 88280
2.85142, 88280
2.85276, 88280
2.85406, 88280
2.85531, 88280
2.85656, 88280
2.85783, 88280
2.85897, 87416
2.86025, 87416
2.8615, 87416
2.86273, 87416
2.864, 87416
2.86525, 87416
2.86649, 87848
2.86778, 87848
2.86893, 87848
2.87007, 87848
2.87138, 87848
2.87267, 87848
2.87385, 87848
2.87501, 88496
2.87617, 88496
2.87729, 88496
2.87843, 88496
2.88, 88496
2.88145, 88496
2.88279, 88496
2.88419, 88712
2.88549, 88712
2.88666, 88712
2.88784, 88712
2.88906, 88712
2.89022, 88712
2.89139, 88712
2.89278, 88496
2.89398, 88496
2.89521, 88496
2.89645, 88496
2.8976, 88496
2.89873, 88496
2.9001, 88496
2.90145, 88064
2.90268, 88064
2.90395, 88064
2.90516, 88064
2.90641, 88064
2.9076, 88064
2.9088, 88064
2.91002, 87848
2.91122, 87848
2.91255, 87848
2.91381, 87848
2.91513, 87848
2.91634, 87848
2.91748, 87848
2.91869, 88280
2.92014, 88280
2.92153, 88280
2.92303, 88280
2.9244, 88280
2.9257, 88280
2.92688, 88712
2.92804, 88712
2.92921, 88712
2.93035, 88712
2.93155, 88712
2.9329, 88712
2.93415, 88712
2.93538, 88712
2.93666, 88712
2.93784, 88712
2.939, 88712
2.9404, 88712
2.9418, 88712
2.94324, 88064
2.94465, 88064
2.94602, 88064
2.94731, 88064
2.94852, 88064
2.9497, 88064
2.95087, 88064
2.95205, 88280
2.95337, 88280
2.95458, 88280
2.95581, 88280
2.95704, 88280
2.95819, 88280
2.95951, 88280
2.96087, 89144
2.96218, 89144
2.96339, 89144
2.96471, 89144
2.96605, 89144
2.96741, 89144
2.96871, 89144
2.96993, 88064
2.97148, 88064
2.97289, 88064
2.97429, 88064
2.97572, 88064
2.97707, 88064
2.97841, 87416
2.97966, 87416
2.98091, 87416
2.98218, 87416
2.98345, 87416
2.9847, 87416
2.98594, 86768
2.98716, 86768
2.98837, 86768
2.98962, 86768
2.99094, 86768
2.99221, 86768
2.99346, 86768
2.99476, 86552
2.99603, 86552
2.99727, 86552
2.99845, 86552
2.99967, 86552
3.00088, 86552
3.00208, 86552
3.0033, 86552
3.00458, 86552
3.00585, 86552
3.00716, 86552
3.0084, 86552
3.0096, 86552
3.01083, 86552
3.0123, 86552
3.01362, 86552
3.01496, 86552
3.01624, 86552
3.01758, 86552
3.01887, 86552
3.02015, 86552
3.02142, 86552
3.02266, 86552
3.02387, 86552
3.02504, 86552
3.02624, 86552
3.02752, 86552
3.02877, 86768
3.03002, 86768
3.03126, 86768
3.03243, 86768
3.03375, 86768
3.03514, 86768
3.03651, 86768
3.03783, 87200
3.03915, 87200
3.04038, 87200
3.04163, 87200
3.04289, 87200
3.04413, 87200
3.04536, 87200
3.04655, 87416
3.04774, 87416
3.04893, 87416
3.05025, 87416
3.05151, 87416
3.05277, 87416
3.05404, 87416
3.0553, 87632
3.05652, 87632
3.05771, 87632
3.0589, 87632
3.06009, 87632
3.06127, 87632
3.06246, 87632
3.06372, 88064
3.06483, 88064
3.06593, 88064
3.06707, 88064
3.06821, 88064
3.06932, 88064
3.07044, 88064
3.07171, 88064
3.073, 88064
3.07428, 88064
3.07558, 88064
3.0768, 88064
3.07802, 88064
3.07928, 88064
3.08061, 87848
3.08195, 87848
3.08329, 87848
3.08459, 87848
3.08578, 87848
3.08711, 87848
3.08836, 87632
3.08959, 87632
3.09076, 87632
3.09191, 87632
3.09305, 87632
3.09415, 87632
3.09524, 87632
3.09638, 87632
3.0977, 87848
3.09899, 87848
3.10023, 87848
3.10144, 87848
3.10261, 87848
3.10377, 87848
3.10492, 87848
3.10621, 87416
3.10763, 87416
3.10896, 87416
3.11025, 87416
3.1115, 87416
3.11273, 87416
3.11393, 87848
3.11514, 87848
3.11628, 87848
3.11747, 87848
3.11871, 87848
3.11995, 87848
3.1212, 87848
3.12236, 87632
3.12362, 87632
3.12485, 87632
3.12602, 87632
3.12719, 87632
3.12838, 87632
3.12952, 87632
3.13062, 87632
3.13177, 87416
3.13307, 87416
3.13447, 87416
3.13584, 87416
3.13725, 87416
3.13859, 87416
3.13985, 86984
3.14109, 86984
3.14233, 86984
3.14348, 86984
3.14468, 86984
3.14594, 86984
3.14721, 86984
3.1484, 86984
3.14956, 86984
3.15074, 86984
3.1519, 86984
3.15313, 86984
3.15437, 86984
3.15556, 86984
3.15672, 87632
3.15795, 87632
3.15922, 87632
3.16043, 87632
3.16167, 87632
3.16282, 87632
3.16397, 87632
3.16513, 88928
3.16621, 88928
3.1673, 88928
3.16852, 88928
3.16982, 88928
3.17098, 88928
3.17216, 88928
3.17333, 88928
3.17449, 89144
3.17574, 89144
3.17686, 89144
3.178, 89144
3.17922, 89144
3.1805, 89144
3.18178, 89144
3.183, 88064
3.18419, 88064
3.18534, 88064
3.18646, 88064
3.18763, 88064
3.18891, 88064
3.19013, 88064
3.19133, 87848
3.19254, 87848
3.19371, 87848
3.19485, 87848
3.19596, 87848
3.19706, 87848
3.19815, 87848
3.19927, 87416
3.2006, 87416
3.20205, 87416
3.2034, 87416
3.20469, 87416
3.20596, 87416
3.20727, 87416
3.20843, 87200
3.20968, 87200
3.21108, 87200
3.21239, 87200
3.21367, 87200
3.21491, 87200
3.21614, 87200
3.21731, 87416
3.21846, 87416
3.2196, 87416
3.22069, 87416
3.2218, 87416
3.22311, 87416
3.22441, 87416
3.22564, 86984
3.22686, 86984
3.22813, 86984
3.2293, 86984
3.23043, 86984
3.23169, 86984
3.23289, 86984
3.23408, 87416
3.23528, 87416
3.23645, 87416
3.23767, 87416
3.23891, 87416
3.24012, 87416
3.24135, 87416
3.24267, 86984
3.24396, 86984
3.24529, 86984
3.24653, 86984
3.24778, 86984
3.24896, 86984
3.25011, 86984
3.25129, 87632
3.25243, 87632
3.25362, 87632
3.25484, 87632
3.25601, 87632
3.25724, 87632
3.25845, 87632
3.25972, 88064
3.26093, 88064
3.26208, 88064
3.26322, 88064
3.26434, 88064
3.26547, 88064
3.26666, 88064
3.26795, 88280
3.26914, 88280
3.27031, 88280
3.27151, 88280
3.27265, 88280
3.27379, 88280
3.27521, 88280
3.27647, 88280
3.27778, 88280
3.27903, 88280
3.28028, 88280
3.28151, 88280
3.28271, 88280
3.28393, 88280
3.28509, 88280
3.28624, 88280
3.28752, 88280
3.28874, 88280
3.28994, 88280
3.2912, 88280
3.29238, 88280
3.29356, 88280
3.29516, 88280
3.29662, 88280
3.29803, 88280
3.29947, 88280
3.30078, 88280
3.30207, 88064
3.30335, 88064
3.30458, 88064
3.30581, 88064
3.30703, 88064
3.30821, 88064
3.3095, 88064
3.31081, 87200
3.3121, 87200
3.31334, 87200
3.31465, 87200
3.31584, 87200
3.31703, 87200
3.31848, 87200
3.31997, 87416
3.32138, 87416
3.3228, 87416
3.32412, 87416
3.32534, 87416
3.32656, 87416
3.3278, 86984
3.32896, 86984
3.33014, 86984
3.33151, 86984
3.33278, 86984
3.33401, 86984
3.33521, 86984
3.33639, 86768
3.33757, 86768
3.33891, 86768
3.34026, 86768
3.34151, 86768
3.34276, 86768
3.34397, 86768
3.34521, 86552
3.34644, 86552
3.34764, 86552
3.34882, 86552
3.34997, 86552
3.35125, 86552
3.35259, 86552
3.35383, 86768
3.35515, 86768
3.35641, 86768
3.35758, 86768
3.35877, 86768
3.36009, 86768
3.3614, 86768
3.36266, 86768
3.36393, 86768
3.36523, 86768
3.36652, 86768
3.36787, 86768
3.36917, 86768
3.37037, 85904
3.37183, 85904
3.3732, 85904
3.37448, 85904
3.37578, 85904
3.37714, 85904
3.37838, 86120
3.37965, 86120
3.38093, 86120
3.38216, 86120
3.38341, 86120
3.38463, 86120
3.38579, 86120
3.38699, 86768
3.38827, 86768
3.38954, 86768
3.39077, 86768
3.39205, 86768
3.39334, 86768
3.39463, 86768
3.39588, 87848
3.3971, 87848
3.39832, 87848
3.39956, 87848
3.40078, 87848
3.40211, 87848
3.40349, 87848
3.40484, 88064
3.40613, 88064
3.4074, 88064
3.40863, 88064
3.41007, 88064
3.41148, 88064
3.41291, 88064
3.41434, 88064
3.41573, 88064
3.41724, 88064
3.41859, 88064
3.41999, 88064
3.42129, 86768
3.42262, 86768
3.42397, 86768
3.42533, 86768
3.4266, 86768
3.42783, 86768
3.42922, 86768
3.43049, 86768
3.43186, 86768
3.43319, 86768
3.4345, 86768
3.43578, 86768
3.43696, 86768
3.43816, 87632
3.43962, 87632
3.44104, 87632
3.44246, 87632
3.44393, 87632
3.44533, 87632
3.44678, 86768
3.44817, 86768
3.4495, 86768
3.45079, 86768
3.4521, 86768
3.45346, 86768
3.45477, 86768
3.45607, 85688
3.45735, 85688
3.45854, 85688
3.45983, 85688
3.46125, 85688
3.46249, 85688
3.4638, 85472
3.46509, 85472
3.46635, 85472
3.4676, 85472
3.46879, 85472
3.47003, 85472
3.47121, 85472
3.47239, 86120
3.47359, 86120
3.47485, 86120
3.47603, 86120
3.47714, 86120
3.47826, 86120
3.47938, 86120
3.48051, 86120
3.48164, 86120
3.48281, 86120
3.48416, 86120
3.48545, 86120
3.48672, 86120
3.48799, 86120
3.48921, 86120
3.49044, 86120
3.4917, 86120
3.49305, 86120
3.4943, 86120
3.49559, 86120
3.49694, 86120
3.49829, 86552
3.4996, 86552
3.5009, 86552
3.50211, 86552
3.50335, 86552
3.50459, 86552
3.50574, 86552
3.50687, 86336
3.50809, 86336
3.50939, 86336
3.51067, 86336
3.51188, 86336
3.51308, 86336
3.51428, 86336
3.51543, 86120
3.51657, 86120
3.51791, 86120
3.51932, 86120
3.52057, 86120
3.52186, 86120
3.52317, 86120
3.5244, 86120
3.52559, 86120
3.52677, 86120
3.52793, 86120
3.52916, 86120
3.53039, 86120
3.53163, 86120
3.53285, 86336
3.53403, 86336
3.5353, 86336
3.53653, 86336
3.53773, 86336
3.5389, 86336
3.54011, 86336
3.54122, 86336
3.54233, 86336
3.54352, 86336
3.54488, 86336
3.54626, 86336
3.54764, 86336
3.54904, 86120
3.55032, 86120
3.55156, 86120
3.55289, 86120
3.55401, 86120
3.55513, 86120
3.55631, 86120
3.55759, 86552
3.55881, 86552
3.56002, 86552
3.56117, 86552
3.56237, 86552
3.56358, 86552
3.56483, 86552
3.56602, 86552
3.56728, 87416
3.56854, 87416
3.5697, 87416
3.57094, 87416
3.57218, 87416
3.57342, 87416
3.5747, 87200
3.57602, 87200
3.57727, 87200
3.5785, 87200
3.57977, 87200
3.58094, 87200
3.58225, 87200
3.58355, 87632
3.58479, 87632
3.58606, 87632
3.58731, 87632
3.58854, 87632
3.58974, 87632
3.5909, 87632
3.59204, 88064
3.59315, 88064
3.59445, 88064
3.59577, 88064
3.59704, 88064
3.59824, 88064
3.59945, 88064
3.60059, 87848
3.60173, 87848
3.60303, 87848
3.60427, 87848
3.60549, 87848
3.60671, 87848
3.60793, 87848
3.6091, 88496
3.61025, 88496
3.6114, 88496
3.61253, 88496
3.61365, 88496
3.61492, 88496
3.61627, 88496
3.61761, 88280
3.61888, 88280
3.62013, 88280
3.62136, 88280
3.62251, 88280
3.62365, 88280
3.62491, 88280
3.62622, 87200
3.62753, 87200
3.62878, 87200
3.63006, 87200
3.63132, 87200
3.63256, 87200
3.63374, 87200
3.63489, 86984
3.636, 86984
3.63713, 86984
3.63836, 86984
3.63965, 86984
3.64092, 86984
3.64214, 86984
3.64336, 87416
3.64457, 87416
3.64575, 87416
3.64702, 87416
3.64822, 87416
3.64939, 87416
3.65054, 87416
3.65173, 87848
3.65291, 87848
3.6541, 87848
3.65532, 87848
3.65652, 87848
3.65775, 87848
3.65894, 87848
3.66015, 87416
3.66132, 87416
3.66246, 87416
3.66361, 87416
3.66473, 87416
3.66587, 87416
3.66709, 87416
3.66825, 87416
3.66942, 87848
3.67058, 87848
3.67174, 87848
3.67289, 87848
3.67408, 87848
3.6752, 87848
3.67632, 87848
3.67744, 88280
3.67857, 88280
3.67974, 88280
3.68097, 88280
3.68214, 88280
3.68332, 88280
3.68451, 88280
3.68563, 88280
3.68676, 88280
3.68802, 88280
3.68926, 88280
3.69047, 88280
3.69169, 88280
3.69286, 88280
3.69406, 88280
3.69522, 88280
3.69641, 88280
3.69757, 88280
3.6987, 88280
3.69984, 88280
3.70108, 88280
3.70229, 88280
3.70345, 88064
3.70461, 88064
3.70578, 88064
3.70692, 88064
3.70808, 88064
3.70926, 88064
3.71057, 88064
3.71191, 87200
3.71317, 87200
3.71441, 87200
3.71563, 87200
3.71689, 87200
3.71808, 87200
3.71928, 87200
3.72046, 86768
3.72164, 86768
3.72276, 86768
3.7239, 86768
3.72512, 86768
3.72628, 86768
3.72746, 86768
3.72865, 86552
3.73004, 86552
3.73123, 86552
3.73249, 86552
3.73371, 86552
3.7349, 86552
3.7361, 86552
3.73731, 87416
3.73849, 87416
3.73965, 87416
3.74079, 87416
3.74195, 87416
3.74313, 87416
3.74429, 87416
3.7456, 87200
3.74682, 87200
3.74802, 87200
3.74923, 87200
3.75043, 87200
3.75158, 87200
3.75273, 87200
3.75406, 86768
3.75539, 86768
3.75667, 86768
3.75793, 86768
3.75923, 86768
3.76044, 86768
3.76163, 86768
3.76283, 86984
3.76402, 86984
3.7652, 86984
3.76648, 86984
3.76774, 86984
3.76896, 86984
3.77016, 86984
3.77136, 86984
3.77252, 86984
3.77372, 86984
3.77499, 86984
3.77624, 86984
3.77745, 86984
3.77862, 86984
3.77986, 86984
3.78109, 86984
3.78244, 86984
3.78379, 86984
3.78502, 86984
3.7863, 86984
3.78771, 86984
3.78913, 86552
3.79048, 86552
3.79196, 86552
3.79337, 86552
3.79482, 86552
3.79616, 86552
3.79749, 86336
3.79874, 86336
3.80008, 86336
3.80144, 86336
3.80276, 86336
3.80404, 86336
3.80525, 86120
3.80642, 86120
3.80768, 86120
3.80903, 86120
3.81036, 86120
3.81169, 86120
3.81294, 86120
3.81418, 86336
3.81543, 86336
3.81667, 86336
3.81789, 86336
3.81909, 86336
3.82028, 86336
3.82144, 86336
3.8226, 86552
3.82379, 86552
3.82505, 86552
3.8263, 86552
3.82768, 86552
3.82896, 86552
3.83034, 86552
3.83163, 86336
3.83306, 86336
3.83447, 86336
3.83594, 86336
3.83732, 86336
3.83857, 86336
3.84002, 86120
3.84145, 86120
3.84288, 86120
3.84431, 86120
3.8456, 86120
3.84705, 86120
3.84841, 86336
3.84973, 86336
3.85098, 86336
3.85222, 86336
3.85346, 86336
3.85481, 86336
3.85617, 86336
3.85751, 87200
3.85884, 87200
3.8601, 87200
3.86135, 87200
3.86274, 87200
3.86425, 87200
3.86576, 87200
3.86722, 87200
3.86868, 87200
3.87021, 87200
3.87159, 87200
3.87293, 87200
3.87425, 86552
3.8756, 86552
3.87695, 86552
3.87823, 86552
3.87944, 86552
3.88066, 86552
3.88196, 86768
3.88345, 86768
3.88484, 86768
3.88621, 86768
3.88754, 86768
3.88884, 86768
3.89008, 86768
3.89126, 86336
3.89248, 86336
3.89368, 86336
3.89487, 86336
3.89607, 86336
3.8973, 86336
3.89851, 86336
3.89966, 86552
3.90078, 86552
3.9019, 86552
3.90301, 86552
3.90416, 86552
3.90536, 86552
3.90666, 86552
3.90798, 85688
3.90928, 85688
3.91057, 85688
3.91178, 85688
3.91296, 85688
3.91419, 85688
3.91546, 85688
3.91675, 86336
3.91804, 86336
3.91934, 86336
3.92061, 86336
3.92196, 86336
3.92337, 86336
3.92469, 86120
3.92592, 86120
3.9272, 86120
3.92846, 86120
3.9296, 86120
3.93073, 86120
3.93204, 86120
3.93341, 86336
3.93465, 86336
3.93587, 86336
3.93707, 86336
3.93827, 86336
3.93947, 86336
3.94085, 86336
3.94224, 86768
3.94352, 86768
3.94484, 86768
3.94607, 86768
3.94727, 86768
3.94847, 86768
3.94965, 86768
3.95077, 86552
3.95193, 86552
3.95319, 86552
3.9544, 86552
3.95565, 86552
3.9569, 86552
3.95815, 86552
3.9594, 86336
3.96062, 86336
3.96182, 86336
3.96304, 86336
3.96427, 86336
3.96553, 86336
3.96687, 86336
3.96832, 86768
3.96967, 86768
3.97108, 86768
3.9725, 86768
3.97378, 86768
3.97503, 86768
3.97636, 86552
3.97754, 86552
3.97867, 86552
3.97983, 86552
3.98115, 86552
3.98239, 86552
3.98362, 86552
3.98478, 86984
3.98596, 86984
3.98715, 86984
3.98837, 86984
3.98957, 86984
3.99082, 86984
3.99203, 86984
3.99316, 86336
3.99438, 86336
3.99563, 86336
3.99686, 86336
3.99803, 86336
3.99934, 86336
4.00049, 86336
4.00163, 86552
4.00278, 86552
4.00388, 86552
4.00497, 86552
4.00608, 86552
4.00735, 86552
4.00862, 86552
4.00983, 86552
4.01104, 86120
4.0123, 86120
4.01357, 86120
4.01482, 86120
4.01599, 86120
4.01714, 86120
4.01829, 86984
4.01971, 86984
4.02098, 86984
4.02221, 86984
4.02342, 86984
4.02461, 86984
4.02579, 86984
4.02693, 86984
4.0281, 87200
4.02938, 87200
4.03062, 87200
4.03183, 87200
4.03309, 87200
4.03431, 87200
4.0355, 87416
4.03668, 87416
4.03784, 87416
4.03918, 87416
4.04049, 87416
4.04187, 87416
4.04322, 87416
4.04445, 86552
4.04572, 86552
4.04698, 86552
4.04813, 86552
4.04929, 86552
4.05054, 86552
4.05188, 86552
4.05318, 86120
4.0544, 86120
4.05571, 86120
4.05696, 86120
4.05817, 86120
4.05936, 86120
4.06053, 86120
4.06164, 86120
4.06277, 86120
4.0641, 86120
4.06546, 86120
4.06671, 86120
4.06796, 86120
4.06915, 86120
4.07032, 85904
4.07146, 85904
4.07261, 85904
4.07387, 85904
4.07509, 85904
4.07627, 85904
4.07748, 85904
4.07863, 85904
4.07987, 85904
4.08116, 85904
4.08238, 85904
4.08356, 85904
4.08494, 85904
4.08631, 85904
4.08768, 86552
4.08912, 86552
4.0904, 86552
4.09175, 86552
4.09299, 86552
4.09421, 86552
4.09544, 86120
4.09664, 86120
4.09791, 86120
4.09922, 86120
4.10042, 86120
4.10162, 86120
4.10281, 86120
4.10402, 86120
4.10526, 86120
4.10641, 86120
4.10756, 86120
4.1087, 86120
4.10984, 86120
4.11103, 86120
4.11228, 85904
4.11356, 85904
4.11476, 85904
4.11597, 85904
4.11712, 85904
4.11836, 85904
4.11965, 85904
4.12103, 86984
4.12249, 86984
4.12387, 86984
4.12521, 86984
4.12646, 86984
4.12768, 86984
4.12896, 86984
4.13014, 86552
4.13135, 86552
4.1327, 86552
4.13405, 86552
4.13531, 86552
4.13653, 86552
4.13769, 86552
4.13883, 86552
4.14019, 86552
4.14149, 86552
4.14275, 86552
4.14403, 86552
4.14528, 86552
4.14649, 86984
4.14772, 86984
4.14889, 86984
4.15006, 86984
4.15122, 86984
4.1524, 86984
4.15366, 86984
4.15487, 86984
4.15606, 86336
4.15726, 86336
4.15848, 86336
4.15967, 86336
4.16088, 86336
4.16216, 86336
4.16344, 86120
4.16481, 86120
4.16617, 86120
4.1674, 86120
4.16866, 86120
4.16983, 86120
4.171, 86120
4.17222, 86984
4.17337, 86984
4.17451, 86984
4.17584, 86984
4.17724, 86984
4.1785, 86984
4.17984, 86984
4.18117, 86984
4.18237, 86984
4.18358, 86984
4.18511, 86984
4.1865, 86984
4.18797, 86984
4.18941, 86336
4.19066, 86336
4.19191, 86336
4.19309, 86336
4.19427, 86336
4.1955, 86336
4.19665, 86336
4.19778, 86552
4.19893, 86552
4.20027, 86552
4.20153, 86552
4.20276, 86552
4.20399, 86552
4.20518, 86552
4.20631, 86336
4.20747, 86336
4.20873, 86336
4.21003, 86336
4.21135, 86336
4.21261, 86336
4.21391, 86336
4.21525, 86120
4.21655, 86120
4.2179, 86120
4.21927, 86120
4.22047, 86120
4.2219, 86120
4.22345, 85904
4.22492, 85904
4.22625, 85904
4.22758, 85904
4.22888, 85904
4.23019, 85904
4.2315, 85904
4.23282, 85472
4.23406, 85472
4.23532, 85472
4.23659, 85472
4.23775, 85472
4.23893, 85472
4.24011, 85472
4.24131, 85904
4.24258, 85904
4.24386, 85904
4.24514, 85904
4.24654, 85904
4.248, 85904
4.24942, 85688
4.25079, 85688
4.25201, 85688
4.25323, 85688
4.25442, 85688
4.25565, 85688
4.25687, 85688
4.25814, 84824
4.25954, 84824
4.26088, 84824
4.26213, 84824
4.26335, 84824
4.26451, 84824
4.26573, 84824
4.26716, 85040
4.26848, 85040
4.26977, 85040
4.27116, 85040
4.2726, 85040
4.27388, 85040
4.27515, 85472
4.27643, 85472
4.27773, 85472
4.27895, 85472
4.28016, 85472
4.28134, 85472
4.28252, 85472
4.2838, 85904
4.28505, 85904
4.28629, 85904
4.28752, 85904
4.28869, 85904
4.2899, 85904
4.29128, 85904
4.29262, 86120
4.2939, 86120
4.29522, 86120
4.2966, 86120
4.29787, 86120
4.29917, 86120
4.30044, 86336
4.30169, 86336
4.30291, 86336
4.3041, 86336
4.30528, 86336
4.30658, 86336
4.3079, 86336
4.30918, 86336
4.31043, 86336
4.31163, 86336
4.31278, 86336
4.31395, 86336
4.31513, 86336
4.31629, 86336
4.31745, 86552
4.31862, 86552
4.31983, 86552
4.32096, 86552
4.32207, 86552
4.32318, 86552
4.32428, 86552
4.32538, 86552
4.32648, 86984
4.32762, 86984
4.32886, 86984
4.33012, 86984
4.33136, 86984
4.33258, 86984
4.33377, 86984
4.33494, 87200
4.33614, 87200
4.33735, 87200
4.33859, 87200
4.33981, 87200
4.34103, 87200
4.34223, 87200
4.34344, 86984
4.34468, 86984
4.34592, 86984
4.34718, 86984
4.34838, 86984
4.34959, 86984
4.35088, 86984
4.35207, 86552
4.3533, 86552
4.35464, 86552
4.35599, 86552
4.35728, 86552
4.35848, 86552
4.35969, 86552
4.36092, 85688
4.36213, 85688
4.36327, 85688
4.36439, 85688
4.36569, 85688
4.36704, 85688
4.36842, 85256
4.36975, 85256
4.37105, 85256
4.37227, 85256
4.37345, 85256
4.37464, 85256
4.37587, 85256
4.37702, 85256
4.37813, 85256
4.37925, 85256
4.38047, 85256
4.38172, 85256
4.38293, 85256
4.38415, 85256
4.38536, 85472
4.3865, 85472
4.38776, 85472
4.38904, 85472
4.39024, 85472
4.39143, 85472
4.3926, 85472
4.39383, 85472
4.39493, 85256
4.39603, 85256
4.39713, 85256
4.39826, 85256
4.39952, 85256
4.40083, 85256
4.4022, 85256
4.40354, 85256
4.40486, 85256
4.40606, 85256
4.40723, 85256
4.40844, 85256
4.40967, 85256
4.41082, 85256
4.41196, 85040
4.41309, 85040
4.41433, 85040
4.41559, 85040
4.41684, 85040
4.41802, 85040
4.41922, 85040
4.42036, 85472
4.42158, 85472
4.42278, 85472
4.4241, 85472
4.4253, 85472
4.42648, 85472
4.42764, 85472
4.42891, 85688
4.43021, 85688
4.43153, 85688
4.43282, 85688
4.43408, 85688
4.43539, 85688
4.43663, 85688
4.43786, 85688
4.43911, 85688
4.44034, 85688
4.44152, 85688
4.44283, 85688
4.44413, 85688
4.44539, 86336
4.44687, 86336
4.44844, 86336
4.45005, 86336
4.45155, 86336
4.45301, 86336
4.45439, 86552
4.4559, 86552
4.45735, 86552
4.45882, 86552
4.46023, 86552
4.46167, 86552
4.46314, 86552
4.46454, 86552
4.46592, 86552
4.4674, 86552
4.46877, 86552
4.47014, 86552
4.47149, 87632
4.47289, 87632
4.47425, 87632
4.47567, 87632
4.47706, 87632
4.47843, 87632
4.47981, 87848
4.48118, 87848
4.48253, 87848
4.48393, 87848
4.48538, 87848
4.48677, 87848
4.48815, 87848
4.48952, 87848
4.49086, 87848
4.49257, 87848
4.49408, 87848
4.49556, 87848
4.49697, 87848
4.49837, 87848
4.49977, 87848
4.50116, 87848
4.50252, 87848
4.50389, 87848
4.50526, 88064
4.50663, 88064
4.50798, 88064
4.50938, 88064
4.51076, 88064
4.51217, 88064
4.51357, 87416
4.51546, 87416
4.51711, 87416
4.51867, 87416
4.52012, 87416
4.52161, 87416
4.52326, 86768
4.52482, 86768
4.52632, 86768
4.52786, 86768
4.52942, 86768
4.53099, 85904
4.53243, 85904
4.5339, 85904
4.53538, 85904
4.5368, 85904
4.53816, 85904
4.53952, 85472
4.54068, 85472
4.54185, 85472
4.54318, 85472
4.54439, 85472
4.54554, 85472
4.5467, 85472
4.54788, 85472
4.54905, 85472
4.55022, 85472
4.55137, 85472
4.55253, 85472
4.55381, 85472
4.55517, 85472
4.55675, 85256
4.55857, 85256
4.5602, 85256
4.56175, 85256
4.56344, 85256
4.56502, 84608
4.56637, 84608
4.56778, 84608
4.56921, 84608
4.57056, 84608
4.57193, 84608
4.57315, 84608
4.57431, 84608
4.57569, 84608
4.57706, 84608
4.57839, 84608
4.5796, 84608
4.58092, 84608
4.58226, 85256
4.58368, 85256
4.58509, 85256
4.58645, 85256
4.58785, 85256
4.58928, 85256
4.59083, 85472
4.59237, 85472
4.59412, 85472
4.59565, 85472
4.59714, 85472
4.59855, 85472
4.59994, 86336
4.60137, 86336
4.60277, 86336
4.6042, 86336
4.60561, 86336
4.607, 86336
4.60841, 86120
4.60982, 86120
4.61125, 86120
4.61261, 86120
4.61386, 86120
4.61506, 86120
4.61648, 85688
4.61797, 85688
4.61941, 85688
4.62063, 85688
4.62203, 85688
4.62344, 85688
4.62485, 86120
4.62637, 86120
4.62778, 86120
4.62916, 86120
4.63051, 86120
4.63179, 86120
4.63318, 86984
4.63458, 86984
4.63598, 86984
4.63731, 86984
4.63866, 86984
4.64001, 86984
4.64142, 87200
4.64282, 87200
4.64416, 87200
4.64554, 87200
4.64696, 87200
4.64835, 87200
4.64974, 87200
4.6512, 87200
4.65262, 87200
4.65404, 87200
4.65543, 87200
4.65678, 87200
4.65794, 87200
4.65933, 87416
4.66085, 87416
4.66237, 87416
4.66378, 87416
4.66531, 87416
4.66673, 87416
4.66818, 86768
4.66973, 86768
4.67133, 86768
4.67281, 86768
4.6742, 86768
4.6754, 86768
4.67674, 85688
4.67812, 85688
4.67951, 85688
4.6809, 85688
4.68227, 85688
4.68356, 85688
4.68499, 85256
4.6864, 85256
4.68783, 85256
4.68928, 85256
4.69082, 85256
4.69244, 85472
4.69401, 85472
4.69537, 85472
4.69671, 85472
4.69788, 85472
4.69928, 85472
4.70061, 85472
4.70188, 85688
4.70311, 85688
4.70448, 85688
4.70593, 85688
4.70741, 85688
4.70885, 85688
4.71028, 85256
4.71156, 85256
4.71304, 85256
4.71444, 85256
4.71585, 85256
4.71728, 85256
4.71867, 86120
4.7201, 86120
4.7215, 86120
4.72287, 86120
4.72417, 86120
4.72536, 86120
4.72671, 86120
4.72804, 86120
4.72932, 86120
4.73053, 86120
4.73188, 86120
4.73331, 86120
4.73468, 86120
4.73608, 85688
4.73743, 85688
4.73864, 85688
4.74006, 85688
4.74144, 85688
4.74273, 85688
4.7441, 86120
4.74551, 86120
4.7469, 86120
4.74826, 86120
4.74972, 86120
4.7512, 86120
4.75266, 86336
4.75417, 86336
4.75577, 86336
4.75729, 86336
4.75876, 86336
4.76004, 86336
4.7613, 85904
4.76281, 85904
4.76429, 85904
4.76574, 85904
4.76714, 85904
4.76859, 85904
4.77009, 85688
4.77156, 85688
4.77301, 85688
4.77443, 85688
4.77582, 85688
4.77707, 85688
4.77847, 86336
4.7799, 86336
4.7813, 86336
4.78266, 86336
4.78398, 86336
4.78547, 86336
4.7872, 86768
4.78864, 86768
4.79027, 86768
4.79185, 86768
4.79339, 86768
4.79491, 86336
4.79621, 86336
4.79751, 86336
4.79919, 86336
4.80067, 86336
4.80221, 86336
4.80356, 85904
4.80502, 85904
4.80642, 85904
4.80785, 85904
4.80923, 85904
4.81047, 85904
4.81193, 86552
4.81336, 86552
4.81479, 86552
4.81623, 86552
4.81766, 86552
4.81908, 86552
4.82046, 86552
4.8217, 86984
4.82313, 86984
4.82456, 86984
4.82606, 86984
4.82752, 86984
4.82905, 87200
4.83056, 87200
4.83213, 87200
4.83365, 87200
4.83509, 87200
4.83662, 87200
4.83809, 87200
4.83963, 87200
4.84116, 87200
4.84269, 87200
4.84428, 87200
4.84606, 86984
4.84752, 86984
4.84885, 86984
4.85012, 86984
4.85156, 86984
4.85303, 86984
4.85451, 86984
4.85601, 86984
4.85757, 86984
4.85919, 86984
4.86072, 86984
4.86214, 86984
4.86366, 85472
4.86519, 85472
4.86667, 85472
4.8682, 85472
4.86977, 85472
4.87136, 85472
4.87292, 85256
4.87438, 85256
4.87568, 85256
4.87695, 85256
4.8784, 85256
4.87989, 85256
4.88136, 85040
4.88279, 85040
4.8843, 85040
4.88584, 85040
4.88737, 85040
4.88886, 84608
4.89048, 84608
4.89205, 84608
4.8936, 84608
4.89504, 84608
4.89657, 84608
4.89806, 85040
4.8997, 85040
4.90123, 85040
4.90267, 85040
4.90421, 85040
4.90582, 85904
4.90747, 85904
4.90905, 85904
4.91058, 85904
4.91212, 85904
4.91376, 85904
4.91518, 86336
4.91652, 86336
4.91785, 86336
4.9192, 86336
4.92052, 86336
4.92184, 86336
4.92318, 86552
4.92457, 86552
4.92603, 86552
4.92742, 86552
4.92874, 86552
4.93004, 86552
4.93136, 86552
4.93275, 86336
4.93432, 86336
4.93622, 86336
4.93813, 86336
4.93994, 86120
4.94153, 86120
4.94306, 86120
4.94457, 86120
4.94605, 86120
4.94746, 86120
4.94887, 86552
4.95021, 86552
4.95159, 86552
4.95297, 86552
4.95436, 86552
4.95596, 86552
4.95756, 86768
4.95911, 86768
4.96063, 86768
4.96203, 86768
4.96345, 86768
4.96486, 86768
4.96637, 86552
4.96795, 86552
4.96954, 86552
4.97117, 86552
4.97302, 86552
4.97466, 86768
4.97633, 86768
4.97786, 86768
4.97929, 86768
4.98068, 86768
4.98222, 86768
4.98365, 86120
4.98504, 86120
4.98643, 86120
4.98782, 86120
4.98939, 86120
4.99094, 86120
4.99248, 85688
4.99405, 85688
4.9955, 85688
4.99702, 85688
4.99843, 85688
4.99992, 86336
5.00164, 86336
5.00343, 86336
5.00489, 86336
5.00634, 86336
5.00776, 86336
5.00918, 85688
5.01053, 85688
5.0121, 85688
5.0137, 85688
5.01534, 85688
5.01692, 86120
5.01847, 86120
5.02001, 86120
5.02177, 86120
5.02326, 86120
5.02471, 86120
5.02611, 85688
5.02751, 85688
5.02886, 85688
5.03023, 85688
5.0316, 85688
5.03297, 85688
5.03449, 86552
5.03607, 86552
5.03764, 86552
5.03921, 86552
5.04063, 86552
5.04204, 86552
5.04343, 86768
5.04493, 86768
5.04643, 86768
5.04802, 86768
5.04947, 86768
5.05087, 86120
5.05233, 86120
5.0538, 86120
5.05527, 86120
5.05666, 86120
5.05804, 86120
5.05941, 85904
5.06081, 85904
5.06217, 85904
5.06346, 85904
5.06462, 85904
5.0658, 85904
5.067, 85904
5.06819, 85904
5.06934, 85904
5.07049, 85904
5.07164, 85904
5.07279, 85904
5.07393, 85904
5.0751, 85904
5.07624, 85904
5.07739, 86552
5.07854, 86552
5.07989, 86552
5.08132, 86552
5.08306, 86552
5.08463, 86552
5.08613, 85904
5.08761, 85904
5.08908, 85904
5.09046, 85904
5.09185, 85904
5.09333, 85904
5.09473, 86120
5.09614, 86120
5.0975, 86120
5.09873, 86120
5.09987, 86120
5.10113, 86120
5.10242, 86768
5.10368, 86768
5.10491, 86768
5.1061, 86768
5.1073, 86768
5.10856, 86768
5.10982, 86768
5.11121, 86984
5.11246, 86984
5.11368, 86984
5.11492, 86984
5.11629, 86984
5.11765, 86984
5.11897, 86984
5.12028, 86552
5.12158, 86552
5.12284, 86552
5.12419, 86552
5.12566, 86552
5.12704, 86552
5.1284, 85688
5.12972, 85688
5.13102, 85688
5.13236, 85688
5.13375, 85688
5.13507, 85688
5.13639, 85256
5.13767, 85256
5.13885, 85256
5.14003, 85256
5.14134, 85256
5.14259, 85256
5.14385, 85256
5.14506, 84608
5.14629, 84608
5.14754, 84608
5.1489, 84608
5.15043, 84608
5.15186, 84608
5.1532, 84608
5.1545, 84824
5.15577, 84824
5.15706, 84824
5.15841, 84824
5.15975, 84824
5.16105, 84824
5.16232, 86120
5.16358, 86120
5.16485, 86120
5.16617, 86120
5.16748, 86120
5.16879, 86120
5.17015, 86120
5.17158, 85472
5.1729, 85472
5.17419, 85472
5.17549, 85472
5.17681, 85472
5.17814, 85472
5.17942, 86336
5.18068, 86336
5.18182, 86336
5.18313, 86336
5.18437, 86336
5.18561, 86336
5.18681, 86336
5.18809, 85688
5.18935, 85688
5.19059, 85688
5.19188, 85688
5.19314, 85688
5.1944, 85688
5.19565, 85688
5.19687, 85904
5.19819, 85904
5.19961, 85904
5.201, 85904
5.20232, 85904
5.20375, 85904
5.20504, 86120
5.20642, 86120
5.20783, 86120
5.20921, 86120
5.21056, 86120
5.21197, 86120
5.21337, 86120
5.21476, 86120
5.21626, 86120
5.21772, 86120
5.21913, 86120
5.22032, 86120
5.22176, 86120
5.2232, 86120
5.2246, 86120
5.2259, 86120
5.2273, 86120
5.22896, 86120
5.23056, 86336
5.23199, 86336
5.23336, 86336
5.23474, 86336
5.23605, 86336
5.23745, 86336
5.23885, 85904
5.2403, 85904
5.24166, 85904
5.24307, 85904
5.24452, 85904
5.24592, 85904
5.24735, 85472
5.24872, 85472
5.24989, 85472
5.25125, 85472
5.25263, 85472
5.25403, 85472
5.25538, 85472
5.25681, 85904
5.25834, 85904
5.25987, 85904
5.26145, 85904
5.26306, 85904
5.2646, 85904
5.26587, 85904
5.26728, 85904
5.26869, 85904
5.27003, 85904
5.27136, 85904
5.27271, 85688
5.27409, 85688
5.27545, 85688
5.27685, 85688
5.27826, 85688
5.27967, 85688
5.2811, 85688
5.28249, 85472
5.28393, 85472
5.28537, 85472
5.28687, 85472
5.28822, 85472
5.28968, 85472
5.29123, 85472
5.29272, 85472
5.29408, 85472
5.29543, 85472
5.29661, 85472
5.29791, 85472
5.29923, 85472
5.30045, 85472
5.30164, 85472
5.30287, 85472
5.304, 85472
5.30511, 85472
5.30622, 85472
5.30749, 85472
5.30877, 85472
5.30994, 85472
5.3112, 85472
5.3124, 85472
5.31361, 85472
5.31483, 85472
5.31608, 86120
5.31731, 86120
5.31848, 86120
5.31961, 86120
5.32073, 86120
5.32187, 86120
5.32309, 86120
5.32457, 86552
5.32589, 86552
5.32717, 86552
5.32839, 86552
5.32959, 86552
5.33082, 86552
5.33198, 86552
5.33314, 86336
5.33429, 86336
5.33559, 86336
5.33686, 86336
5.33811, 86336
5.33928, 86336
5.34052, 86336
5.34173, 85256
5.3429, 85256
5.34408, 85256
5.34527, 85256
5.34643, 85256
5.34754, 85256
5.34865, 85256
5.34977, 85040
5.35108, 85040
5.35244, 85040
5.35376, 85040
5.35494, 85040
5.35618, 85040
5.35735, 85040
5.35854, 84608
5.35968, 84608
5.3608, 84608
5.36193, 84608
5.3632, 84608
5.36451, 84608
5.36579, 84608
5.36715, 84392
5.36833, 84392
5.36961, 84392
5.37082, 84392
5.37197, 84392
5.37311, 84392
5.37425, 84392
5.3754, 84824
5.37654, 84824
5.37776, 84824
5.37919, 84824
5.38051, 84824
5.38173, 84824
5.38295, 84824
5.38421, 85040
5.38544, 85040
5.38663, 85040
5.3878, 85040
5.38896, 85040
5.39027, 85040
5.39155, 85040
5.39284, 85256
5.39408, 85256
5.39528, 85256
5.39654, 85256
5.39784, 85256
5.39909, 85256
5.40032, 85256
5.40156, 85904
5.40297, 85904
5.4044, 85904
5.40578, 85904
5.40723, 85904
5.40863, 85904
5.40993, 85688
5.41125, 85688
5.41247, 85688
5.41366, 85688
5.41484, 85688
5.41601, 85688
5.41717, 85688
5.41843, 86120
5.41968, 86120
5.42088, 86120
5.42206, 86120
5.42329, 86120
5.4245, 86120
5.42571, 86120
5.42698, 86336
5.42816, 86336
5.42933, 86336
5.4305, 86336
5.43167, 86336
5.43283, 86336
5.43412, 86336
5.43545, 85040
5.43664, 85040
5.43788, 85040
5.43915, 85040
5.44035, 85040
5.44151, 85040
5.44269, 85040
5.4441, 85256
5.44551, 85256
5.44686, 85256
5.44827, 85256
5.44961, 85256
5.4509, 85256
5.45218, 85040
5.45341, 85040
5.4546, 85040
5.45581, 85040
5.457, 85040
5.45819, 85040
5.45941, 85040
5.46078, 84824
5.46205, 84824
5.46341, 84824
5.46465, 84824
5.46591, 84824
5.46714, 84824
5.46847, 84824
5.46995, 85472
5.47152, 85472
5.47296, 85472
5.4743, 85472
5.47557, 85472
5.4769, 85472
5.47811, 86336
5.47935, 86336
5.4806, 86336
5.48179, 86336
5.48316, 86336
5.48449, 86336
5.48572, 86336
5.48698, 85904
5.4882, 85904
5.48939, 85904
5.49079, 85904
5.49222, 85904
5.49361, 85904
5.49504, 85688
5.49636, 85688
5.49766, 85688
5.49892, 85688
5.50015, 85688
5.50136, 85688
5.50259, 85688
5.50376, 85688
5.50493, 85688
5.50629, 85688
5.50758, 85688
5.50883, 85688
5.51006, 85688
5.5113, 85688
5.51248, 86120
5.5138, 86120
5.51532, 86120
5.51675, 86120
5.51813, 86120
5.51947, 86120
5.52079, 85904
5.52204, 85904
5.52326, 85904
5.52449, 85904
5.52572, 85904
5.52694, 85904
5.52828, 85904
5.52952, 86336
5.53075, 86336
5.53201, 86336
5.53325, 86336
5.53442, 86336
5.53572, 86336
5.53705, 86336
5.53834, 85904
5.53953, 85904
5.54082, 85904
5.54207, 85904
5.54343, 85904
5.5447, 85904
5.54596, 85040
5.54717, 85040
5.54862, 85040
5.54993, 85040
5.55135, 85040
5.55267, 85040
5.55404, 85040
5.5553, 85040
5.55655, 85040
5.55784, 85040
5.55917, 85040
5.56039, 85040
5.56159, 85040
5.56276, 85040
5.56393, 85472
5.5651, 85472
5.56626, 85472
5.5675, 85472
5.56872, 85472
5.56995, 85472
5.57122, 85472
5.57249, 86552
5.57369, 86552
5.57488, 86552
5.57609, 86552
5.57724, 86552
5.57839, 86552
5.57953, 86552
5.58069, 86984
5.58183, 86984
5.58296, 86984
5.58427, 86984
5.58553, 86984
5.58674, 86984
5.58793, 86984
5.58908, 87200
5.59022, 87200
5.59135, 87200
5.59251, 87200
5.59389, 87200
5.59532, 87200
5.59657, 87200
5.5978, 85688
5.59901, 85688
5.60025, 85688
5.60152, 85688
5.6028, 85688
5.60402, 85688
5.60521, 85688
5.60641, 85688
5.60755, 85688
5.6087, 85688
5.60987, 85688
5.61127, 85688
5.6125, 85688
5.61371, 85688
5.61489, 85256
5.61604, 85256
5.61721, 85256
5.61838, 85256
5.61967, 85256
5.62092, 85256
5.62213, 85256
5.62334, 85040
5.62456, 85040
5.62576, 85040
5.62698, 85040
5.62821, 85040
5.62942, 85040
5.63062, 85040
5.63181, 85040
5.63294, 85040
5.63408, 85040
5.63523, 85040
5.63644, 85040
5.63774, 85040
5.63903, 85040
5.64031, 84608
5.6416, 84608
5.64288, 84608
5.64413, 84608
5.64532, 84608
5.64652, 84608
5.6477, 84608
5.64888, 85040
5.65005, 85040
5.65126, 85040
5.65248, 85040
5.65371, 85040
5.65484, 85040
5.65599, 85040
5.65709, 85040
5.6582, 85040
5.65931, 85040
5.66043, 85040
5.66156, 85040
5.66282, 85040
5.66407, 85040
5.66532, 84608
5.66654, 84608
5.66777, 84608
5.66895, 84608
5.67011, 84608
5.6713, 84608
5.67247, 84608
5.6737, 84608
5.67499, 85040
5.67641, 85040
5.67766, 85040
5.67885, 85040
5.68005, 85040
5.68137, 85040
5.68259, 84824
5.68382, 84824
5.68499, 84824
5.68614, 84824
5.68729, 84824
5.68845, 84824
5.68957, 84824
5.69068, 84824
5.69183, 84824
5.69308, 84824
5.6943, 84824
5.69561, 84824
5.69694, 84824
5.69815, 84824
5.69935, 84824
5.70048, 84824
5.70159, 84824
5.70272, 84824
5.70395, 84824
5.70523, 84824
5.70658, 84824
5.70789, 84608
5.70951, 84608
5.71077, 84608
5.71197, 84608
5.71317, 84608
5.71441, 84608
5.71553, 84608
5.71664, 84824
5.71776, 84824
5.71894, 84824
5.72019, 84824
5.72142, 84824
5.72267, 84824
5.72391, 84824
5.72506, 84824
5.72631, 84824
5.72755, 84824
5.72878, 84824
5.73003, 84824
5.73122, 84824
5.7324, 84824
5.73357, 84824
5.73469, 84608
5.73582, 84608
5.73695, 84608
5.73822, 84608
5.73959, 84608
5.741, 84608
5.74233, 84608
5.74377, 84608
5.74513, 84608
5.74633, 84608
5.74758, 84608
5.74901, 84608
5.75032, 84608
5.75147, 84608
5.75259, 84608
5.75373, 84608
5.75502, 84608
5.7563, 84608
5.75753, 84608
5.75874, 84608
5.75988, 84176
5.76102, 84176
5.76221, 84176
5.76336, 84176
5.76455, 84176
5.76576, 84176
5.76701, 84176
5.76827, 84392
5.76946, 84392
5.7706, 84392
5.77172, 84392
5.77294, 84392
5.77419, 84392
5.77544, 84392
5.7766, 84392
5.77783, 84392
5.77911, 84392
5.78027, 84392
5.78141, 84392
5.78254, 84392
5.78369, 84392
5.7848, 84392
5.78591, 84608
5.78704, 84608
5.78825, 84608
5.78952, 84608
5.79068, 84608
5.79187, 84608
5.79306, 84608
5.79423, 84392
5.79542, 84392
5.79661, 84392
5.79781, 84392
5.79901, 84392
5.80015, 84392
5.80127, 84392
5.80239, 84608
5.80351, 84608
5.80463, 84608
5.80576, 84608
5.80697, 84608
5.80871, 84608
5.81005, 84608
5.81133, 83960
5.81265, 83960
5.81392, 83960
5.81517, 83960
5.8163, 83960
5.81746, 83960
5.81873, 83960
5.8201, 84824
5.82138, 84824
5.82258, 84824
5.82375, 84824
5.825, 84824
5.82617, 84824
5.82734, 84824
5.82853, 85472
5.82972, 85472
5.83085, 85472
5.83197, 85472
5.83314, 85472
5.83455, 85472
5.83593, 85472
5.83716, 85256
5.8384, 85256
5.83966, 85256
5.84087, 85256
5.84202, 85256
5.84317, 85256
5.84434, 85256
5.84565, 86120
5.84697, 86120
5.84832, 86120
5.84952, 86120
5.85083, 86120
5.8521, 86120
5.85331, 85904
5.8545, 85904
5.85573, 85904
5.85685, 85904
5.85796, 85904
5.85915, 85904
5.86044, 85904
5.86181, 86336
5.86318, 86336
5.86437, 86336
5.86562, 86336
5.86681, 86336
5.86801, 86336
5.86915, 86336
5.87028, 86552
5.87147, 86552
5.87279, 86552
5.87403, 86552
5.87526, 86552
5.87647, 86552
5.87772, 86552
5.87892, 86336
5.88021, 86336
5.88152, 86336
5.88275, 86336
5.88398, 86336
5.88514, 86336
5.88652, 86336
5.88792, 85688
5.88937, 85688
5.89078, 85688
5.89213, 85688
5.89335, 85688
5.89466, 85688
5.89592, 85040
5.89712, 85040
5.89832, 85040
5.89954, 85040
5.90073, 85040
5.90202, 85040
5.90321, 85040
5.90442, 85040
5.90567, 85040
5.90692, 85040
5.90821, 85040
5.90948, 85040
5.91077, 85040
5.91199, 85040
5.91318, 85040
5.91435, 85040
5.91561, 85040
5.91695, 85040
5.91815, 85040
5.91937, 85040
5.92057, 85040
5.92178, 85040
5.92293, 85040
5.9241, 85040
5.92533, 85040
5.92681, 85040
5.92829, 85040
5.92967, 85040
5.9312, 84176
5.93253, 84176
5.93384, 84176
5.93514, 84176
5.93629, 84176
5.93743, 84176
5.9386, 84176
5.93971, 84176
5.94082, 84176
5.94195, 84176
5.94333, 84176
5.94468, 84176
5.94594, 84176
5.94723, 84176
5.94849, 84176
5.9497, 84176
5.95107, 84176
5.95233, 84176
5.95361, 84176
5.95485, 84176
5.95607, 85472
5.95731, 85472
5.9585, 85472
5.95971, 85472
5.96091, 85472
5.9621, 85472
5.96337, 85472
5.96462, 85688
5.96582, 85688
5.96701, 85688
5.96823, 85688
5.96943, 85688
5.97063, 85688
5.97207, 85688
5.97344, 85688
5.97482, 85688
5.97624, 85688
5.97757, 85688
5.97887, 85688
5.98009, 85688
5.98131, 85256
5.98254, 85256
5.9837, 85256
5.98498, 85256
5.98625, 85256
5.98748, 85256
5.98872, 85256
5.98992, 85472
5.99108, 85472
5.99225, 85472
5.99356, 85472
5.99495, 85472
5.99626, 85472
5.99752, 85472
5.99881, 85256
6.00013, 85256
6.00137, 85256
6.00254, 85256
6.00375, 85256
6.00495, 85256
6.00611, 85256
6.0074, 85688
6.00865, 85688
6.00985, 85688
6.0111, 85688
6.01226, 85688
6.01341, 85688
6.01468, 85688
6.016, 85472
6.01726, 85472
6.01845, 85472
6.01975, 85472
6.02107, 85472
6.02252, 85472
6.02384, 86552
6.02505, 86552
6.02649, 86552
6.02799, 86552
6.02938, 86552
6.03087, 86552
6.03224, 85904
6.03365, 85904
6.03504, 85904
6.03634, 85904
6.03769, 85904
6.03901, 85904
6.04034, 85904
6.04158, 85472
6.04282, 85472
6.04401, 85472
6.04518, 85472
6.04638, 85472
6.0476, 85472
6.04885, 85472
6.05005, 85256
6.05126, 85256
6.05244, 85256
6.05366, 85256
6.05485, 85256
6.056, 85256
6.05715, 85256
6.0583, 85256
6.05945, 85256
6.0606, 85256
6.06176, 85256
6.06304, 85256
6.06427, 85256
6.06551, 85256
6.06674, 84824
6.0679, 84824
6.06907, 84824
6.07023, 84824
6.07165, 84824
6.07298, 84824
6.07427, 84824
6.07579, 85040
6.07719, 85040
6.07839, 85040
6.07962, 85040
6.08081, 85040
6.08201, 85040
6.08325, 85040
6.08446, 85472
6.08562, 85472
6.08679, 85472
6.08797, 85472
6.08924, 85472
6.09047, 85472
6.09171, 85472
6.09288, 85904
6.09405, 85904
6.09526, 85904
6.09658, 85904
6.09783, 85904
6.09923, 85904
6.10052, 85904
6.10182, 85904
6.10309, 85904
6.10435, 85904
6.1056, 85904
6.10686, 85904
6.10807, 85904
6.10927, 85688
6.11043, 85688
6.11162, 85688
6.11284, 85688
6.11412, 85688
6.11538, 85688
6.11664, 85688
6.11788, 85688
6.1191, 85688
6.12028, 85688
6.12145, 85688
6.12261, 85688
6.12377, 85688
6.12495, 85688
6.12612, 85688
6.12724, 87200
6.12834, 87200
6.12944, 87200
6.13053, 87200
6.13165, 87200
6.13283, 87200
6.13402, 87200
6.1352, 87848
6.13639, 87848
6.13757, 87848
6.13871, 87848
6.13988, 87848
6.14103, 87848
6.14221, 87848
6.14345, 88064
6.14465, 88064
6.14583, 88064
6.147, 88064
6.14821, 88064
6.14943, 88064
6.15064, 88064
6.1518, 86768
6.15296, 86768
6.15411, 86768
6.15526, 86768
6.15638, 86768
6.15754, 86768
6.15873, 86768
6.15993, 86768
6.16108, 86336
6.16224, 86336
6.1634, 86336
6.16456, 86336
6.1657, 86336
6.16687, 86336
6.16816, 86336
6.16947, 86768
6.17073, 86768
6.17206, 86768
6.17331, 86768
6.17456, 86768
6.17582, 86768
6.17714, 86768
6.17829, 86552
6.17942, 86552
6.18055, 86552
6.18172, 86552
6.18293, 86552
6.18415, 86552
6.18535, 86552
6.18657, 85688
6.18788, 85688
6.18919, 85688
6.19045, 85688
6.19171, 85688
6.19292, 85688
6.19413, 85688
6.19537, 86120
6.19651, 86120
6.19762, 86120
6.19874, 86120
6.19999, 86120
6.20142, 86120
6.20281, 86120
6.20418, 86120
6.20551, 86120
6.20678, 86120
6.20809, 86120
6.20944, 86120
6.21075, 86120
6.21203, 85256
6.2133, 85256
6.21451, 85256
6.21576, 85256
6.21696, 85256
6.21827, 85256
6.21957, 85256
6.22084, 85040
6.2221, 85040
6.22338, 85040
6.22467, 85040
6.22605, 85040
6.22736, 85040
6.22866, 84824
6.22994, 84824
6.23121, 84824
6.23242, 84824
6.2336, 84824
6.23491, 84824
6.23623, 84824
6.23749, 84392
6.23872, 84392
6.24001, 84392
6.24133, 84392
6.24267, 84392
6.24396, 84392
6.24523, 84392
6.2465, 84608
6.24773, 84608
6.24894, 84608
6.25017, 84608
6.25147, 84608
6.25278, 84608
6.25406, 84608
6.2553, 83960
6.2565, 83960
6.25776, 83960
6.25912, 83960
6.26041, 83960
6.26167, 83960
6.26312, 84176
6.26439, 84176
6.26562, 84176
6.26685, 84176
6.26804, 84176
6.26919, 84176
6.27049, 84176
6.2718, 83744
6.27309, 83744
6.27436, 83744
6.27568, 83744
6.27707, 83744
6.27837, 83744
6.27971, 84608
6.28099, 84608
6.2823, 84608
6.28356, 84608
6.28485, 84608
6.28614, 84608
6.28735, 84608
6.28858, 84824
6.28997, 84824
6.29138, 84824
6.2927, 84824
6.29395, 84824
6.29524, 84824
6.29644, 84824
6.29765, 85256
6.29887, 85256
6.30009, 85256
6.30132, 85256
6.30254, 85256
6.30377, 85256
6.30494, 85256
6.30616, 85256
6.30734, 85256
6.30848, 85256
6.30967, 85256
6.31085, 85256
6.31203, 85256
6.31324, 85256
6.31442, 85904
6.3156, 85904
6.31682, 85904
6.31805, 85904
6.31925, 85904
6.32046, 85904
6.32167, 85904
6.32287, 85904
6.32409, 85904
6.32528, 85904
6.32645, 85904
6.32764, 85904
6.32887, 85904
6.33005, 85904
6.33122, 85256
6.33239, 85256
6.33355, 85256
6.33472, 85256
6.3359, 85256
6.33708, 85256
6.33825, 85256
6.33945, 85256
6.34063, 85040
6.3418, 85040
6.34301, 85040
6.34425, 85040
6.34545, 85040
6.34662, 85040
6.3478, 85040
6.34895, 84608
6.35012, 84608
6.35129, 84608
6.35258, 84608
6.35386, 84608
6.35518, 84608
6.35647, 84608
6.35775, 84608
6.35901, 84608
6.36018, 84608
6.36133, 84608
6.36247, 84608
6.36362, 84608
6.36478, 84608
6.36595, 84392
6.36714, 84392
6.36828, 84392
6.36942, 84392
6.37056, 84392
6.3717, 84392
6.37285, 84392
6.37399, 83960
6.37514, 83960
6.37629, 83960
6.37744, 83960
6.37859, 83960
6.37973, 83960
6.38087, 83960
6.382, 83960
6.38315, 83528
6.38429, 83528
6.38542, 83528
6.38656, 83528
6.38771, 83528
6.38886, 83528
6.39, 83528
6.39117, 83312
6.39233, 83312
6.39347, 83312
6.3947, 83312
6.39597, 83312
6.3972, 83312
6.39842, 83312
6.39956, 83960
6.4007, 83960
6.40184, 83960
6.40299, 83960
6.40412, 83960
6.40526, 83960
6.40639, 83960
6.40753, 83960
6.40869, 85040
6.40985, 85040
6.41099, 85040
6.41214, 85040
6.41329, 85040
6.41443, 85040
6.41557, 85040
6.4167, 85472
6.41783, 85472
6.41897, 85472
6.42011, 85472
6.42127, 85472
6.4224, 85472
6.42354, 85472
6.42466, 85472
6.4258, 85688
6.42693, 85688
6.42808, 85688
6.42925, 85688
6.43039, 85688
6.43153, 85688
6.43268, 85688
6.43381, 84392
6.43495, 84392
6.43609, 84392
6.43723, 84392
6.43836, 84392
6.43951, 84392
6.44064, 84392
6.44176, 84392
6.44296, 84608
6.4441, 84608
6.44524, 84608
6.44639, 84608
6.44754, 84608
6.44868, 84608
6.44982, 84608
6.45096, 83960
6.4521, 83960
6.45324, 83960
6.45438, 83960
6.45554, 83960
6.45667, 83960
6.4578, 83960
6.45894, 83960
6.46007, 83744
6.46119, 83744
6.46232, 83744
6.46345, 83744
6.46466, 83744
6.46592, 83744
6.46723, 83744
6.4685, 84392
6.46975, 84392
6.47099, 84392
6.4722, 84392
6.47341, 84392
6.4746, 84392
6.47582, 84392
6.47702, 85040
6.47823, 85040
6.47942, 85040
6.48064, 85040
6.48182, 85040
6.483, 85040
6.4842, 85040
6.48539, 85256
6.48661, 85256
6.4878, 85256
6.489, 85256
6.49015, 85256
6.49138, 85256
6.49268, 85256
6.494, 85256
6.49521, 85256
6.49643, 85256
6.49765, 85256
6.4989, 85256
6.50013, 85256
6.50137, 85256
6.50262, 85040
6.50388, 85040
6.50509, 85040
6.50628, 85040
6.50748, 85040
6.50868, 85040
6.50991, 85040
6.51113, 84824
6.51232, 84824
6.51352, 84824
6.51473, 84824
6.51592, 84824
6.51711, 84824
6.5183, 84824
6.51951, 84824
6.52072, 84824
6.52193, 84824
6.52317, 84824
6.5244, 84824
6.52565, 84824
6.52685, 84824
6.52807, 84824
6.52927, 84824
6.53046, 84824
6.53167, 84824
6.53286, 84824
6.53401, 84824
6.53523, 84824
6.53648, 85040
6.53767, 85040
6.53884, 85040
6.54, 85040
6.54116, 85040
6.54245, 85040
6.54382, 85040
6.54518, 85040
6.54655, 85040
6.5479, 85040
6.54923, 85040
6.55051, 85040
6.55169, 85040
6.55286, 85472
6.55403, 85472
6.5552, 85472
6.55636, 85472
6.55753, 85472
6.55869, 85472
6.55986, 85472
6.56101, 85472
6.56216, 85688
6.56332, 85688
6.56448, 85688
6.56562, 85688
6.56678, 85688
6.56794, 85688
6.56913, 85688
6.57031, 86120
6.57153, 86120
6.57273, 86120
6.5739, 86120
6.57508, 86120
6.57623, 86120
6.57738, 86120
6.57855, 85904
6.57975, 85904
6.58092, 85904
6.58206, 85904
6.5832, 85904
6.58435, 85904
6.58563, 85904
6.58692, 86120
6.58828, 86120
6.58949, 86120
6.59069, 86120
6.59189, 86120
6.59311, 86120
6.59431, 86120
6.59552, 85040
6.59672, 85040
6.59791, 85040
6.59912, 85040
6.6003, 85040
6.60149, 85040
6.6027, 85040
6.6039, 85040
6.60511, 84176
6.60626, 84176
6.60744, 84176
6.60877, 84176
6.61007, 84176
6.61138, 84176
6.61258, 83744
6.6138, 83744
6.61497, 83744
6.61613, 83744
6.61732, 83744
6.6185, 83744
6.61973, 83744
6.62095, 83744
6.62214, 83312
6.62337, 83312
6.62457, 83312
6.62578, 83312
6.62697, 83312
6.62817, 83312
6.62937, 83312
6.63058, 83960
6.63183, 83960
6.63302, 83960
6.63419, 83960
6.63539, 83960
6.6366, 83960
6.63787, 83960
6.63915, 84824
6.64034, 84824
6.64156, 84824
6.64277, 84824
6.64398, 84824
6.64522, 84824
6.64645, 84824
6.64769, 85040
6.64891, 85040
6.65013, 85040
6.6514, 85040
6.65265, 85040
6.65388, 85040
6.6552, 85256
6.65647, 85256
6.65771, 85256
6.65889, 85256
6.66012, 85256
6.66124, 85256
6.6624, 85256
6.66357, 85256
6.66474, 85256
6.66597, 85256
6.66717, 85256
6.66835, 85256
6.66953, 85256
6.67068, 85256
6.67192, 85256
6.67314, 85688
6.6743, 85688
6.67552, 85688
6.67668, 85688
6.6778, 85688
6.67893, 85688
6.68005, 85688
6.68116, 85472
6.68226, 85472
6.68336, 85472
6.68446, 85472
6.68556, 85472
6.68666, 85472
6.68776, 85472
6.68887, 85472
6.69007, 84608
6.6912, 84608
6.69232, 84608
6.69341, 84608
6.69451, 84608
6.69566, 84608
6.69677, 84608
6.69786, 84608
6.69896, 84392
6.70007, 84392
6.70117, 84392
6.70228, 84392
6.70339, 84392
6.70449, 84392
6.7056, 84392
6.70684, 84176
6.70804, 84176
6.70917, 84176
6.71029, 84176
6.71147, 84176
6.71269, 84176
6.71392, 84176
6.71509, 84392
6.71621, 84392
6.71732, 84392
6.71842, 84392
6.71952, 84392
6.72062, 84392
6.72178, 84392
6.72299, 84392
6.72411, 84824
6.72524, 84824
6.72644, 84824
6.72758, 84824
6.72876, 84824
6.72992, 84824
6.73114, 84824
6.73227, 85472
6.73337, 85472
6.73447, 85472
6.73561, 85472
6.73682, 85472
6.73793, 85472
6.7391, 85472
6.74025, 85472
6.74143, 85688
6.74261, 85688
6.74382, 85688
6.74502, 85688
6.74621, 85688
6.7474, 85688
6.7486, 85688
6.74979, 85904
6.75097, 85904
6.75218, 85904
6.75339, 85904
6.75459, 85904
6.75577, 85904
6.757, 85904
6.75812, 85904
6.75926, 85904
6.76042, 85904
6.76165, 85904
6.76285, 85904
6.76402, 85904
6.76514, 85904
6.76627, 85472
6.76746, 85472
6.76865, 85472
6.76982, 85472
6.77102, 85472
6.77232, 85472
6.77352, 85472
6.77483, 85688
6.77603, 85688
6.77743, 85688
6.77892, 85688
6.78013, 85688
6.78134, 85688
6.78252, 85688
6.78375, 85688
6.78498, 85688
6.79103, 85688
6.7923, 85472
6.79342, 85472
6.79452, 85472
6.79563, 85472
6.79673, 85472
6.79782, 85472
6.79891, 85472
6.80001, 85472
6.8011, 84176
6.80219, 84176
6.80328, 84176
6.80438, 84176
6.80547, 84176
6.80657, 84176
6.80766, 84176
6.80874, 84176
6.80984, 83528
6.81093, 83528
6.81203, 83528
6.81312, 83528
6.8142, 83528
6.8153, 83528
6.81639, 83528
6.81748, 83312
6.81857, 83312
6.81967, 83312
6.82076, 83312
6.82185, 83312
6.82295, 83312
6.82404, 83312
6.82514, 83312
6.82623, 83096
6.82732, 83096
6.82841, 83096
6.8295, 83096
6.83059, 83096
6.83168, 83096
6.83278, 83096
6.83388, 83096
6.83497, 83096
6.8361, 83096
6.83721, 83096
6.83832, 83096
6.8395, 83096
6.84061, 83096
6.84172, 83096
6.84283, 83096
6.84395, 83096
6.84506, 83096
6.84616, 83096
6.84724, 83096
6.84833, 83096
6.84942, 83096
6.85051, 83096
6.85161, 83096
6.85271, 83096
6.8538, 83096
6.8549, 83096
6.85606, 83096
6.85717, 83096
6.85826, 83096
6.85936, 83096
6.86046, 83096
6.86156, 83096
6.86265, 83096
6.86375, 83096
6.86484, 83096
6.86593, 83096
6.86702, 83096
6.86812, 83096
6.86921, 83312
6.8703, 83312
6.87179, 83312
6.87307, 83312
6.88015, 83960
6.88143, 83960
6.8826, 83960
6.88375, 83960
6.88567, 85040
6.89019, 85040
6.8915, 85040
6.89261, 85040
6.8937, 85040
6.89479, 85472
6.89589, 85472
6.89698, 85472
6.89806, 85472
6.89916, 85472
6.90024, 85472
6.90133, 85472
6.90243, 85472
6.90354, 84608
6.90463, 84608
6.90573, 84608
6.90682, 84608
6.90792, 84608
6.90902, 84608
6.91011, 84608
6.9112, 84608
6.91231, 84176
6.91341, 84176
6.91451, 84176
6.91561, 84176
6.91671, 84176
6.91781, 84176
6.9189, 84176
6.92, 83744
6.9211, 83744
6.92221, 83744
6.92331, 83744
6.92441, 83744
6.92551, 83744
6.92671, 83744
6.92783, 83744
6.92893, 83528
6.93001, 83528
6.93112, 83528
6.93223, 83528
6.93333, 83528
6.93444, 83528
6.93561, 83528
6.93671, 83528
6.93781, 83312
6.9389, 83312
6.93999, 83312
6.94108, 83312
6.94217, 83312
6.94326, 83312
6.94435, 83312
6.94544, 83312
6.94653, 83312
6.94762, 83312
6.94872, 83312
6.94981, 83312
6.9509, 83312
6.95201, 83312
6.9531, 83312
6.95419, 83312
6.95529, 83312
6.95638, 83312
6.95747, 83312
6.95856, 83312
6.95966, 83312
6.96075, 83312
6.96184, 83312
6.96294, 83528
6.96405, 83528
6.96515, 83528
6.96626, 83528
6.96737, 83528
6.96847, 83528
6.96957, 83528
6.97067, 83528
6.97255, 83528
6.97391, 83528
6.97542, 83528
6.98094, 84392
6.98237, 84392
6.98351, 84392
6.98462, 84392
6.98572, 84392
6.98682, 84392
6.98793, 84392
6.98903, 84824
6.99013, 84824
6.99122, 84824
6.99232, 84824
6.99341, 84824
6.9945, 84824
6.99561, 84824
6.99672, 84176
6.99782, 84176
6.99892, 84176
7.00002, 84176
7.00112, 84176
7.00224, 84176
7.00335, 84176
7.00446, 84176
7.00557, 83960
7.00667, 83960
7.00777, 83960
7.00887, 83960
7.00996, 83960
7.01107, 83960
7.01217, 83960
7.01326, 83960
7.01435, 83744
7.01546, 83744
7.01655, 83744
7.01764, 83744
7.01874, 83744
7.01983, 83744
7.02092, 83744
7.02199, 83744
7.02309, 83528
7.02418, 83528
7.02528, 83528
7.02637, 83528
7.02746, 83528
7.02856, 83528
7.02967, 83528
7.03076, 83528
7.03186, 83528
7.03295, 83528
7.03405, 83528
7.03526, 83528
7.03637, 83528
7.03746, 83528
7.03855, 83528
7.03965, 83312
7.04075, 83312
7.04184, 83312
7.04293, 83312
7.04402, 83312
7.0451, 83312
7.04619, 83312
7.04729, 83312
7.04838, 83528
7.04946, 83528
7.05055, 83528
7.05163, 83528
7.05272, 83528
7.05381, 83528
7.0549, 83528
7.05599, 83528
7.05707, 83744
7.05816, 83744
7.05926, 83744
7.06034, 83744
7.06143, 83744
7.06252, 83744
7.06361, 83744
7.06469, 83744
7.06578, 83960
7.06687, 83960
7.06796, 83960
7.06905, 83960
7.07013, 83960
7.07133, 83960
7.07262, 83960
7.07395, 84176
7.07859, 84176
7.07987, 84176
7.08098, 84176
7.08207, 85688
7.08316, 85688
7.08424, 85688
7.08533, 85688
7.08641, 85688
7.0875, 85688
7.08859, 85688
7.08969, 85688
7.09077, 85904
7.09186, 85904
7.09295, 85904
7.09404, 85904
7.09513, 85904
7.09623, 85904
7.09732, 85904
7.09841, 85904
7.09953, 86120
7.10064, 86120
7.10174, 86120
7.10283, 86120
7.10393, 86120
7.10502, 86120
7.10611, 86120
7.1072, 86120
7.1083, 85688
7.10939, 85688
7.11048, 85688
7.11157, 85688
7.11266, 85688
7.11374, 85688
7.11483, 85688
7.11592, 85688
7.11702, 85472
7.11811, 85472
7.1192, 85472
7.12029, 85472
7.12139, 85472
7.12248, 85472
7.12358, 85472
7.12468, 85256
7.12577, 85256
7.12686, 85256
7.12796, 85256
7.12906, 85256
7.13015, 85256
7.13125, 85256
7.13235, 85256
7.13344, 85040
7.13454, 85040
7.13563, 85040
7.13673, 85040
7.13782, 85040
7.13891, 85040
7.14, 85040
7.1411, 85040
7.14219, 84824
7.14329, 84824
7.14439, 84824
7.14549, 84824
7.14658, 84824
7.14768, 84824
7.14878, 84824
7.14989, 84824
7.15105, 84824
7.15219, 84824
7.1533, 84824
7.1544, 84824
7.15553, 84824
7.15664, 84824
7.15775, 84824
7.15887, 84608
7.16, 84608
7.16113, 84608
7.16225, 84608
7.16345, 84608
7.16459, 84608
7.16653, 84608
7.16788, 84392
7.16991, 84392
7.17553, 84392
7.1768, 85040
7.17794, 85040
7.1791, 85040
7.18023, 85040
7.18136, 85040
7.18251, 85040
7.18364, 85040
7.18476, 85472
7.18587, 85472
7.18699, 85472
7.18813, 85472
7.18925, 85472
7.19035, 85472
7.19146, 85472
7.19256, 85472
7.19365, 85904
7.19477, 85904
7.19589, 85904
7.19699, 85904
7.19811, 85904
7.19926, 85904
7.20036, 85904
7.20146, 86120
7.20256, 86120
7.20366, 86120
7.20475, 86120
7.20586, 86120
7.20696, 86120
7.20808, 86120
7.20918, 86120
7.21028, 85688
7.21137, 85688
7.21247, 85688
7.21356, 85688
7.21465, 85688
7.21575, 85688
7.21684, 85688
7.21793, 85688
7.21902, 85904
7.22012, 85904
7.2212, 85904
7.22229, 85904
7.22339, 85904
7.22449, 85904
7.22558, 85904
7.22668, 85904
7.22779, 86120
7.22888, 86120
7.22999, 86120
7.23109, 86120
7.23222, 86120
7.23333, 86120
7.23443, 86120
7.23553, 85904
7.23662, 85904
7.23774, 85904
7.23885, 85904
7.23996, 85904
7.24106, 85904
7.24216, 85904
7.24327, 85904
7.24436, 85688
7.24546, 85688
7.24655, 85688
7.24765, 85688
7.24876, 85688
7.24986, 85688
7.25096, 85688
7.25207, 85688
7.25319, 85904
7.2543, 85904
7.2554, 85904
7.25649, 85904
7.25758, 85904
7.25871, 85904
7.25982, 85904
7.26092, 85904
7.26201, 86120
7.2631, 86120
7.26555, 86120
7.26684, 86120
7.26806, 86120
7.26932, 86120
7.27059, 85904
7.27205, 85904
7.27346, 85904
7.27486, 85904
7.27634, 85904
7.27765, 85904
7.27891, 85472
7.28025, 85472
7.28141, 85472
7.28328, 85472
7.28455, 85472
7.2858, 85472
7.28728, 85472
7.28861, 85472
7.28988, 85472
7.29118, 85472
7.29235, 85472
7.29353, 85472
7.29494, 85472
7.29627, 85472
7.29753, 85472
7.29881, 85472
7.30005, 85472
7.30123, 85472
7.30242, 85472
7.30365, 85472
7.30487, 84608
7.30607, 84608
7.30729, 84608
7.30851, 84608
7.30972, 84608
7.31094, 84608
7.31219, 84608
7.31342, 83960
7.31468, 83960
7.31591, 83960
7.31714, 83960
7.31832, 83960
7.31952, 83960
7.32072, 83960
7.32194, 83744
7.3232, 83744
7.32442, 83744
7.32567, 83744
7.32691, 83744
7.32813, 83744
7.32942, 83744
7.3307, 83744
7.332, 83744
7.33326, 83744
7.33452, 83744
7.33577, 83744
7.33697, 83744
7.33819, 83528
7.33944, 83528
7.34069, 83528
7.34193, 83528
7.34319, 83528
7.34438, 83528
7.34556, 83528
7.34676, 83744
7.34799, 83744
7.34921, 83744
7.35046, 83744
7.35173, 83744
7.35296, 83744
7.35419, 83744
7.35544, 83960
7.3567, 83960
7.35796, 83960
7.35922, 83960
7.36041, 83960
7.36162, 83960
7.36282, 83960
7.36395, 84176
7.36505, 84176
7.36614, 84176
7.36724, 84176
7.36833, 84176
7.36943, 84176
7.37053, 84176
7.37163, 84176
7.37272, 84392
7.37381, 84392
7.37491, 84392
7.376, 84392
7.3771, 84392
7.37819, 84392
7.37929, 84392
7.38038, 84392
7.38147, 84176
7.38257, 84176
7.38366, 84176
7.38476, 84176
7.38586, 84176
7.38702, 84176
7.38817, 84176
7.38927, 83960
7.39037, 83960
7.39147, 83960
7.39262, 83960
7.39372, 83960
7.39482, 83960
7.39591, 83960
7.39701, 83960
7.39809, 83528
7.39919, 83528
7.40028, 83528
7.40137, 83528
7.40246, 83528
7.40356, 83528
7.40465, 83528
7.40574, 83528
7.40684, 82664
7.40795, 82664
7.40905, 82664
7.41015, 82664
7.41125, 82664
7.41235, 82664
7.41345, 82664
7.41455, 82664
7.41565, 82448
7.41675, 82448
7.41785, 82448
7.41895, 82448
7.42011, 82448
7.42122, 82448
7.42231, 82448
7.42342, 82232
7.4246, 82232
7.42571, 82232
7.42682, 82232
7.42794, 82232
7.42906, 82232
7.43016, 82232
7.43126, 82232
7.43235, 83312
7.43344, 83312
7.43454, 83312
7.43564, 83312
7.43674, 83312
7.43784, 83312
7.43894, 83312
7.44005, 83312
7.44114, 84392
7.44224, 84392
7.44333, 84392
7.44442, 84392
7.44551, 84392
7.4466, 84392
7.44769, 84392
7.44879, 84392
7.44989, 85040
7.45101, 85040
7.45212, 85040
7.45322, 85040
7.45431, 85040
7.4554, 85040
7.4565, 85040
7.45759, 85256
7.45869, 85256
7.45978, 85256
7.46088, 85256
7.462, 85256
7.4631, 85256
7.46419, 85256
7.46529, 85256
7.46638, 84608
7.46748, 84608
7.46859, 84608
7.46969, 84608
7.47079, 84608
7.47188, 84608
7.47297, 84608
7.47406, 84608
7.47515, 84392
7.47625, 84392
7.47734, 84392
7.47844, 84392
7.47954, 84392
7.48064, 84392
7.48173, 84392
7.48289, 84392
7.484, 84176
7.4851, 84176
7.48619, 84176
7.4873, 84176
7.48839, 84176
7.48949, 84176
7.49058, 84176
7.49169, 84824
7.49281, 84824
7.4939, 84824
7.49499, 84824
7.49609, 84824
7.49719, 84824
7.49828, 84824
7.49936, 84824
7.50048, 85040
7.50159, 85040
7.50268, 85040
7.50377, 85040
7.50488, 85040
7.50597, 85040
7.50709, 85040
7.50819, 85040
7.50929, 85256
7.51038, 85256
7.51148, 85256
7.51257, 85256
7.51367, 85256
7.51478, 85256
7.51588, 85256
7.51698, 85256
7.51807, 85472
7.51917, 85472
7.52027, 85472
7.52137, 85472
7.52247, 85472
7.52356, 85472
7.52466, 85472
7.52576, 85040
7.52687, 85040
7.528, 85040
7.52912, 85040
7.53023, 85040
7.53134, 85040
7.53245, 85040
7.53357, 85040
7.53467, 84608
7.53577, 84608
7.53686, 84608
7.53796, 84608
7.53913, 84608
7.54024, 84608
7.54133, 84608
7.54241, 84608
7.5435, 84392
7.54459, 84392
7.54568, 84392
7.54683, 84392
7.54793, 84392
7.54903, 84392
7.55011, 84392
7.5512, 84392
7.5523, 84824
7.55339, 84824
7.55448, 84824
7.55558, 84824
7.55666, 84824
7.55775, 84824
7.55883, 84824
7.55992, 85904
7.56101, 85904
7.56223, 85904
7.56334, 85904
7.56443, 85904
7.56554, 85904
7.56664, 85904
7.56777, 85904
7.56887, 85688
7.56997, 85688
7.57109, 85688
7.57219, 85688
7.57328, 85688
7.57438, 85688
7.57548, 85688
7.57658, 85688
7.57767, 85040
7.57878, 85040
7.57988, 85040
7.58098, 85040
7.58207, 85040
7.58317, 85040
7.58427, 85040
7.58536, 85040
7.58646, 85040
7.58755, 85040
7.58864, 85040
7.58973, 85040
7.59083, 85040
7.59192, 85040
7.59302, 85040
7.59411, 84824
7.5952, 84824
7.59628, 84824
7.59738, 84824
7.59847, 84824
7.59956, 84824
7.60066, 84824
7.60176, 84824
7.60286, 84392
7.60395, 84392
7.60504, 84392
7.60613, 84392
7.60722, 84392
7.60832, 84392
7.60941, 84392
7.6105, 84392
7.61164, 84392
7.61275, 84392
7.61385, 84392
7.61495, 84392
7.61605, 84392
7.61715, 84392
7.61826, 84392
7.61935, 84392
7.62045, 84392
7.62154, 84392
7.62263, 84392
7.62372, 84392
7.62482, 84392
7.62591, 84392
7.627, 84392
7.62811, 85256
7.62921, 85256
7.63031, 85256
7.63141, 85256
7.63249, 85256
7.63359, 85256
7.63468, 85256
7.63577, 85256
7.63685, 85472
7.63794, 85472
7.63903, 85472
7.64012, 85472
7.64122, 85472
7.64231, 85472
7.64339, 85472
7.64448, 85472
7.64557, 85688
7.64666, 85688
7.64776, 85688
7.64886, 85688
7.64994, 85688
7.65103, 85688
7.65213, 85688
7.65323, 85688
7.65432, 86120
7.65541, 86120
7.6565, 86120
7.65759, 86120
7.65868, 86120
7.65977, 86120
7.66087, 86120
7.66196, 86120
7.66307, 86120
7.66418, 86120
7.66528, 86120
7.66638, 86120
7.66749, 86120
7.6686, 86120
7.66971, 86120
7.67083, 85472
7.67195, 85472
7.67312, 85472
7.67427, 85472
7.6754, 85472
7.67652, 85472
7.67764, 85472
7.67876, 85472
7.67989, 84824
7.68101, 84824
7.68212, 84824
7.68322, 84824
7.68433, 84824
7.68544, 84824
7.68655, 84824
7.68767, 84824
7.68877, 84608
7.68988, 84608
7.69096, 84608
7.69205, 84608
7.69315, 84608
7.69423, 84608
7.69532, 84608
7.69641, 85256
7.6975, 85256
7.69859, 85256
7.69968, 85256
7.70077, 85256
7.70185, 85256
7.70295, 85256
7.70404, 85256
7.70513, 85904
7.70622, 85904
7.70735, 85904
7.70846, 85904
7.70955, 85904
7.71064, 85904
7.71174, 85904
7.71283, 85904
7.71392, 85688
7.71501, 85688
7.71612, 85688
7.71722, 85688
7.71832, 85688
7.71943, 85688
7.72052, 85688
7.72161, 85688
7.72271, 85256
7.72381, 85256
7.72491, 85256
7.72602, 85256
7.72713, 85256
7.72823, 85256
7.72933, 85256
7.73043, 85256
7.73155, 84608
7.73266, 84608
7.73375, 84608
7.73484, 84608
7.73594, 84608
7.73702, 84608
7.73811, 84608
7.73927, 84176
7.74036, 84176
7.74146, 84176
7.74256, 84176
7.74366, 84176
7.74474, 84176
7.74583, 84176
7.74692, 84176
7.74801, 84824
7.7491, 84824
7.75019, 84824
7.7513, 84824
7.7524, 84824
7.7535, 84824
7.75459, 84824
7.75568, 84824
7.75678, 85040
7.75789, 85040
7.75898, 85040
7.76009, 85040
7.76118, 85040
7.76227, 85040
7.76336, 85040
7.76445, 85040
7.76554, 85040
7.76663, 85040
7.76773, 85040
7.76883, 85040
7.76992, 85040
7.77103, 85040
7.77213, 85040
7.77323, 85040
7.77433, 85040
7.77542, 85040
7.77652, 85040
7.77761, 85040
7.7787, 85040
7.7798, 85040
7.78088, 85040
7.78198, 85040
7.78309, 85040
7.78418, 85040
7.78644, 85040
7.78793, 85040
7.79414, 84608
7.80055, 84392
7.81163, 84392
7.81297, 84392
7.8143, 84392
7.8156, 84392
7.81689, 84608
7.81808, 84608
7.81934, 84608
7.82074, 84608
7.82248, 84608
7.82416, 84608
7.82567, 84608
7.82765, 84608
7.82936, 84608
7.83081, 84608
7.83237, 84608
7.8338, 84176
7.83506, 84176
7.83663, 84176
7.83819, 84176
7.83968, 84176
7.84118, 84176
7.84263, 84392
7.8441, 84392
7.84549, 84392
7.84696, 84392
7.84849, 84392
7.8501, 84608
7.85158, 84608
7.85291, 84608
7.85456, 84608
7.85615, 84608
7.8576, 84608
7.85899, 84608
7.86047, 84608
7.86201, 84608
7.86348, 84608
7.86493, 84608
7.86625, 84608
7.86758, 85040
7.86873, 85040
7.87006, 85040
7.87136, 85040
7.87266, 85040
7.87389, 85040
7.87527, 85040
7.87654, 84608
7.8778, 84608
7.87907, 84608
7.88059, 84608
7.88213, 84608
7.88346, 84608
7.88478, 84176
7.88622, 84176
7.88797, 84176
7.88959, 84176
7.89134, 84176
7.89306, 83312
7.89482, 83312
7.89644, 83312
7.89772, 83312
7.8994, 83312
7.90072, 83312
7.90205, 83312
7.90334, 83312
7.90472, 83312
7.90648, 83312
7.90833, 83312
7.91003, 83528
7.91159, 83528
7.91281, 83528
7.91409, 83528
7.91574, 83528
7.91724, 83528
7.91878, 83312
7.92022, 83312
7.92156, 83312
7.923, 83312
7.92492, 83312
7.92662, 83096
7.92844, 83096
7.93042, 83096
7.93229, 83096
7.93405, 83096
7.93529, 83096
7.93653, 83096
7.93839, 83096
7.9402, 83096
7.94163, 83096
7.94329, 83096
7.94494, 83528
7.9468, 83528
7.94876, 83528
7.95078, 83528
7.95272, 83312
7.95451, 83312
7.95588, 83312
7.95703, 83312
7.95819, 83312
7.95934, 83312
7.96054, 83312
7.96217, 83312
7.96365, 83312
7.96524, 83312
7.96674, 83312
7.968, 83312
7.96945, 83528
7.97101, 83528
7.97287, 83528
7.97462, 83528
7.97623, 83528
7.97786, 83312
7.97968, 83312
7.98139, 83312
7.98263, 83312
7.98383, 83312
7.98516, 83312
7.98648, 83528
7.98776, 83528
7.98906, 83528
7.99039, 83528
7.99172, 83528
7.99301, 83528
7.99435, 83528
7.99569, 84176
7.99702, 84176
7.99834, 84176
7.99969, 84176
8.00107, 84176
8.00248, 84176
8.00388, 84392
8.00514, 84392
8.00653, 84392
8.00792, 84392
8.00929, 84392
8.01053, 84392
8.01192, 84392
8.01328, 84824
8.01465, 84824
8.01608, 84824
8.01754, 84824
8.01897, 84824
8.02035, 84824
8.02171, 84824
8.02332, 84824
8.02491, 84824
8.02646, 84824
8.028, 84824
8.02951, 84824
8.03101, 84824
8.03254, 84824
8.03412, 84824
8.0357, 84824
8.03727, 84824
8.03885, 84824
8.04044, 84824
8.04205, 84824
8.04354, 84824
8.04481, 84824
8.04616, 84608
8.04762, 84608
8.04913, 84608
8.05059, 84608
8.05206, 84608
8.05361, 84608
8.05519, 84176
8.05678, 84176
8.0583, 84176
8.0598, 84176
8.06136, 84176
8.06292, 84176
8.06449, 84176
8.06611, 84176
8.06769, 84176
8.0693, 84176
8.07087, 84176
8.07242, 84824
8.07372, 84824
8.07501, 84824
8.07651, 84824
8.07805, 84824
8.07958, 84824
8.08095, 85472
8.0825, 85472
8.08408, 85472
8.08561, 85472
8.0872, 85472
8.08871, 85688
8.09022, 85688
8.09176, 85688
8.09334, 85688
8.09488, 85688
8.09642, 85688
8.09797, 83096
8.09984, 83096
8.10117, 83096
8.10231, 83096
8.10343, 83096
8.10453, 83096
8.10563, 83096
8.10673, 82232
8.10782, 82232
8.10892, 82232
8.11, 82232
8.1111, 82232
8.11221, 82232
8.11332, 82232
8.11442, 82232
8.11554, 82016
8.11666, 82016
8.11777, 82016
8.11888, 82016
8.12, 82016
8.1211, 82016
8.12221, 82016
8.12339, 81800
8.12451, 81800
8.12561, 81800
8.12672, 81800
8.12806, 81800
8.12948, 81800
8.13061, 81800
8.13171, 82448
8.1328, 82448
8.13389, 82448
8.13498, 82448
8.13608, 82448
8.13717, 82448
8.13826, 82448
8.13936, 82448
8.14046, 85040
8.14156, 85040
8.14265, 85040
8.14375, 85040
8.14485, 85040
8.14595, 85040
8.14708, 85040
8.14818, 85040
8.14927, 86336
8.15037, 86336
8.15148, 86336
8.15257, 86336
8.15367, 86336
8.15478, 86336
8.15593, 86336
8.15704, 86336
8.15814, 86336
8.15924, 86336
8.16034, 86336
8.16144, 86336
8.16253, 86336
8.16363, 86336
8.16472, 86336
8.16582, 85472
8.16691, 85472
8.16801, 85472
8.16911, 85472
8.17021, 85472
8.17131, 85472
8.1724, 85472
8.17349, 85472
8.17458, 85256
8.17568, 85256
8.17678, 85256
8.17787, 85256
8.17896, 85256
8.18006, 85256
8.18115, 85256
8.18225, 85256
8.18336, 84824
8.18446, 84824
8.18557, 84824
8.18674, 84824
8.18786, 84824
8.18896, 84824
8.19005, 84824
8.19116, 84824
8.19226, 84176
8.19335, 84176
8.19444, 84176
8.19554, 84176
8.19664, 84176
8.19773, 84176
8.19883, 84176
8.19993, 84824
8.20102, 84824
8.20212, 84824
8.20324, 84824
8.20434, 84824
8.20543, 84824
8.20652, 84824
8.20762, 84824
8.20873, 85040
8.20983, 85040
8.21092, 85040
8.21203, 85040
8.21314, 85040
8.21425, 85040
8.21536, 85040
8.21646, 85040
8.21757, 84824
8.21867, 84824
8.21977, 84824
8.22087, 84824
8.22196, 84824
8.22308, 84824
8.22417, 84824
8.22526, 84824
8.22634, 85040
8.22744, 85040
8.22853, 85040
8.22963, 85040
8.23075, 85040
8.23185, 85040
8.23294, 85040
8.234, 85256
8.2351, 85256
8.23619, 85256
8.23729, 85256
8.23839, 85256
8.23949, 85256
8.24059, 85256
8.24168, 85256
8.24277, 85472
8.24386, 85472
8.24495, 85472
8.24606, 85472
8.24716, 85472
8.24826, 85472
8.24937, 85472
8.25052, 85472
8.25165, 85256
8.25275, 85256
8.25386, 85256
8.25497, 85256
8.25608, 85256
8.25718, 85256
8.25828, 85256
8.25938, 85256
8.26048, 84824
8.26158, 84824
8.26269, 84824
8.26379, 84824
8.26488, 84824
8.26611, 84824
8.26723, 84824
8.26832, 84608
8.26941, 84608
8.2705, 84608
8.27161, 84608
8.2727, 84608
8.2738, 84608
8.2749, 84608
8.276, 84608
8.2771, 84176
8.2782, 84176
8.2793, 84176
8.2804, 84176
8.28152, 84176
8.28262, 84176
8.28379, 84176
8.2849, 84176
8.28601, 83744
8.28711, 83744
8.2882, 83744
8.2893, 83744
8.29039, 83744
8.29151, 83744
8.29262, 83744
8.29371, 84176
8.2948, 84176
8.2959, 84176
8.29699, 84176
8.2981, 84176
8.29919, 84176
8.30028, 84176
8.30139, 84176
8.30248, 84392
8.30359, 84392
8.30469, 84392
8.30579, 84392
8.30688, 84392
8.30798, 84392
8.30908, 84392
8.31018, 84392
8.31128, 84608
8.31238, 84608
8.31348, 84608
8.31461, 84608
8.31572, 84608
8.31682, 84608
8.3179, 84608
8.31899, 84608
8.32008, 85040
8.32118, 85040
8.32228, 85040
8.32338, 85040
8.32448, 85040
8.32558, 85040
8.32667, 85040
8.32777, 85040
8.32887, 84608
8.32997, 84608
8.33108, 84608
8.33218, 84608
8.33328, 84608
8.33437, 84608
8.33547, 84608
8.33657, 84392
8.33766, 84392
8.33876, 84392
8.33986, 84392
8.34097, 84392
8.34206, 84392
8.34315, 84392
8.34425, 84392
8.34534, 84608
8.34645, 84608
8.34755, 84608
8.34867, 84608
8.34977, 84608
8.35087, 84608
8.35773, 84392
8.3652, 84176
8.37004, 84176
8.37319, 84392
8.37438, 84392
8.37559, 84392
8.3767, 84392
8.37782, 84392
8.37894, 84392
8.38006, 85040
8.38122, 85040
8.3824, 85040
8.38371, 85040
8.38508, 85040
8.38637, 85040
8.38777, 84608
8.38907, 84608
8.39048, 84608
8.39184, 84608
8.39315, 84608
8.39452, 84608
8.39598, 83960
8.39742, 83960
8.39863, 83960
8.39982, 83960
8.40117, 83960
8.40234, 83960
8.4035, 83960
8.40466, 83528
8.40582, 83528
8.40694, 83528
8.40808, 83528
8.40923, 83528
8.41038, 83528
8.42216, 83528
8.42404, 83528
8.42564, 83528
8.42688, 83528
8.42813, 83528
8.42942, 83528
8.4307, 83744
8.43196, 83744
8.43321, 83744
8.43446, 83744
8.43568, 83744
8.43687, 83744
8.43824, 83744
8.43963, 83960
8.4409, 83960
8.44205, 83960
8.44334, 83960
8.44466, 83960
8.4459, 83960
8.44714, 83960
8.44837, 83960
8.44963, 83960
8.45092, 83960
8.4524, 83960
8.45367, 83960
8.45494, 83960
8.45624, 83528
8.45752, 83528
8.4588, 83528
8.46001, 83528
8.46126, 83528
8.46257, 83528
8.46387, 83528
8.46512, 83528
8.46635, 83528
8.46762, 83528
8.46884, 83528
8.47018, 83528
8.47143, 83528
8.47265, 83528
8.47383, 83312
8.47501, 83312
8.47613, 83312
8.47723, 83312
8.47833, 83312
8.47944, 83312
8.48054, 83312
8.48164, 83312
8.48274, 83312
8.48385, 83312
8.48495, 83312
8.48606, 83312
8.48718, 83312
8.48828, 83312
8.48938, 83312
8.49048, 83528
8.49159, 83528
8.49268, 83528
8.49378, 83528
8.49489, 83528
8.49599, 83528
8.4971, 83528
8.4982, 83528
8.4993, 83312
8.5004, 83312
8.50151, 83312
8.50261, 83312
8.50371, 83312
8.50481, 83312
8.50591, 83312
8.50707, 83528
8.50818, 83528
8.50928, 83528
8.51038, 83528
8.5115, 83528
8.51265, 83528
8.51374, 83528
8.51484, 83528
8.51595, 83312
8.51705, 83312
8.51814, 83312
8.51924, 83312
8.52035, 83312
8.52145, 83312
8.52254, 83312
8.52364, 83312
8.52474, 82232
8.52584, 82232
8.52693, 82232
8.52804, 82232
8.52914, 82232
8.53024, 82232
8.53134, 82232
8.53244, 82232
8.53354, 82016
8.53464, 82016
8.53575, 82016
8.53696, 82016
8.53821, 82016
8.53943, 82016
8.54055, 82016
8.54166, 82016
8.54297, 82016
8.54411, 82016
8.5452, 82016
8.54629, 82016
8.54738, 82016
8.54848, 82016
8.54957, 82016
8.55066, 82232
8.55176, 82232
8.55286, 82232
8.55396, 82232
8.55509, 82232
8.55619, 82232
8.55729, 82232
8.55838, 82664
8.55948, 82664
8.56057, 82664
8.56166, 82664
8.56276, 82664
8.5639, 82664
8.56512, 82664
8.56633, 82664
8.56758, 83096
8.5688, 83096
8.57006, 83096
8.57145, 83096
8.57268, 83096
8.5739, 83096
8.57521, 83312
8.57647, 83312
8.57775, 83312
8.579, 83312
8.58021, 83312
8.58143, 83312
8.58267, 83312
8.5839, 83096
8.58509, 83096
8.58621, 83096
8.58732, 83096
8.58843, 83096
8.58952, 83096
8.59062, 83096
8.59172, 83096
8.59281, 83960
8.59393, 83960
8.59508, 83960
8.59617, 83960
8.59726, 83960
8.59836, 83960
8.59946, 83960
8.60055, 83960
8.60166, 83528
8.60277, 83528
8.60389, 83528
8.60498, 83528
8.60608, 83528
8.60718, 83528
8.60828, 83528
8.60937, 83528
8.61047, 83096
8.61161, 83096
8.61275, 83096
8.61388, 83096
8.61499, 83096
8.6161, 83096
8.61719, 83096
8.61829, 82880
8.61938, 82880
8.62047, 82880
8.62156, 82880
8.62264, 82880
8.62374, 82880
8.62484, 82880
8.62592, 82880
8.62701, 82664
8.62811, 82664
8.62919, 82664
8.63028, 82664
8.63137, 82664
8.63245, 82664
8.63353, 82664
8.63462, 82664
8.63573, 82448
8.63683, 82448
8.63792, 82448
8.63901, 82448
8.6401, 82448
8.6412, 82448
8.64228, 82448
8.64337, 82448
8.64446, 82448
8.64555, 82448
8.64663, 82448
8.64772, 82448
8.64879, 82448
8.64988, 82448
8.65096, 82448
8.65205, 82448
8.65314, 82448
8.65424, 82448
8.65534, 82448
8.65643, 82448
8.65752, 82448
8.65861, 82448
8.6597, 82448
8.66079, 82664
8.66188, 82664
8.66297, 82664
8.66406, 82664
8.66517, 82664
8.66625, 82664
8.66733, 82664
8.66841, 82664
8.6695, 82448
8.67059, 82448
8.67169, 82448
8.67278, 82448
8.67386, 82448
8.67494, 82448
8.67604, 82448
8.67712, 82448
8.67821, 82664
8.67929, 82664
8.68038, 82664
8.68146, 82664
8.68256, 82664
8.68373, 82664
8.68491, 82664
8.6861, 82664
8.68727, 82664
8.68839, 82664
8.68949, 82664
8.69058, 82664
8.69168, 82664
8.6928, 82664
8.69392, 82664
8.69509, 82664
8.69623, 82664
8.69736, 82664
8.69847, 82664
8.69957, 82664
8.70067, 82664
8.70177, 82664
8.70287, 82664
8.70396, 82448
8.70511, 82448
8.70621, 82448
8.70732, 82448
8.70842, 82448
8.70951, 82448
8.71061, 82448
8.7117, 82448
8.7128, 82448
8.7139, 82448
8.71499, 82448
8.71608, 82448
8.71716, 82448
8.71825, 82448
8.71934, 82448
8.72044, 82232
8.72153, 82232
8.72261, 82232
8.7237, 82232
8.7248, 82232
8.7259, 82232
8.727, 82232
8.72811, 82232
8.7292, 82016
8.7303, 82016
8.7314, 82016
8.73252, 82016
8.73364, 82016
8.73474, 82016
8.73586, 82016
8.73697, 82016
8.73806, 82016
8.73916, 82016
8.74026, 82016
8.74136, 82016
8.74245, 82016
8.74355, 82016
8.74464, 82016
8.74575, 82016
8.74685, 82016
8.74796, 82016
8.74905, 82016
8.75014, 82016
8.75125, 82016
8.75237, 82016
8.75348, 82016
8.75459, 82016
8.75569, 82016
8.75684, 82016
8.75797, 82016
8.7592, 82016
8.76039, 82016
8.76161, 82016
8.76274, 82016
8.76396, 82232
8.76509, 82232
8.76622, 82232
8.76734, 82232
8.76845, 82232
8.76957, 82232
8.77069, 82232
8.7718, 82016
8.77291, 82016
8.774, 82016
8.77512, 82016
8.77623, 82016
8.77734, 82016
8.77844, 82016
8.77958, 82016
8.78073, 81368
8.78186, 81368
8.78299, 81368
8.78413, 81368
8.78529, 81368
8.78643, 81368
8.78758, 81368
8.78872, 80936
8.78983, 80936
8.79094, 80936
8.79205, 80936
8.79315, 80936
8.79426, 80936
8.7955, 80936
8.79663, 80936
8.79774, 80936
8.79885, 80936
8.79998, 80936
8.80108, 80936
8.80219, 80936
8.8033, 80936
8.8044, 80936
8.80551, 80936
8.80661, 80504
8.80773, 80504
8.80886, 80504
8.81003, 80504
8.81121, 80504
8.81238, 80504
8.81352, 80504
8.81467, 80288
8.81581, 80288
8.81694, 80288
8.81808, 80288
8.81925, 80288
8.82037, 80288
8.82153, 80288
8.82269, 80072
8.82387, 80072
8.82503, 80072
8.82631, 80072
8.82779, 80072
8.82895, 80072
8.83007, 80072
8.83117, 80072
8.83238, 80288
8.83354, 80288
8.83469, 80288
8.83586, 80288
8.83698, 80288
8.83812, 80288
8.83946, 80288
8.84061, 80288
8.84173, 80288
8.84283, 80288
8.84394, 80288
8.84506, 80288
8.84617, 80288
8.862, 80720
8.86334, 80720
8.86454, 80720
8.86572, 80720
8.86689, 80720
8.86811, 80720
8.8693, 80720
8.87046, 80720
8.87163, 80720
8.8729, 80720
8.87418, 80936
8.87551, 80936
8.87676, 80936
8.87801, 80936
8.87923, 80936
8.8804, 80936
8.88156, 80936
8.88272, 80936
8.88392, 80936
8.88512, 80936
8.88631, 80936
8.88755, 80936
8.889, 80936
8.89022, 80936
8.89151, 81368
8.89275, 81368
8.89402, 81368
8.89534, 81368
8.89663, 81368
8.89793, 81368
8.89915, 81368
8.90028, 81584
8.90139, 81584
8.90245, 81584
8.90357, 81584
8.90469, 81584
8.90582, 81584
8.90693, 81584
8.90803, 81584
8.90913, 81152
8.91024, 81152
8.9114, 81152
8.91393, 81152
8.91519, 81152
8.91652, 81368
8.91785, 81368
8.91915, 81368
8.92033, 81368
8.92148, 81368
8.92262, 81368
8.92377, 81368
8.92492, 81368
8.92606, 82232
8.92726, 82232
8.92847, 82232
8.92963, 82232
8.93095, 82232
8.93222, 82232
8.93334, 82232
8.93487, 82664
8.93631, 82664
8.93754, 82664
8.93875, 82664
8.94009, 82664
8.94136, 82664
8.94263, 83096
8.94412, 83096
8.94533, 83096
8.9465, 83096
8.94764, 83096
8.94878, 83096
8.94997, 83096
8.95124, 83312
8.95243, 83312
8.95357, 83312
8.95471, 83312
8.95586, 83312
8.95702, 83312
8.95831, 83312
8.95965, 83528
8.96094, 83528
8.96221, 83528
8.96339, 83528
8.96454, 83528
8.96568, 83528
8.96682, 83528
8.968, 83312
8.96918, 83312
8.97043, 83312
8.97162, 83312
8.9728, 83312
8.97397, 83312
8.97521, 83312
8.97637, 83528
8.97753, 83528
8.97866, 83528
8.97981, 83528
8.98097, 83528
8.98212, 83528
8.98329, 83528
8.98448, 83528
8.98571, 83312
8.98696, 83312
8.98826, 83312
8.98959, 83312
8.99084, 83312
8.99202, 83312
8.9932, 83312
8.99437, 82880
8.99556, 82880
8.99672, 82880
8.99788, 82880
8.99911, 82880
9.00029, 82880
9.00146, 82880
9.00265, 82664
9.00384, 82664
9.00507, 82664
9.00636, 82664
9.00764, 82664
9.00886, 82664
9.01005, 82664
9.0113, 82448
9.01256, 82448
9.01379, 82448
9.01508, 82448
9.0163, 82448
9.01753, 82448
9.01886, 82448
9.02027, 82232
9.02227, 82232
9.0238, 82232
9.02508, 82232
9.02632, 82232
9.02755, 82016
9.02882, 82016
9.0302, 82016
9.03174, 82016
9.03314, 82016
9.03446, 82016
9.03598, 81800
9.03732, 81800
9.03855, 81800
9.04013, 81800
9.04151, 81800
9.04287, 81800
9.04416, 81800
9.04543, 81584
9.04668, 81584
9.04795, 81584
9.04916, 81584
9.05037, 81584
9.05173, 81584
9.05302, 81368
9.05444, 81368
9.05617, 81368
9.05743, 81368
9.05869, 81368
9.05995, 81368
9.06118, 81368
9.06239, 81584
9.06361, 81584
9.06485, 81584
9.06611, 81584
9.06731, 81584
9.06851, 81584
9.06974, 81584
9.07128, 82016
9.07352, 82016
9.07574, 82016
9.07761, 82016
9.07951, 81800
9.08076, 81800
9.08209, 81800
9.08484, 82016
9.09071, 82016
9.09311, 82016
9.09503, 82016
9.09708, 81368
9.09893, 81368
9.10057, 81368
9.10217, 81368
9.10349, 81368
9.10531, 81152
9.10775, 81152
9.11067, 81152
9.11331, 80936
9.11546, 80936
9.11765, 80936
9.1205, 80936
9.12326, 80504
9.12511, 80504
9.12668, 80504
9.12793, 80504
9.12914, 80504
9.13045, 80504
9.13176, 80504
9.1331, 80504
9.13441, 80504
9.14281, 80288
9.145, 80288
9.14706, 80072
9.14899, 80072
9.15175, 80072
9.15423, 80072
9.15892, 80072
9.17177, 79640
9.17352, 79856
9.17969, 79856
9.18297, 79856
9.1847, 79856
9.18834, 79856
9.19845, 79640
9.20026, 79640
9.20627, 79640
9.20808, 79640
9.21029, 79640
9.21226, 79640
9.21529, 79424
9.21725, 79424
9.21903, 79424
9.22453, 79640
9.22677, 79640
9.2283, 79640
9.23963, 79640
9.24224, 79856
9.24522, 79856
9.24657, 79856
9.24796, 79856
9.24934, 79640
9.25074, 79640
9.25215, 79640
9.25356, 79640
9.25497, 79640
9.25637, 79640
9.2594, 79856
9.26095, 79856
9.26229, 79856
9.26364, 79856
9.26494, 79856
9.26989, 80072
9.27135, 80072
9.27267, 80072
9.27403, 80072
9.27543, 80072
9.2769, 80072
9.27838, 80072
9.2799, 80072
9.28168, 80072
9.2833, 80072
9.28819, 80072
9.28969, 80072
9.29125, 80072
9.29272, 80288
9.29421, 80288
9.30038, 80288
9.30182, 80072
9.30328, 80072
9.30465, 80072
9.30603, 80072
9.30757, 80072
9.30921, 80072
9.31066, 80072
9.3123, 80072
9.31389, 80072
9.31553, 80072
9.31882, 80072
9.32314, 80072
9.32536, 80072
9.3269, 79856
9.32842, 79856
9.32995, 79856
9.33603, 79856
9.34066, 79856
9.34325, 79856
9.3465, 79856
9.34856, 79856
9.35013, 79856
9.35159, 79856
9.35846, 79856
9.36408, 79640
9.37268, 79424
9.37761, 79640
9.38068, 79640
9.38246, 79640
9.38395, 79640
9.38561, 79640
9.38758, 79640
9.39101, 79640
9.39323, 79640
9.39736, 79640
9.3996, 79640
9.40087, 79640
9.40372, 79208
9.41092, 79208
9.41278, 78992
9.41473, 78992
9.41741, 78992
9.4198, 78992
9.42105, 79208
9.42358, 79208
9.43336, 78992
9.43842, 78776
9.45064, 78776
9.45429, 78776
9.45707, 78776
9.46339, 78776
9.46724, 78776
9.46995, 78776
9.47148, 78992
9.47274, 78992
9.47393, 78992
9.47541, 78992
9.47661, 78992
9.4778, 78992
9.47912, 78992
9.48033, 78560
9.48164, 78560
9.48465, 78560
9.48758, 78560
9.49625, 78776
9.49828, 78992
9.49969, 78992
9.50121, 78992
9.50256, 78992
9.50378, 78992
9.50497, 78992
9.50625, 78560
9.50745, 78560
9.5087, 78560
9.50989, 78560
9.51127, 78560
9.51246, 78560
9.51366, 78560
9.51493, 78344
9.51614, 78344
9.51735, 78344
9.51859, 78344
9.5198, 78344
9.52101, 78344
9.52224, 78344
9.52344, 78128
9.52463, 78128
9.52581, 78128
9.52715, 78128
9.5291, 78128
9.53057, 78128
9.53308, 78128
9.53448, 78128
9.53566, 78128
9.53682, 78128
9.53797, 78128
9.53916, 78128
9.54031, 78344
9.54144, 78344
9.54259, 78344
9.54373, 78344
9.54487, 78344
9.54601, 78344
9.5472, 78344
9.55406, 78344
9.55559, 78344
9.55856, 78776
9.55984, 78776
9.56102, 78776
9.56265, 78776
9.56466, 78776
9.56586, 78992
9.56707, 78992
9.56826, 78992
9.56996, 78992
9.57987, 78776
9.58128, 78776
9.58248, 78992
9.58366, 78992
9.58538, 78992
9.59121, 78776
9.59279, 78776
9.59427, 78776
9.59621, 78776
9.59919, 78992
9.60159, 78992
9.60351, 78992
9.60516, 78992
9.60694, 78992
9.60891, 79208
9.61042, 79208
9.61175, 79208
9.61298, 79208
9.61427, 79208
9.61619, 79208
9.62167, 79208
9.62333, 79208
9.62451, 79208
9.62575, 79208
9.62697, 79208
9.62824, 79208
9.6295, 79208
9.63072, 79208
9.63192, 79208
9.63358, 78992
9.63794, 78992
9.6398, 78992
9.64577, 78776
9.65692, 79208
9.66258, 79424
9.66412, 79424
9.67147, 79640
9.67433, 79640
9.67626, 79856
9.68241, 79856
9.68477, 80072
9.68696, 80072
9.68977, 80072
9.69206, 80072
9.69358, 80072
9.70201, 80072
9.70466, 80072
9.71294, 80288
9.72058, 80288
9.72186, 80288
9.72304, 80288
9.72425, 80288
9.72546, 80288
9.72665, 80288
9.72788, 80288
9.7291, 80288
9.73033, 80288
9.73156, 80288
9.73407, 80288
9.73537, 80288
9.73691, 80288
9.73815, 80288
9.73935, 80288
9.74052, 80288
9.74186, 80288
9.74345, 80288
9.74653, 80288
9.74778, 80288
9.74899, 80288
9.75014, 80288
9.75129, 80288
9.75248, 80288
9.75373, 80072
9.75551, 80072
9.75705, 80072
9.75933, 80072
9.76227, 80072
9.76357, 80072
9.76474, 80072
9.76601, 80072
9.76718, 80072
9.76836, 80072
9.76975, 80072
9.77102, 80072
9.77224, 80072
9.77346, 80072
9.77466, 80072
9.77585, 80072
9.77703, 80072
9.77821, 80072
9.77949, 80072
9.78078, 80072
9.78211, 80072
9.78342, 80072
9.78467, 80072
9.78603, 80072
9.78731, 80288
9.7886, 80288
9.78995, 80288
9.79136, 80288
9.79272, 80288
9.79401, 80288
9.79519, 80288
9.79648, 80288
9.79776, 80288
9.79903, 80288
9.80029, 80288
9.80154, 80288
9.80273, 80288
9.80393, 80288
9.80519, 80288
9.80648, 80288
9.80772, 80288
9.80887, 80288
9.81003, 80288
9.81118, 80288
9.81233, 80288
9.81348, 80288
9.81467, 80288
9.81595, 80288
9.81715, 80288
9.81844, 80288
9.81971, 80288
9.82104, 80504
9.82233, 80504
9.82368, 80504
9.82509, 80504
9.8264, 80504
9.82774, 80504
9.82909, 80504
9.8304, 80504
9.83169, 80504
9.83305, 80504
9.83436, 80504
9.83568, 80504
9.83702, 80504
9.83834, 80720
9.83968, 80720
9.841, 80720
9.84231, 80720
9.84368, 80720
9.84491, 80720
9.8462, 80720
9.84755, 80720
9.84882, 80720
9.85011, 80720
9.8516, 80720
9.85293, 80720
9.85423, 80720
9.85551, 80720
9.85676, 80720
9.85794, 80720
9.85911, 80720
9.86034, 80720
9.86156, 80720
9.86281, 80720
9.86422, 80720
9.86558, 80720
9.86694, 80720
9.86824, 80720
9.86964, 80720
9.87103, 80720
9.87237, 80720
9.87365, 80720
9.87494, 80720
9.87626, 80720
9.87756, 80720
9.87886, 80720
9.88021, 80720
9.88154, 80720
9.88293, 80720
9.88422, 80720
9.8855, 80720
9.88683, 80720
9.88816, 80720
9.88941, 80720
9.8907, 80720
9.89202, 80720
9.8933, 80720
9.89469, 80720
9.89598, 80720
9.89723, 80720
9.89849, 80720
9.89988, 80720
9.90125, 80720
9.90285, 80720
9.90424, 80720
9.90569, 80720
9.90704, 80720
9.90836, 80720
9.9096, 80720
9.91086, 80720
9.91209, 80720
9.91339, 80720
9.91464, 80720
9.91589, 80936
9.9172, 80936
9.91851, 80936
9.91979, 80936
9.92104, 80936
9.92229, 80936
9.92358, 80720
9.92483, 80720
9.92617, 80720
9.92763, 80720
9.929, 80720
9.93032, 80720
9.93164, 80720
9.93292, 80720
9.93423, 80720
9.9355, 80720
9.93677, 80720
9.93803, 80720
9.93928, 80720
9.94054, 80720
9.9418, 80720
9.94318, 80720
9.94485, 80720
9.94633, 80720
9.94764, 80720
9.94894, 80720
9.95025, 80720
9.9516, 80720
9.953, 80720
9.95437, 80720
9.9558, 80720
9.95723, 80720
9.95853, 80720
9.95981, 80720
9.96108, 80720
9.96233, 80720
9.96365, 80720
9.96498, 80720
9.96623, 80720
9.96754, 80720
9.96878, 80720
9.97009, 80720
9.97148, 80720
9.97289, 80720
9.97426, 80720
9.97564, 80720
9.97699, 80720
9.97833, 80720
9.9797, 80720
9.98104, 80720
9.98244, 80720
9.98375, 80720
9.98503, 80720
9.9863, 80720
9.98757, 80720
9.98892, 80720
9.99025, 80720
9.99157, 80720
9.99412, 80720
9.99543, 80720
9.99687, 80720
9.99826, 80720
9.99959, 80720
10.0009, 80720
10.0022, 80720
10.0036, 80720
10.0048, 80720
10.0061, 80720
10.0074, 80720
10.0088, 80720
10.0101, 80720
10.0114, 80720
10.0126, 80720
10.0138, 80720
10.0152, 80720
10.0165, 80720
10.0181, 80720
10.0194, 80720
10.0208, 80720
10.0222, 80720
10.0235, 80720
10.0248, 80720
10.0261, 80720
10.0275, 80720
10.0288, 80720
10.0301, 80720
10.0313, 80720
10.0325, 80720
10.0337, 80720
10.0349, 80720
10.0361, 80720
10.0374, 80720
10.0386, 80720
10.0399, 80720
10.0412, 80720
10.0424, 80720
10.0436, 80936
10.0448, 80936
10.046, 80936
10.0474, 80936
10.0488, 80936
10.0503, 80936
10.0517, 80936
10.053, 80936
10.0541, 80936
10.0553, 80936
10.0564, 80936
10.0576, 80936
10.0587, 80936
10.06, 80936
10.0611, 80504
10.0623, 80504
10.0635, 80504
10.0647, 80504
10.066, 80504
10.0673, 80504
10.0685, 80504
10.0696, 80288
10.0708, 80288
10.0719, 80288
10.0731, 80288
10.0745, 80288
10.0758, 80288
10.0773, 80504
10.0786, 80504
10.0799, 80504
10.0813, 80504
10.0827, 80504
10.0839, 80504
10.0852, 80504
10.0867, 80720
10.088, 80720
10.0892, 80720
10.0904, 80720
10.0916, 80720
10.0928, 80720
10.0939, 80720
10.0951, 80720
10.0963, 80720
10.0974, 80720
10.0986, 80720
10.0997, 80720
10.1009, 80720
10.1021, 80720
10.1035, 80720
10.1049, 80720
10.1064, 80720
10.1076, 80720
10.1089, 80720
10.1102, 80720
10.1115, 80936
10.1127, 80936
10.1139, 80936
10.1151, 80936
10.1163, 80936
10.1174, 80936
10.1185, 80936
10.1197, 80936
10.1208, 80936
10.122, 80936
10.1232, 80936
10.1244, 80936
10.1255, 80936
10.1267, 80936
10.1278, 80936
10.129, 80720
10.1301, 80720
10.1313, 80720
10.1325, 80720
10.1336, 80720
10.1348, 80720
10.1359, 80720
10.1371, 80936
10.1384, 80936
10.1396, 80936
10.1409, 80936
10.1421, 80936
10.1434, 80936
10.1445, 80936
10.1457, 80720
10.1468, 80720
10.148, 80720
10.1491, 80720
10.1502, 80720
10.1514, 80720
10.1526, 80720
10.1537, 80720
10.1549, 80936
10.1563, 80936
10.1576, 80936
10.1589, 80936
10.1602, 80936
10.1615, 80936
10.1629, 80936
10.1642, 80936
10.1654, 80936
10.1667, 80936
10.1679, 80936
10.1692, 80936
10.1704, 80936
10.1716, 80936
10.1727, 80936
10.1739, 80936
10.1751, 80936
10.1762, 80936
10.1774, 80936
10.1785, 80936
10.1797, 80504
10.1809, 80504
10.1821, 80504
10.1832, 80504
10.1844, 80504
10.1857, 80504
10.1869, 80504
10.1883, 80504
10.1895, 80504
10.1907, 80504
10.1919, 80504
10.193, 80504
10.1941, 80504
10.1953, 80504
10.1965, 80504
10.1976, 80504
10.1987, 80504
10.1999, 80504
10.2011, 80504
10.2022, 80504
10.2035, 80504
10.2048, 80504
10.2062, 80504
10.2076, 80504
10.209, 80504
10.2104, 80504
10.2116, 80504
10.2128, 80504
10.2141, 80936
10.2154, 80936
10.2167, 80936
10.218, 80936
10.2192, 80936
10.2203, 80936
10.2215, 80936
10.2227, 80936
10.2238, 80936
10.225, 80936
10.2261, 80936
10.2273, 80936
10.2284, 80936
10.2296, 80936
10.2308, 80504
10.2323, 80504
10.2337, 80504
10.2352, 80504
10.2365, 80504
10.2379, 80504
10.2394, 80720
10.2406, 80720
10.2418, 80720
10.2429, 80720
10.2441, 80720
10.2453, 80720
10.2466, 80720
10.2478, 81152
10.2489, 81152
10.2501, 81152
10.2514, 81152
10.2525, 81152
10.2537, 81152
10.2549, 81152
10.2561, 81152
10.2574, 81152
10.2587, 81152
10.2599, 81152
10.261, 81152
10.2621, 81152
10.2633, 81152
10.2645, 81152
10.2657, 81368
10.267, 81368
10.2684, 81368
10.2697, 81368
10.2711, 81368
10.2725, 81368
10.2738, 81368
10.2751, 81368
10.2765, 81368
10.278, 81368
10.2793, 81368
10.2804, 81368
10.2816, 81368
10.2828, 81584
10.2841, 81584
10.2853, 81584
10.2866, 81584
10.2878, 81584
10.289, 81584
10.2902, 81584
10.2914, 81368
10.2926, 81368
10.2937, 81368
10.2949, 81368
10.2962, 81368
10.2975, 81368
10.2989, 81368
10.3002, 81368
10.3016, 81368
10.3029, 81368
10.3042, 81368
10.3055, 81368
10.3068, 81368
10.3081, 81368
10.3096, 81368
10.3109, 81368
10.3123, 81368
10.3137, 81368
10.3152, 81368
10.3165, 81584
10.3177, 81584
10.3189, 81584
10.3201, 81584
10.3213, 81584
10.3227, 81584
10.324, 81584
10.3253, 81584
10.3267, 81584
10.328, 81584
10.3293, 81584
10.3306, 81584
10.3319, 81584
10.3332, 81584
10.3344, 81584
10.3357, 81584
10.3369, 81584
10.3382, 81584
10.3394, 81584
10.3407, 81584
10.3421, 81584
10.3433, 81584
10.3446, 81584
10.3459, 81584
10.3472, 81584
10.3485, 81584
10.3497, 81584
10.3511, 81368
10.3524, 81368
10.3538, 81368
10.3551, 81368
10.3564, 81368
10.3577, 81368
10.3591, 81152
10.3605, 81152
10.3619, 81152
10.3634, 81152
10.3648, 81152
10.3661, 81152
10.3673, 81152
10.3686, 81152
10.3698, 81152
10.3711, 81152
10.3724, 81152
10.3737, 81152
10.375, 81152
10.3765, 81368
10.3779, 81368
10.3792, 81368
10.3805, 81368
10.3817, 81368
10.383, 81368
10.3844, 81368
10.3858, 81368
10.3873, 81368
10.3887, 81368
10.39, 81368
10.3913, 81368
10.3926, 81368
10.3939, 81368
10.3952, 81368
10.3966, 81368
10.3979, 81368
10.3992, 81368
10.4004, 81368
10.4017, 81368
10.4031, 81368
10.4044, 81368
10.4055, 81368
10.4069, 81368
10.4082, 81368
10.4095, 81368
10.4108, 81368
10.4121, 81368
10.4135, 81368
10.4148, 81368
10.4161, 81368
10.4175, 81368
10.4187, 81368
10.42, 81368
10.4213, 81368
10.4226, 81368
10.424, 81368
10.4254, 81368
10.4267, 81368
10.4281, 81368
10.4294, 81368
10.4306, 81368
10.4319, 81368
10.4334, 81368
10.4347, 81368
10.4361, 81368
10.4373, 81368
10.4386, 81368
10.44, 81368
10.4414, 81368
10.4427, 81368
10.444, 81368
10.4453, 81368
10.4466, 81368
10.4479, 81368
10.4493, 81368
10.4506, 81368
10.452, 81368
10.4534, 81584
10.455, 81584
10.4564, 81584
10.4577, 81584
10.4591, 81584
10.4606, 81584
10.4619, 81368
10.4632, 81368
10.4645, 81368
10.4657, 81368
10.467, 81368
10.4682, 81368
10.4694, 81368
10.4707, 81368
10.4719, 81368
10.4731, 81368
10.4743, 81368
10.4755, 81368
10.4768, 81368
10.478, 81368
10.4793, 81368
10.4805, 81368
10.4817, 81368
10.4829, 81368
10.4841, 81368
10.4854, 81368
10.4868, 81368
10.4881, 81368
10.4894, 81368
10.4907, 81368
10.4919, 81368
10.4932, 81368
10.4944, 81368
10.4956, 81584
10.4967, 81584
10.4979, 81584
10.4991, 81584
10.5003, 81584
10.5014, 81584
10.5026, 81584
10.5038, 81584
10.505, 81584
10.5062, 81584
10.5074, 81584
10.5085, 81584
10.5097, 81584
10.5108, 81584
10.512, 81584
10.5132, 81584
10.5143, 81584
10.5155, 81584
10.5166, 81584
10.5178, 81584
10.519, 81584
10.5202, 81584
10.5216, 81584
10.5228, 81584
10.5239, 81584
10.5251, 81584
10.5263, 81584
10.5275, 81584
10.5288, 81584
10.53, 81584
10.5311, 81584
10.5323, 81584
10.5337, 81584
10.535, 81584
10.5363, 81584
10.5376, 81584
10.5387, 81584
10.5398, 81584
10.541, 81584
10.5423, 81584
10.5437, 81584
10.545, 81584
10.5465, 81584
10.5479, 81584
10.5493, 81584
10.5506, 81584
10.5518, 81584
10.5531, 81584
10.5545, 81584
10.5558, 81584
10.5571, 81584
10.5585, 81584
10.5598, 81584
10.5611, 81584
10.5625, 81584
10.5638, 81584
10.5651, 81584
10.5665, 81584
10.5678, 81584
10.5691, 81584
10.5704, 81584
10.5718, 81584
10.573, 81584
10.5744, 81584
10.5757, 81584
10.5769, 81584
10.578, 81584
10.5793, 81584
10.5805, 81584
10.5817, 81584
10.5831, 81584
10.5844, 81584
10.5857, 81584
10.587, 81584
10.5882, 81584
10.5895, 81800
10.5908, 81800
10.592, 81800
10.5932, 81800
10.5946, 81800
10.5959, 81800
10.5972, 81800
10.5986, 81800
10.5999, 81800
10.6012, 81800
10.6025, 81800
10.6038, 81800
10.6051, 81800
10.6064, 81800
10.6077, 81800
10.6092, 81800
10.6106, 81800
10.6119, 81800
10.6132, 81800
10.6145, 81800
10.6157, 81800
10.617, 81800
10.6182, 81800
10.6194, 81800
10.6208, 81800
10.6221, 81800
10.6235, 81800
10.6249, 81800
10.6261, 81800
10.6275, 81800
10.629, 81800
10.6304, 81800
10.6317, 81800
10.633, 81800
10.6344, 81800
10.6358, 81800
10.637, 81800
10.6383, 81800
10.6396, 81800
10.6407, 81800
10.6419, 81800
10.643, 81800
10.6442, 81800
10.6455, 81800
10.6468, 81800
10.6479, 81800
10.6491, 81368
10.6503, 81368
10.6516, 81368
10.6528, 81368
10.654, 81368
10.6552, 81368
10.6563, 81368
10.6575, 81368
10.6587, 81368
10.66, 81368
10.6613, 81368
10.6626, 81368
10.6639, 81368
10.6651, 81368
10.6665, 81584
10.6678, 81584
10.6691, 81584
10.6702, 81584
10.6714, 81584
10.6727, 81584
10.6741, 81584
10.6753, 81584
10.6765, 81584
10.6778, 81584
10.679, 81584
10.6802, 81584
10.6814, 81584
10.6826, 81584
10.6838, 81584
10.685, 81584
10.6861, 81584
10.6874, 81584
10.6887, 81584
10.6899, 81584
10.6912, 81584
10.6926, 81368
10.6939, 81368
10.6952, 81368
10.6965, 81368
10.6978, 81368
10.6989, 81368
10.7001, 81584
10.7012, 81584
10.7024, 81584
10.7035, 81584
10.7046, 81584
10.7058, 81584
10.7069, 81584
10.7081, 81584
10.7092, 81152
10.7103, 81152
10.7115, 81152
10.7126, 81152
10.7138, 81152
10.7149, 81152
10.716, 81152
10.7172, 80936
10.7183, 80936
10.7195, 80936
10.7206, 80936
10.7218, 80936
10.7229, 80936
10.7241, 80936
10.7254, 80936
10.7267, 81152
10.728, 81152
10.7293, 81152
10.7304, 81152
10.7316, 81152
10.7327, 81152
10.7339, 81152
10.735, 81368
10.7362, 81368
10.7373, 81368
10.7384, 81368
10.7396, 81368
10.7407, 81368
10.7419, 81368
10.7433, 81152
10.7447, 81152
10.746, 81152
10.7473, 81152
10.7487, 81152
10.7501, 81152
10.7514, 81584
10.7526, 81584
10.7538, 81584
10.7551, 81584
10.7564, 81584
10.7576, 81584
10.7587, 81584
10.7599, 81584
10.761, 81584
10.7622, 81584
10.7633, 81584
10.7645, 81584
10.7656, 81584
10.7668, 81584
10.7679, 81584
10.7691, 81368
10.7704, 81368
10.7717, 81368
10.7731, 81368
10.7745, 81368
10.7758, 81368
10.777, 81584
10.7781, 81584
10.7793, 81584
10.7805, 81584
10.7816, 81584
10.7828, 81584
10.784, 81584
10.7851, 81584
10.7863, 81152
10.7876, 81152
10.7889, 81152
10.7903, 81152
10.7917, 81152
10.793, 81152
10.7944, 81368
10.7958, 81368
10.7995, 81368
10.8009, 81368
10.8022, 81368
10.8035, 81368
10.8048, 81368
10.806, 81368
10.8073, 81368
10.8085, 81368
10.8096, 81368
10.8108, 81368
10.8119, 80936
10.8131, 80936
10.8143, 80936
10.8155, 80936
10.8169, 80936
10.8182, 80936
10.8195, 80936
10.8209, 80936
10.8223, 80936
10.8236, 80936
10.8249, 80936
10.8261, 80936
10.8272, 80936
10.8284, 81368
10.8295, 81368
10.8307, 81368
10.8318, 81368
10.833, 81368
10.8341, 81368
10.8353, 81368
10.8364, 81368
10.8376, 81368
10.8387, 81368
10.8399, 81368
10.8411, 81368
10.8423, 81368
10.8436, 81368
10.8448, 81368
10.8461, 81368
10.8474, 81368
10.8486, 81368
10.8499, 81368
10.8513, 81368
10.8527, 81368
10.8541, 81584
10.8554, 81584
10.8567, 81584
10.8579, 81584
10.8594, 81584
10.8608, 81584
10.8621, 81584
10.8635, 81584
10.8648, 81584
10.8661, 81584
10.8674, 81584
10.8687, 81584
10.8701, 81584
10.8714, 81584
10.8728, 81584
10.8743, 81584
10.8756, 81584
10.8769, 81584
10.8782, 81584
10.8794, 81584
10.8807, 81584
10.8821, 81584
10.8834, 81584
10.8848, 81584
10.886, 81584
10.8873, 81584
10.8886, 81584
10.89, 81584
10.8914, 81584
10.8927, 81584
10.8941, 81584
10.8954, 81584
10.8968, 81584
10.8983, 81584
10.8998, 81584
10.9012, 81584
10.9027, 81584
10.9043, 81584
10.9056, 81584
10.9069, 81584
10.9082, 81584
10.9095, 81584
10.9108, 81584
10.9121, 81584
10.9136, 81584
10.915, 81584
10.9164, 81584
10.9177, 81584
10.9188, 81584
10.92, 81584
10.9211, 81584
10.9223, 81584
10.9234, 81584
10.9246, 81584
10.9258, 81584
10.9272, 81584
10.9286, 81584
10.9299, 81584
10.9313, 81584
10.9326, 81584
10.9337, 81584
10.9349, 81584
10.9361, 81584
10.9375, 81584
10.9389, 81584
10.9402, 81584
10.9417, 81584
10.943, 81584
10.9444, 81584
10.9457, 81584
10.9469, 81584
10.9482, 81800
10.9495, 81800
10.9507, 81800
10.9519, 81800
10.953, 81800
10.9542, 81800
10.9555, 81800
10.9568, 81800
10.958, 81800
10.9594, 81800
10.9606, 81800
10.9619, 81800
10.9633, 81800
10.9645, 81800
10.9657, 81800
10.967, 81800
10.9684, 81800
10.9697, 81800
10.9711, 81800
10.9725, 81800
10.9739, 81800
10.9752, 81800
10.9765, 81800
10.978, 81800
10.9794, 81800
10.9808, 81800
10.9821, 81800
10.9835, 81800
10.9849, 81800
10.9862, 81800
10.9877, 81800
10.989, 81800
10.9903, 81800
10.9915, 81800
10.9928, 81800
10.994, 81800
10.9954, 81800
10.9967, 81800
10.998, 81800
10.9993, 82016
11.0006, 82016
11.002, 82016
11.0034, 82016
11.0048, 82016
11.0061, 82016
11.0074, 82016
11.0087, 82016
11.01, 82016
11.0113, 82016
11.0126, 82016
11.0139, 82016
11.0155, 82016
11.0168, 81800
11.018, 81800
11.0194, 81800
11.0207, 81800
11.022, 81800
11.0234, 81800
11.0248, 82016
11.0261, 82016
11.0275, 82016
11.0288, 82016
11.0302, 82016
11.0316, 82016
11.033, 82016
11.0342, 82016
11.0356, 82016
11.0369, 82016
11.0382, 82016
11.0394, 82016
11.0407, 82016
11.042, 82016
11.0433, 82016
11.0446, 82016
11.0459, 82016
11.0472, 82016
11.0485, 82016
11.0498, 82016
11.0512, 82232
11.0524, 82232
11.0537, 82232
11.0551, 82232
11.0564, 82232
11.0579, 82232
11.0594, 82232
11.0607, 82232
11.0621, 82232
11.0634, 82232
11.0646, 82232
11.0659, 82232
11.0672, 82232
11.0685, 82232
11.0698, 82232
11.071, 82232
11.0722, 82232
11.0734, 82232
11.0746, 82232
11.0759, 82232
11.0771, 82232
11.0784, 82232
11.0796, 82232
11.0809, 82232
11.0822, 82232
11.0836, 82232
11.085, 82016
11.0864, 82016
11.0878, 82016
11.0892, 82016
11.0905, 82016
11.0918, 82016
11.0932, 82016
11.0946, 82016
11.096, 82016
11.0974, 82016
11.0989, 82016
11.1005, 82016
11.1019, 82016
11.1035, 82016
11.105, 82016
11.1063, 82016
11.1077, 82016
11.1093, 82016
11.1108, 81800
11.1123, 81800
11.1139, 81800
11.1154, 81800
11.1166, 81800
11.118, 81800
11.1193, 81800
11.1205, 81800
11.1217, 81800
11.123, 81800
11.1244, 81800
11.1258, 81800
11.1274, 81368
11.129, 81368
11.1305, 81368
11.1321, 81368
11.1337, 81368
11.135, 81368
11.1362, 81584
11.1374, 81584
11.1387, 81584
11.1402, 81584
11.1417, 81584
11.1433, 81584
11.1448, 81584
11.1462, 81584
11.1474, 81584
11.1486, 81584
11.1498, 81584
11.151, 81584
11.1523, 81584
11.1536, 81584
11.155, 81584
11.1563, 81584
11.1575, 81584
11.1587, 81584
11.1599, 81584
11.1612, 81584
11.1623, 81584
11.1635, 81584
11.1647, 81584
11.1659, 81584
11.1673, 81584
11.1688, 81584
11.1702, 81368
11.1717, 81368
11.1731, 81368
11.1745, 81368
11.176, 81368
11.1774, 81368
11.1786, 81368
11.1797, 81368
11.1809, 81368
11.182, 81368
11.1832, 81368
11.1843, 81368
11.1856, 81368
11.1871, 80936
11.1885, 80936
11.19, 80936
11.1914, 80936
11.1927, 80936
11.194, 80936
11.1953, 82448
11.1965, 82448
11.1978, 82448
11.199, 82448
11.2002, 82448
11.2014, 82448
11.2026, 82448
11.204, 83312
11.2052, 83312
11.2065, 83312
11.2078, 83312
11.2089, 83312
11.2101, 83312
11.2114, 83312
11.2129, 83960
11.2143, 83960
11.2156, 83960
11.217, 83960
11.2183, 83960
11.2198, 83960
11.2211, 84176
11.2224, 84176
11.2236, 84176
11.2249, 84176
11.2262, 84176
11.2276, 84176
11.2289, 84176
11.2301, 85040
11.2314, 85040
11.2325, 85040
11.2338, 85040
11.2351, 85040
11.2364, 85040
11.2376, 85472
11.2391, 85472
11.2404, 85472
11.2418, 85472
11.2431, 85472
11.2444, 85472
11.2462, 85472
11.2478, 85472
11.2491, 85472
11.2504, 85472
11.2516, 85472
11.2529, 85472
11.2542, 85472
11.2554, 85040
11.2567, 85040
11.2579, 85040
11.2592, 85040
11.2604, 85040
11.2615, 85040
11.2627, 85040
11.2639, 84608
11.2653, 84608
11.2666, 84608
11.268, 84608
11.2694, 84608
11.2707, 84608
11.2721, 84176
11.2734, 84176
11.2746, 84176
11.2758, 84176
11.277, 84176
11.2783, 84176
11.2795, 84176
11.2808, 83744
11.282, 83744
11.2835, 83744
11.2851, 83744
11.2865, 83744
11.2878, 83744
11.2893, 83528
11.2905, 83528
11.2969, 83528
11.2983, 84176
11.2997, 84176
11.3021, 84176
11.3035, 84176
11.3047, 84176
11.306, 85040
11.3072, 85040
11.3085, 85040
11.3098, 85040
11.311, 85040
11.3123, 85040
11.3135, 85040
11.3147, 84824
11.3159, 84824
11.3174, 84824
11.3188, 84824
11.3202, 84824
11.3215, 84824
11.3227, 84824
11.3239, 85040
11.3251, 85040
11.3262, 85040
11.3273, 85040
11.3284, 85040
11.3296, 85040
11.3308, 85040
11.3321, 85040
11.3334, 85040
11.3347, 85040
11.3361, 85040
11.3373, 85040
11.3386, 85040
11.3399, 85040
11.3411, 85256
11.3424, 85256
11.3437, 85256
11.3448, 85256
11.3459, 85256
11.3471, 85256
11.3484, 85256
11.3496, 85472
11.3509, 85472
11.3521, 85472
11.3533, 85472
11.3545, 85472
11.3557, 85472
11.3569, 85472
11.3581, 85904
11.3595, 85904
11.3608, 85904
11.3622, 85904
11.3636, 85904
11.3651, 85904
11.3665, 86552
11.3679, 86552
11.3693, 86552
11.3707, 86552
11.3721, 86552
11.3736, 86552
11.3749, 86768
11.3763, 86768
11.3776, 86768
11.3789, 86768
11.3803, 86768
11.3817, 86768
11.3832, 86552
11.3845, 86552
11.3859, 86552
11.3872, 86552
11.3885, 86552
11.3901, 86552
11.3915, 85688
11.3928, 85688
11.3944, 85688
11.3959, 85688
11.3973, 85688
11.4064, 85472
11.4077, 85472
11.409, 85472
11.4102, 85472
11.4115, 85472
11.4128, 85472
11.414, 85472
11.4152, 85472
11.4165, 85472
11.4177, 85688
11.4188, 85688
11.4201, 85688
11.4214, 85688
11.4228, 85688
11.4243, 85688
11.4257, 85472
11.4271, 85472
11.4285, 85472
11.43, 85472
11.4314, 85472
11.4328, 85472
11.4341, 85472
11.4355, 85472
11.4368, 85472
11.4381, 85472
11.4395, 85472
11.4408, 85472
11.4422, 85472
11.4435, 85472
11.4448, 85472
11.4461, 85472
11.4476, 85472
11.4489, 85472
11.4502, 85472
11.4515, 85472
11.4529, 85472
11.4542, 85472
11.4556, 85472
11.4569, 85472
11.4582, 85472
11.4594, 85472
11.4607, 85256
11.462, 85256
11.4633, 85256
11.4646, 85256
11.4659, 85256
11.4672, 85256
11.4686, 85256
11.4699, 85256
11.4712, 85256
11.4724, 85256
11.4737, 85256
11.4749, 85256
11.4762, 85256
11.4776, 85040
11.4789, 85040
11.4803, 85040
11.4818, 85040
11.4831, 85040
11.4848, 85040
11.4863, 85040
11.4878, 85040
11.4892, 85040
11.4906, 85040
11.492, 85040
11.4934, 85040
11.4947, 84824
11.4961, 84824
11.4975, 84824
11.499, 84824
11.5005, 84824
11.5019, 84824
11.5035, 84824
11.505, 84824
11.5064, 84824
11.5081, 84824
11.5099, 84824
11.5115, 84608
11.5132, 84608
11.515, 84608
11.5167, 84608
11.5184, 84608
11.52, 84392
11.5215, 84392
11.5229, 84392
11.5242, 84392
11.5258, 84392
11.5273, 84392
11.5287, 84392
11.5302, 84392
11.5316, 84392
11.5329, 84392
11.5343, 84392
11.5359, 84392
11.5374, 84176
11.539, 84176
11.5402, 84176
11.5426, 84176
11.5441, 84176
11.5456, 84176
11.5472, 84176
11.5486, 84176
11.5499, 84176
11.5513, 84176
11.5528, 84176
11.5543, 84176
11.5562, 84176
11.5578, 84176
11.5595, 84176
11.561, 84176
11.5624, 83960
11.5638, 83960
11.5652, 83960
11.5665, 83960
11.5676, 83960
11.569, 83960
11.5702, 83960
11.5716, 84176
11.5728, 84176
11.5743, 84176
11.576, 84176
11.5776, 84176
11.5791, 84176
11.5804, 84176
11.5817, 84176
11.5831, 84176
11.5848, 84176
11.5862, 84176
11.5875, 84176
11.5889, 84176
11.5902, 84176
11.5916, 84176
11.593, 84176
11.5942, 84176
11.5955, 84176
11.5968, 84176
11.598, 84176
11.5992, 84176
11.6004, 84176
11.6019, 84176
11.6033, 84176
11.6045, 83312
11.606, 83312
11.6074, 83312
11.6086, 83312
11.6097, 83312
11.6109, 83312
11.6127, 83312
11.6142, 83312
11.6156, 83312
11.6171, 83312
11.6184, 83312
11.6196, 83312
11.6209, 83312
11.6222, 83528
11.6234, 83528
11.6245, 83528
11.6256, 83528
11.6268, 83528
11.6279, 83528
11.629, 83528
11.6301, 83528
11.6313, 83096
11.6327, 83096
11.6352, 83096
11.637, 83096
11.6385, 83312
11.6402, 83312
11.6414, 83312
11.6426, 83312
11.6438, 83312
11.645, 83312
11.6461, 83312
11.6473, 83744
11.6485, 83744
11.6497, 83744
11.6509, 83744
11.6521, 83744
11.6533, 83744
11.6563, 83744
11.6579, 83744
11.6594, 83744
11.6607, 83744
11.6619, 83744
11.6631, 83744
11.6642, 83744
11.6702, 83744
11.672, 83744
11.6734, 83312
11.6748, 83312
11.6762, 83312
11.6775, 83312
11.6789, 83312
11.6804, 83312
11.6818, 82664
11.6834, 82664
11.6849, 82664
11.6863, 82664
11.6874, 82664
11.6886, 82664
11.6898, 82664
11.6909, 82232
11.6921, 82232
11.6933, 82232
11.6945, 82232
11.6956, 82232
11.6968, 82232
11.6981, 82232
11.6993, 81800
11.7007, 81800
11.702, 81800
11.7033, 81800
11.7045, 81800
11.7057, 81800
11.7069, 81800
11.708, 81800
11.7092, 81800
11.7104, 81800
11.7115, 81800
11.7127, 81800
11.7139, 81800
11.7153, 81584
11.717, 81584
11.7191, 81584
11.7207, 81584
11.7225, 81584
11.7257, 81584
11.7276, 81584
11.729, 81584
11.7304, 81584
11.7317, 81584
11.733, 81584
11.7344, 81584
11.7359, 81584
11.7373, 81584
11.7384, 81584
11.7396, 81584
11.7408, 81584
11.7419, 81368
11.7431, 81368
11.7442, 81368
11.7454, 81368
11.7465, 81368
11.7477, 81368
11.7488, 81368
11.75, 81152
11.7513, 81152
11.7527, 81152
11.754, 81152
11.7553, 81152
11.7566, 81152
11.758, 81152
11.7593, 81368
11.7606, 81368
11.7618, 81368
11.763, 81368
11.7642, 81368
11.7653, 81368
11.7666, 81368
11.7678, 81584
11.769, 81584
11.7702, 81584
11.7715, 81584
11.7727, 81584
11.7743, 81584
11.7758, 81584
11.7774, 81584
11.7789, 81584
11.781, 81584
11.7835, 81584
11.7856, 81584
11.7872, 81584
11.789, 81584
11.7908, 81584
11.7923, 81584
11.7949, 81584
11.7973, 81584
11.7999, 81368
11.8053, 81368
11.807, 81368
11.8089, 81368
11.8107, 81368
11.8123, 81368
11.8139, 81368
11.8154, 81368
11.8168, 81368
11.8182, 81368
11.8253, 81368
11.827, 81368
11.8283, 81368
11.83, 81368
11.8315, 81368
11.8329, 81368
11.8463, 80936
11.8483, 80936
11.8502, 80936
11.8518, 80936
11.8535, 81152
11.8549, 81152
11.8562, 81152
11.8576, 81152
11.859, 81152
11.8603, 81152
11.866, 81152
11.8676, 81152
11.869, 81152
11.8704, 80936
11.8725, 80936
11.8784, 80936
11.8799, 80936
11.8814, 80936
11.8828, 80936
11.8844, 80936
11.8859, 80936
11.8909, 80936
11.8929, 80936
11.8948, 80936
11.8973, 80936
11.8994, 80936
11.9015, 80936
11.9036, 80936
11.9056, 80936
11.9079, 80936
11.9095, 80936
11.911, 80936
11.9125, 80936
11.9182, 80936
11.9195, 80936
11.9208, 80936
11.9221, 80936
11.9233, 80936
11.9246, 80936
11.9259, 80936
11.9272, 80936
11.9283, 80936
11.9295, 81152
11.9306, 81152
11.9317, 81152
11.9329, 81152
11.934, 81152
11.9351, 81152
11.9363, 81152
11.9375, 80936
11.9386, 80936
11.9398, 80936
11.9409, 80936
11.942, 80936
11.9431, 80936
11.9443, 80936
11.9454, 80936
11.9465, 80936
11.9476, 80936
11.9487, 80936
11.9498, 80936
11.9509, 80936
11.9521, 80936
11.9533, 80936
11.9545, 80936
11.9556, 80936
11.9568, 80936
11.9579, 80936
11.959, 80936
11.9602, 80936
11.9613, 80936
11.9624, 80936
11.9635, 80936
11.9647, 80936
11.9658, 80936
11.9669, 80936
11.968, 80936
11.9691, 80936
11.9702, 80936
11.9713, 80936
11.9725, 80936
11.9736, 80936
11.9747, 80936
11.9758, 80936
11.9769, 80936
11.9781, 80936
11.9794, 80936
11.9806, 80936
11.9819, 80936
11.983, 80936
11.9842, 80936
11.9854, 80936
11.9866, 80936
11.9878, 80936
11.9891, 80720
11.9903, 80720
11.9915, 80720
11.9926, 80720
11.9938, 80720
11.995, 80720
11.9962, 80720
11.9973, 80720
11.9985, 80720
11.9998, 80720
12.001, 80720
12.0022, 80720
12.0034, 80720
12.0047, 80720
12.006, 80504
12.0072, 80504
12.0084, 80504
12.0095, 80504
12.0107, 80504
12.0119, 80504
12.013, 80504
12.0142, 80504
12.0153, 80504
12.0165, 80504
12.0177, 80504
12.0189, 80504
12.0201, 80504
12.0212, 80504
12.0224, 80504
12.0236, 80504
12.0248, 80504
12.0261, 80504
12.0274, 80504
12.0287, 80504
12.0298, 80504
12.031, 80504
12.0322, 80504
12.0334, 80504
12.0346, 80504
12.0357, 80504
12.0369, 80504
12.038, 80504
12.0392, 80504
12.0403, 80288
12.0415, 80288
12.0427, 80288
12.0438, 80288
12.045, 80288
12.0462, 80288
12.0474, 80288
12.0485, 80288
12.0497, 80288
12.0509, 80288
12.052, 80288
12.0532, 80288
12.0543, 80288
12.0555, 80288
12.0567, 80288
12.0579, 80288
12.0591, 80288
12.0603, 80288
12.0614, 80288
12.0626, 80288
12.0638, 80288
12.0649, 80288
12.0661, 80288
12.0673, 80288
12.0684, 80288
12.0696, 80288
12.0708, 80288
12.0719, 80288
12.0731, 80288
12.0742, 80504
12.0755, 80504
12.0767, 80504
12.0779, 80504
12.079, 80504
12.0802, 80504
12.0813, 80504
12.0825, 80288
12.0838, 80288
12.0858, 80288
12.0881, 80288
12.0896, 80288
12.091, 80288
12.0924, 80288
12.0942, 80288
12.0956, 80288
12.0971, 80288
12.0992, 80288
12.1015, 80288
12.1048, 80288
12.112, 80288
12.1134, 80288
12.1162, 80288
12.1232, 80288
12.1247, 80288
12.126, 80288
12.1273, 80288
12.1285, 80288
12.1297, 80288
12.1309, 80288
12.1321, 80288
12.1333, 80288
12.1345, 80288
12.1356, 80288
12.1369, 80288
12.1383, 80288
12.1395, 80288
12.1406, 80288
12.1417, 80288
12.1428, 80288
12.144, 80288
12.1453, 80288
12.1466, 80288
12.1481, 80288
12.1495, 80288
12.151, 80504
12.1523, 80504
12.1536, 80504
12.1549, 80504
12.1575, 80504
12.1603, 80504
12.1622, 80504
12.1656, 80504
12.1674, 80504
12.171, 80504
12.1728, 80504
12.1745, 80504
12.1765, 80288
12.1783, 80288
12.1799, 80288
12.1815, 80288
12.183, 80288
12.1845, 80288
12.186, 80288
12.1876, 80288
12.1894, 80288
12.1913, 80288
12.1929, 80288
12.1942, 80288
12.1955, 80288
12.1967, 80288
12.1984, 80288
12.2, 80288
12.2019, 80288
12.205, 80288
12.2098, 80288
12.212, 80288
12.2141, 80288
12.2158, 80288
12.2179, 80072
12.2213, 80072
12.2229, 80072
12.2245, 80072
12.2261, 80072
12.2273, 80072
12.2285, 79640
12.2307, 79640
12.2332, 79640
12.2346, 79640
12.2363, 79640
12.2383, 79640
12.2417, 79640
12.2434, 79640
12.2464, 79424
12.2492, 79424
12.2592, 79640
12.2625, 79640
12.2674, 79640
12.2707, 79640
12.2721, 79640
12.2734, 79640
12.2746, 79640
12.2758, 79640
12.277, 79640
12.2782, 79640
12.2794, 79424
12.2806, 79424
12.2825, 79424
12.2859, 79424
12.2874, 79424
12.2906, 79424
12.2919, 79424
12.2931, 79424
12.2943, 79424
12.2954, 79424
12.2966, 79640
12.2977, 79640
12.2989, 79640
12.3, 79640
12.3011, 79640
12.3023, 79640
12.3035, 79640
12.3046, 79424
12.3058, 79424
12.3069, 79424
12.3081, 79424
12.3092, 79424
12.3104, 79424
12.3115, 79424
12.3126, 79424
12.3138, 79208
12.315, 79208
12.3162, 79208
12.3174, 79208
12.3185, 79208
12.3238, 79208
12.3252, 79208
12.3265, 79208
12.3278, 79208
12.3291, 79208
12.3303, 79424
12.3315, 79424
12.3327, 79424
12.3339, 79424
12.335, 79424
12.3362, 79424
12.3465, 79424
12.348, 79640
12.3492, 79640
12.3506, 79640
12.3518, 79640
12.3532, 79640
12.3582, 79640
12.3596, 79640
12.361, 79640
12.3623, 79640
12.3636, 79640
12.3649, 79856
12.3661, 79856
12.3672, 79856
12.3684, 79856
12.3695, 79856
12.3707, 79856
12.3718, 79856
12.373, 79640
12.3743, 79640
12.3756, 79640
12.3772, 79640
12.3785, 79640
12.3797, 79640
12.3808, 79640
12.382, 79640
12.3832, 79640
12.3843, 79640
12.3855, 79640
12.3866, 79640
12.3878, 79640
12.3889, 79640
12.4002, 79640
12.4056, 79640
12.407, 79856
12.4082, 79856
12.4093, 79856
12.4105, 79856
12.4116, 79856
12.4128, 79856
12.4139, 79856
12.4151, 79856
12.4163, 79640
12.4174, 79640
12.4186, 79640
12.4197, 79640
12.4223, 79640
12.4253, 79424
12.438, 79640
12.4394, 79640
12.4406, 79640
12.4417, 79856
12.4429, 79856
12.4441, 79856
12.4452, 79856
12.4464, 79856
12.4475, 79856
12.4487, 79856
12.4499, 80072
12.4511, 80072
12.4522, 80072
12.4534, 80072
12.4547, 80072
12.4561, 80072
12.4572, 80072
12.4584, 80072
12.4595, 80072
12.4607, 80072
12.462, 80072
12.4632, 80072
12.4643, 80072
12.4655, 80072
12.4667, 80288
12.4678, 80288
12.469, 80288
12.4701, 80288
12.4713, 80288
12.4725, 80288
12.4736, 80288
12.4748, 80288
12.4759, 80504
12.4771, 80504
12.4782, 80504
12.4794, 80504
12.4805, 80504
12.4817, 80504
12.4828, 80504
12.484, 80504
12.4851, 80504
12.4862, 80504
12.4874, 80504
12.4885, 80504
12.4897, 80504
12.4908, 80504
12.4919, 80504
12.4932, 80288
12.4944, 80288
12.4957, 80288
12.497, 80288
12.4983, 80288
12.4996, 80288
12.5008, 80288
12.5021, 80288
12.5033, 80288
12.5045, 80288
12.5057, 80288
12.5069, 80288
12.508, 80288
12.5093, 80288
12.5106, 80288
12.5119, 80288
12.5131, 80288
12.5143, 80288
12.5158, 80288
12.5171, 80288
12.5183, 80288
12.5195, 80288
12.5207, 80288
12.522, 80288
12.5232, 80288
12.5244, 80288
12.5257, 80288
12.527, 80288
12.5284, 80288
12.5297, 80288
12.531, 80288
12.5324, 80288
12.5336, 80288
12.5348, 80288
12.536, 80288
12.5371, 80288
12.5383, 80288
12.5395, 80288
12.5406, 80288
12.5418, 80288
12.5431, 80288
12.5445, 80288
12.5458, 80288
12.547, 80288
12.5483, 80288
12.5495, 80288
12.5507, 80288
12.5519, 80072
12.553, 80072
12.5542, 80072
12.5554, 80072
12.5568, 80072
12.558, 80072
12.5592, 80072
12.5604, 80072
12.5616, 80072
12.5628, 80072
12.5641, 80072
12.5654, 80072
12.5667, 80072
12.568, 80072
12.5693, 80288
12.5705, 80288
12.5717, 80288
12.5729, 80288
12.574, 80288
12.5752, 80288
12.5764, 80288
12.5776, 80288
12.5788, 80288
12.5801, 80288
12.5815, 80288
12.5828, 80288
12.5842, 80288
12.5856, 80288
12.587, 80288
12.5883, 80288
12.5896, 80288
12.5908, 80288
12.592, 80288
12.5932, 80288
12.5944, 80288
12.5956, 80288
12.5968, 80288
12.5981, 80288
12.5994, 80288
12.6005, 80288
12.6017, 80288
12.6029, 80288
12.6041, 80072
12.6053, 80072
12.6064, 80072
12.6076, 80072
12.6088, 80072
12.6099, 80072
12.6111, 80072
12.6123, 80288
12.6135, 80288
12.6147, 80288
12.6159, 80288
12.6171, 80288
12.6182, 80288
12.6194, 80288
12.6206, 80072
12.6217, 80072
12.6229, 80072
12.6241, 80072
12.6253, 80072
12.6265, 80072
12.6279, 80072
12.6292, 80072
12.6305, 80072
12.6318, 80072
12.633, 80072
12.6343, 80072
12.6355, 80072
12.6367, 80072
12.6379, 80072
12.6393, 80072
12.6405, 80072
12.6418, 80072
12.643, 80072
12.6443, 80072
12.6455, 80072
12.6467, 80288
12.6479, 80288
12.6491, 80288
12.6504, 80288
12.6516, 80288
12.6528, 80288
12.654, 80288
12.6555, 80288
12.6569, 80288
12.6582, 80288
12.6594, 80288
12.6606, 80288
12.6618, 80288
12.6629, 80072
12.6641, 80072
12.6653, 80072
12.6666, 80072
12.6678, 80072
12.669, 80072
12.6702, 80072
12.6721, 80072
12.6734, 80072
12.6746, 80072
12.6759, 80072
12.6771, 80072
12.6783, 80072
12.6795, 80072
12.6807, 80072
12.6818, 80072
12.6829, 80072
12.6842, 80072
12.6855, 80072
12.6868, 80072
12.688, 80072
12.6892, 79856
12.6905, 79856
12.6917, 79856
12.6929, 79856
12.6941, 79856
12.6953, 79856
12.6965, 79856
12.6976, 80072
12.6988, 80072
12.7, 80072
12.7012, 80072
12.7024, 80072
12.7036, 80072
12.7047, 80072
12.7059, 80072
12.707, 80072
12.7082, 80072
12.7093, 80072
12.7106, 80072
12.7119, 80072
12.7132, 80072
12.7146, 80072
12.7159, 80072
12.7172, 80072
12.7185, 80072
12.7197, 80072
12.7208, 80072
12.722, 80072
12.7232, 80072
12.7244, 80072
12.7256, 80072
12.7267, 80072
12.7279, 80072
12.7292, 80072
12.7304, 80072
12.7316, 80072
12.7328, 80072
12.7339, 80072
12.7351, 80072
12.7363, 80072
12.7376, 80072
12.7388, 80072
12.7399, 80072
12.7411, 80072
12.7423, 80072
12.7435, 80072
12.7446, 80072
12.7458, 80072
12.747, 80072
12.7481, 80072
12.7493, 80072
12.7504, 80072
12.7516, 80072
12.7528, 80072
12.7541, 80072
12.7554, 80072
12.7566, 80288
12.7581, 80288
12.7595, 80288
12.7609, 80288
12.7624, 80288
12.7639, 80288
12.7652, 80288
12.7666, 80288
12.7679, 80288
12.7693, 80288
12.7705, 80288
12.7717, 80288
12.7729, 80288
12.7741, 80288
12.7753, 80288
12.7765, 80288
12.7777, 80288
12.779, 80288
12.7802, 80288
12.7814, 80288
12.7827, 80288
12.7839, 80288
12.7852, 80288
12.7864, 80288
12.7876, 80288
12.7888, 80288
12.79, 80288
12.7912, 80288
12.7924, 80288
12.795, 80288
12.7976, 80288
12.7989, 80288
12.8002, 80288
12.8016, 80288
12.8029, 80288
12.8042, 80288
12.8055, 80288
12.8068, 80288
12.808, 80504
12.8092, 80504
12.8104, 80504
12.8116, 80504
12.8128, 80504
12.814, 80504
12.8153, 80504
12.8165, 80504
12.8176, 80504
12.8188, 80504
12.8201, 80504
12.8214, 80504
12.8227, 80504
12.8242, 80504
12.8255, 80720
12.8269, 80720
12.8282, 80720
12.8295, 80720
12.8309, 80720
12.8323, 80720
12.8337, 80720
12.835, 80720
12.8363, 80720
12.8375, 80720
12.8388, 80720
12.8401, 80720
12.8413, 80720
12.8426, 80720
12.8438, 80720
12.845, 80720
12.8461, 80720
12.8473, 80720
12.8486, 80720
12.8499, 80720
12.8512, 80504
12.8525, 80504
12.854, 80504
12.8557, 80504
12.857, 80504
12.8581, 80504
12.8593, 80936
12.8604, 80936
12.8616, 80936
12.863, 80936
12.8644, 80936
12.8658, 80936
12.8672, 80936
12.8686, 80936
12.87, 80936
12.8714, 80936
12.8726, 80936
12.8739, 80936
12.8752, 80936
12.8765, 80936
12.8777, 80936
12.8789, 80936
12.88, 80936
12.8812, 80936
12.8823, 80936
12.8834, 80936
12.8846, 80720
12.8857, 80720
12.8869, 80720
12.888, 80720
12.8891, 80720
12.8903, 80720
12.8916, 80720
12.8929, 80720
12.8942, 80504
12.8955, 80504
12.8968, 80504
12.8981, 80504
12.8994, 80504
12.9007, 80504
12.9019, 80936
12.9031, 80936
12.9043, 80936
12.9054, 80936
12.9066, 80936
12.9077, 80936
12.9088, 80936
12.91, 80936
12.9111, 80504
12.9123, 80504
12.9134, 80504
12.9145, 80504
12.9157, 80504
12.9168, 80504
12.9179, 80504
12.9191, 80504
12.9203, 80504
12.9214, 80504
12.9225, 80504
12.9237, 80504
12.9248, 80504
12.926, 80504
12.9273, 80504
12.9285, 80504
12.9298, 80504
12.9311, 80504
12.9323, 80504
12.9334, 80504
12.9346, 80504
12.9358, 80504
12.9369, 80720
12.938, 80720
12.9392, 80720
12.9403, 80720
12.9415, 80720
12.9426, 80720
12.9438, 80720
12.9452, 80720
12.9467, 80720
12.948, 80720
12.9494, 80720
12.9508, 80720
12.9521, 80720
12.9534, 80936
12.9547, 80936
12.9559, 80936
12.9572, 80936
12.9585, 80936
12.9599, 80936
12.9611, 80936
12.9622, 81152
12.9634, 81152
12.9645, 81152
12.9657, 81152
12.9668, 81152
12.968, 81152
12.9691, 81152
12.9703, 80936
12.9714, 80936
12.9726, 80936
12.9738, 80936
12.975, 80936
12.9763, 80936
12.9775, 80936
12.9788, 80936
12.9801, 80936
12.9813, 80936
12.9826, 80936
12.9837, 80936
12.9849, 80936
12.9861, 80936
12.9872, 80936
12.9884, 80936
12.9895, 80936
12.9907, 80936
12.992, 80936
12.9934, 80936
12.9947, 80936
12.996, 80936
12.9976, 80936
12.9989, 80936
13.0002, 80936
13.0014, 80936
13.0027, 80936
13.004, 81368
13.0053, 81368
13.0066, 81368
13.0078, 81368
13.0089, 81368
13.0101, 81368
13.0112, 81368
13.0124, 81368
13.0135, 81368
13.0147, 81368
13.0158, 81368
13.0169, 81368
13.0181, 81368
13.0194, 81368
13.0207, 81368
13.022, 80936
13.0234, 80936
13.0248, 80936
13.0261, 80936
13.0273, 80936
13.0285, 80936
13.0296, 81368
13.0308, 81368
13.032, 81368
13.0331, 81368
13.0343, 81368
13.0354, 81368
13.0366, 81368
13.0379, 81368
13.0391, 81584
13.0402, 81584
13.0415, 81584
13.0427, 81584
13.0439, 81584
13.045, 81584
13.0462, 81584
13.0474, 81584
13.0486, 81584
13.0499, 81584
13.0511, 81584
13.0523, 81584
13.0535, 81584
13.0547, 81584
13.0559, 81800
13.0571, 81800
13.0583, 81800
13.0595, 81800
13.0607, 81800
13.062, 81800
13.0632, 81800
13.0644, 82016
13.0656, 82016
13.0669, 82016
13.0682, 82016
13.0693, 82016
13.0705, 82016
13.0717, 82016
13.0729, 81800
13.0741, 81800
13.0753, 81800
13.0765, 81800
13.0777, 81800
13.079, 81800
13.0804, 81800
13.0817, 82016
13.0829, 82016
13.084, 82016
13.0853, 82016
13.0865, 82016
13.0877, 82016
13.089, 82016
13.0902, 82016
13.0916, 82016
13.093, 82016
13.0944, 82016
13.096, 82016
13.0973, 82016
13.0987, 82016
13.1, 82016
13.1014, 82016
13.1029, 82016
13.1043, 82016
13.1056, 82016
13.1069, 82016
13.1083, 82016
13.1095, 82016
13.1108, 82016
13.1121, 82016
13.1134, 82016
13.1146, 82016
13.1161, 82016
13.1174, 82016
13.1187, 82016
13.12, 82016
13.1213, 82016
13.1227, 82016
13.124, 82016
13.1253, 82016
13.1266, 82016
13.1281, 82016
13.1297, 82016
13.1312, 82016
13.1326, 82016
13.134, 82016
13.1353, 82016
13.1365, 82016
13.1378, 82016
13.139, 82016
13.1403, 82016
13.1416, 82016
13.1429, 82016
13.1442, 82016
13.1456, 82016
13.1469, 82016
13.1483, 82016
13.1496, 82016
13.151, 82016
13.1523, 82016
13.1537, 82016
13.1551, 82016
13.1564, 82016
13.1578, 82016
13.1592, 82016
13.1604, 82016
13.1616, 82016
13.1629, 82016
13.1641, 82016
13.1654, 82016
13.1667, 82016
13.1679, 82016
13.1693, 82016
13.1706, 82016
13.1719, 82016
13.1732, 82016
13.1745, 82016
13.1758, 82016
13.177, 82016
13.1783, 82016
13.1797, 82016
13.1811, 82016
13.1824, 82016
13.1837, 82016
13.185, 82016
13.1862, 82016
13.1876, 82016
13.189, 82016
13.1905, 82016
13.1919, 82016
13.1933, 82016
13.1947, 82016
13.1961, 82016
13.1974, 82016
13.1987, 82016
13.2, 82016
13.2013, 82016
13.2026, 82016
13.2039, 82016
13.2052, 82016
13.2065, 82016
13.208, 82016
13.2093, 82016
13.2107, 82016
13.212, 82016
13.2133, 82016
13.2146, 82016
13.216, 82016
13.2175, 82232
13.2189, 82232
13.2202, 82232
13.2216, 82232
13.2229, 82232
13.2244, 82232
13.2258, 82232
13.2272, 82016
13.2285, 82016
13.2299, 82016
13.2312, 82016
13.2323, 82016
13.2335, 82016
13.2348, 82016
13.236, 82016
13.2372, 82016
13.2384, 82016
13.2397, 82016
13.241, 82016
13.2422, 82016
13.2434, 82016
13.2446, 82016
13.2458, 82016
13.2469, 82016
13.2481, 82016
13.2493, 82016
13.2505, 82016
13.2517, 82016
13.2531, 82016
13.2545, 82016
13.256, 82016
13.2574, 82016
13.2588, 82016
13.2602, 81800
13.2617, 81800
13.2632, 81800
13.2647, 81800
13.2661, 81800
13.2678, 81800
13.2693, 81800
13.2706, 81800
13.2719, 81800
13.2731, 81800
13.2743, 81800
13.2755, 81800
13.2769, 81800
13.2782, 82016
13.2795, 82016
13.2808, 82016
13.282, 82016
13.2833, 82016
13.2846, 82016
13.2858, 81800
13.2872, 81800
13.2884, 81800
13.2897, 81800
13.2912, 81800
13.2927, 81800
13.294, 81800
13.2953, 82016
13.2966, 82016
13.298, 82016
13.2993, 82016
13.3007, 82016
13.302, 82016
13.3035, 82016
13.3048, 82016
13.3061, 82016
13.3074, 82016
13.3088, 82016
13.3101, 82016
13.3115, 82016
13.3128, 82016
13.3141, 82016
13.3152, 82016
13.3163, 82016
13.3175, 82016
13.3187, 82016
13.32, 82016
13.3213, 82016
13.3227, 82016
13.324, 82016
13.3253, 82016
13.3268, 82016
13.3282, 82232
13.3296, 82232
13.3309, 82232
13.3322, 82232
13.3336, 82232
13.3349, 82232
13.3363, 82232
13.3376, 82016
13.3389, 82016
13.3402, 82016
13.3415, 82016
13.3428, 82016
13.3442, 82016
13.3456, 82232
13.3469, 82232
13.3482, 82232
13.3498, 82232
13.351, 82232
13.3524, 82232
13.3537, 82232
13.355, 82232
13.3565, 82232
13.3577, 82232
13.359, 82232
13.3603, 82232
13.3615, 82232
13.3627, 82232
13.364, 82232
13.3654, 82232
13.3667, 82232
13.368, 82232
13.3693, 82232
13.3705, 82232
13.3718, 82232
13.3731, 82232
13.3744, 82232
13.3757, 82232
13.377, 82232
13.3784, 82232
13.3797, 82448
13.39, 82232
13.3913, 82232
13.3924, 82232
13.3936, 82232
13.3947, 82232
13.396, 82232
13.3972, 82232
13.3983, 82232
13.3995, 82232
13.4007, 82232
13.402, 82232
13.4033, 82232
13.4044, 82232
13.4056, 82232
13.4067, 82232
13.4079, 82232
13.409, 82232
13.4102, 82232
13.4114, 82232
13.4126, 82232
13.4139, 82232
13.4152, 82232
13.4164, 82232
13.4175, 82232
13.4187, 82232
13.4198, 82232
13.421, 82232
13.4221, 81800
13.4234, 81800
13.4245, 81800
13.4256, 81800
13.4268, 81800
13.4281, 81800
13.4294, 81800
13.4306, 81800
13.4318, 81800
13.4329, 81800
13.4341, 81800
13.4352, 81800
13.4364, 81800
13.4377, 81800
13.4392, 81584
13.4405, 81584
13.4419, 81584
13.4433, 81584
13.4446, 81584
13.4459, 81584
13.4471, 81584
13.4484, 82016
13.4497, 82016
13.4511, 82016
13.4524, 82016
13.4535, 82016
13.4547, 82016
13.4558, 82016
13.457, 82016
13.4581, 82016
13.4592, 82016
13.4604, 82016
13.4615, 82016
13.4626, 82016
13.4638, 82016
13.4649, 81584
13.4661, 81584
13.4674, 81584
13.4687, 81584
13.47, 81584
13.4713, 81584
13.4725, 81584
13.4738, 81800
13.475, 81800
13.4763, 81800
13.4774, 81800
13.4786, 81800
13.4797, 81800
13.4809, 81800
13.482, 81800
13.4832, 81800
13.4843, 81800
13.4855, 81800
13.4866, 81800
13.4878, 81800
13.489, 81800
13.4901, 81800
13.4913, 81584
13.4924, 81584
13.4936, 81584
13.4947, 81584
13.4959, 81584
13.497, 81584
13.4982, 81584
13.4993, 81368
13.5005, 81368
13.5016, 81368
13.5028, 81368
13.5041, 81368
13.5054, 81368
13.5066, 81368
13.5079, 81584
13.5091, 81584
13.5102, 81584
13.5114, 81584
13.5125, 81584
13.5137, 81584
13.5148, 81584
13.516, 81584
13.5171, 81584
13.5183, 81584
13.5195, 81584
13.5207, 81584
13.522, 81584
13.5233, 81584
13.5247, 81584
13.526, 81584
13.5273, 81584
13.5287, 81584
13.53, 81584
13.5314, 81584
13.5327, 81584
13.5339, 82016
13.5351, 82016
13.5364, 82016
13.5375, 82016
13.5387, 82016
13.5398, 82016
13.541, 82016
13.5421, 82016
13.5432, 82016
13.5444, 82016
13.5455, 82016
13.5466, 82016
13.5478, 82016
13.5491, 82016
13.5504, 82016
13.5516, 82016
13.5529, 82016
13.5541, 82016
13.5552, 82016
13.5564, 82016
13.5575, 82016
13.5586, 82016
13.5597, 82016
13.5609, 82016
13.562, 82016
13.5631, 82016
13.5643, 82016
13.5655, 82016
13.567, 82016
13.5682, 82232
13.5695, 82232
13.5709, 82232
13.5722, 82232
13.5737, 82232
13.5749, 82232
13.5762, 82232
13.5775, 82232
13.5788, 82232
13.5801, 82232
13.5813, 82232
13.5824, 82232
13.5836, 82232
13.5847, 82016
13.5858, 82016
13.587, 82016
13.5881, 82016
13.5893, 82016
13.5904, 82016
13.5915, 82016
13.5927, 82016
13.5938, 81584
13.5951, 81584
13.5964, 81584
13.5978, 81584
13.5992, 81584
13.6005, 81584
13.6019, 81800
13.6032, 81800
13.6044, 81800
13.6057, 81800
13.6069, 81800
13.6081, 81800
13.6092, 81800
13.6105, 82016
13.6117, 82016
13.6129, 82016
13.6142, 82016
13.6154, 82016
13.6167, 82016
13.6181, 82016
13.6194, 82232
13.6206, 82232
13.622, 82232
13.6235, 82232
13.6249, 82232
13.6262, 82232
13.6274, 82232
13.6287, 82232
13.63, 82232
13.6314, 82232
13.6329, 82232
13.6343, 82232
13.6357, 82448
13.6371, 82448
13.6384, 82448
13.6397, 82448
13.641, 82448
13.6423, 82448
13.6436, 82448
13.6448, 82448
13.6461, 82448
13.6474, 82448
13.6487, 82448
13.65, 82448
13.6513, 82448
13.6526, 82448
13.6539, 82448
13.6552, 82448
13.6565, 82448
13.6578, 82448
13.6592, 82448
13.6606, 82448
13.6619, 82232
13.6634, 82232
13.6648, 82232
13.6661, 82232
13.6675, 82232
13.6688, 82232
13.6703, 82448
13.6716, 82448
13.6729, 82448
13.6744, 82448
13.6757, 82448
13.677, 82448
13.6784, 82232
13.6796, 82232
13.6809, 82232
13.6821, 82232
13.6834, 82232
13.6846, 82232
13.686, 82232
13.6874, 82448
13.6888, 82448
13.6901, 82448
13.6914, 82448
13.6926, 82448
13.694, 82448
13.6953, 82448
13.6967, 82448
13.6981, 82448
13.6994, 82448
13.7009, 82448
13.7024, 82448
13.7037, 82232
13.7051, 82232
13.7064, 82232
13.7079, 82232
13.7094, 82232
13.7107, 82232
13.7119, 82232
13.713, 82448
13.7143, 82448
13.7155, 82448
13.7168, 82448
13.718, 82448
13.7192, 82448
13.7204, 82448
13.7216, 82448
13.7228, 82448
13.724, 82448
13.7252, 82448
13.7264, 82448
13.7277, 82448
13.7291, 82448
13.7304, 82448
13.7318, 82448
13.7332, 82448
13.7345, 82448
13.7358, 82448
13.737, 82448
13.7382, 82448
13.7394, 82448
13.7406, 82448
13.7419, 82448
13.7432, 82448
13.7443, 82448
13.7455, 82448
13.7466, 82448
13.7478, 82448
13.7489, 82448
13.7501, 82448
13.7513, 82448
13.7524, 82448
13.7536, 82448
13.7548, 82448
13.7559, 82664
13.7571, 82664
13.7586, 82664
13.76, 82664
13.7613, 82664
13.7625, 82664
13.7636, 82448
13.7648, 82448
13.766, 82448
13.7672, 82448
13.7684, 82448
13.7696, 82448
13.7708, 82448
13.772, 82448
13.7733, 82448
13.7745, 82448
13.7757, 82448
13.777, 82448
13.7782, 82448
13.7794, 82448
13.7806, 82664
13.7818, 82664
13.7829, 82664
13.7841, 82664
13.7852, 82664
13.7864, 82664
13.7877, 82664
13.7891, 82664
13.7903, 82664
13.7915, 82664
13.7926, 82664
13.7938, 82664
13.795, 82664
13.7962, 82664
13.7973, 82664
13.7985, 82664
13.7997, 82664
13.801, 82664
13.8022, 82664
13.8034, 82664
13.8046, 82664
13.8059, 82664
13.8073, 82448
13.8086, 82448
13.8098, 82448
13.8112, 82448
13.8125, 82448
13.8137, 82448
13.815, 82448
13.8165, 82448
13.8178, 82448
13.8191, 82448
13.8204, 82448
13.8217, 82448
13.823, 82448
13.8243, 82448
13.8256, 82448
13.8268, 82448
13.8281, 82448
13.8292, 82448
13.8304, 82448
13.8317, 82232
13.833, 82232
13.8343, 82232
13.8355, 82232
13.8367, 82232
13.838, 82232
13.8392, 82232
13.8404, 82448
13.8417, 82448
13.843, 82448
13.8443, 82448
13.8456, 82448
13.8468, 82448
13.8482, 82448
13.8496, 82448
13.8509, 82448
13.8522, 82448
13.8536, 82448
13.855, 82448
13.8563, 82448
13.8574, 82664
13.8586, 82664
13.8597, 82664
13.8609, 82664
13.8621, 82664
13.8633, 82664
13.8645, 82664
13.8657, 82664
13.8668, 82664
13.868, 82664
13.8691, 82664
13.8703, 82664
13.8714, 82664
13.8726, 82664
13.8737, 82664
13.8749, 82664
13.876, 82664
13.8772, 82664
13.8783, 82664
13.8795, 82664
13.8807, 82664
13.882, 82664
13.8833, 82664
13.8845, 82664
13.8857, 82664
13.887, 82664
13.8883, 82664
13.8897, 82664
13.8909, 82664
13.8922, 82664
13.8937, 82664
13.895, 82664
13.8963, 82664
13.8977, 82664
13.899, 82664
13.9002, 82880
13.9014, 82880
13.9025, 82880
13.9037, 82880
13.9048, 82880
13.906, 82880
13.9071, 82880
13.9083, 82880
13.9095, 82880
13.9107, 82880
13.9119, 82880
13.9131, 82880
13.9143, 82880
13.9154, 82880
13.9166, 82880
13.9178, 82880
13.9191, 82880
13.9204, 82880
13.9218, 82880
13.9233, 82880
13.9247, 82880
13.926, 82880
13.9273, 82880
13.9286, 82880
13.9297, 82880
13.9309, 82880
13.9321, 82880
13.9332, 82880
13.9344, 82880
13.9355, 82880
13.9367, 82880
13.9379, 82880
13.9393, 82880
13.9405, 82880
13.9417, 82880
13.9429, 82880
13.944, 82880
13.9452, 82880
13.9463, 82880
13.9475, 82880
13.9487, 82880
13.9499, 82880
13.9514, 82880
13.9528, 82880
13.9541, 82880
13.9553, 82880
13.9566, 82880
13.9578, 82880
13.959, 82880
13.9602, 82880
13.9613, 82880
13.9626, 82880
13.9638, 82880
13.965, 82880
13.9661, 82880
13.9673, 82880
13.9686, 82880
13.9698, 82880
13.9709, 82880
13.9721, 82880
13.9732, 82880
13.9744, 82880
13.9756, 82880
13.9768, 82880
13.9781, 82880
13.9795, 82880
13.981, 82880
13.9824, 82880
13.9838, 82880
13.9852, 82880
13.9866, 82880
13.9881, 82880
13.9896, 82880
13.991, 82880
13.9925, 82880
13.9939, 82664
13.9954, 82664
13.9969, 82664
13.9985, 82664
14, 82664
14.0015, 82664
14.0029, 82664
14.0043, 82664
14.0057, 82664
14.0073, 82664
14.0087, 82664
14.0099, 82664
14.011, 82448
14.0121, 82448
14.0133, 82448
14.0145, 82448
14.0157, 82448
14.0169, 82448
14.018, 82448
14.0193, 82448
14.0207, 82016
14.0222, 82016
14.0236, 82016
14.0251, 82016
14.0265, 82016
14.0278, 82016
14.0292, 81800
14.0315, 81800
14.0335, 81800
14.0354, 81800
14.0391, 81800
14.0412, 81800
14.0424, 81800
14.0436, 81800
14.0449, 81800
14.0472, 81800
14.0486, 81800
14.0498, 81800
14.0512, 81800
14.0524, 81800
14.0537, 81584
14.055, 81584
14.0562, 81584
14.0575, 81584
14.059, 81584
14.0605, 81584
14.0618, 81584
14.0632, 82016
14.0644, 82016
14.0657, 82016
14.0668, 82016
14.0681, 82016
14.0694, 82016
14.0706, 82016
14.0719, 83960
14.0733, 83960
14.0746, 83960
14.0759, 83960
14.0771, 83960
14.0784, 83960
14.0812, 85040
14.0825, 85040
14.0839, 85040
14.0852, 85040
14.0865, 85040
14.0891, 85904
14.0927, 85904
14.094, 85904
14.0952, 85904
14.0965, 85472
14.0983, 85472
14.0997, 85472
14.101, 85472
14.1022, 85472
14.1033, 85472
14.1045, 85472
14.1058, 85472
14.1071, 85472
14.1084, 85472
14.1096, 85472
14.1108, 85472
14.1173, 85688
14.119, 85688
14.1204, 85688
14.1217, 85688
14.1231, 85904
14.1245, 85904
14.1258, 85904
14.1271, 85904
14.1283, 85904
14.1295, 85904
14.1307, 86336
14.1321, 86336
14.1335, 86336
14.1348, 86336
14.1361, 86336
14.1376, 86336
14.1389, 86120
14.1402, 86120
14.1415, 86120
14.1428, 86120
14.1441, 86120
14.1454, 86120
14.1467, 86120
14.1481, 86552
14.1494, 86552
14.1507, 86552
14.1518, 86552
14.1529, 86552
14.1541, 86552
14.1554, 86552
14.157, 85256
14.1584, 85256
14.1612, 85256
14.1628, 85256
14.1642, 85256
14.1658, 85256
14.1673, 85256
14.1687, 85256
14.1701, 85256
14.1714, 85256
14.1763, 84824
14.1777, 84824
14.179, 84824
14.1804, 84824
14.1817, 84824
14.183, 84824
14.1844, 84824
14.1857, 84824
14.1871, 84824
14.1886, 84824
14.1918, 84824
14.1931, 84824
14.1944, 84824
14.1957, 84824
14.1969, 84824
14.1982, 84824
14.2, 85040
14.2033, 85040
14.2047, 85040
14.2061, 85040
14.214, 85256
14.2153, 85256
14.2166, 85256
14.2178, 85256
14.2189, 85256
14.22, 85256
14.2211, 85256
14.2222, 85256
14.2234, 85256
14.2245, 85688
14.2257, 85688
14.2269, 85688
14.2281, 85688
14.2292, 85688
14.2304, 85688
14.2316, 85688
14.2328, 85688
14.234, 85688
14.2353, 85688
14.2365, 85688
14.2378, 85688
14.2391, 85688
14.2403, 85688
14.2414, 85688
14.2425, 85688
14.2436, 85688
14.2447, 85688
14.2458, 85688
14.2469, 85688
14.248, 85688
14.2492, 85688
14.2503, 85688
14.2514, 85688
14.2528, 85688
14.2541, 85688
14.2559, 85688
14.2575, 85688
14.2591, 85256
14.2605, 85256
14.2621, 85256
14.2636, 85256
14.265, 85256
14.2664, 85256
14.2678, 85040
14.2692, 85040
14.2705, 85040
14.2719, 85040
14.2732, 85040
14.2745, 85040
14.276, 85256
14.2773, 85256
14.2787, 85256
14.2799, 85256
14.2812, 85256
14.2825, 85256
14.2839, 85256
14.2852, 85256
14.2866, 85256
14.288, 85256
14.2892, 85256
14.2904, 85256
14.2917, 85256
14.2935, 84824
14.2952, 84824
14.2967, 84824
14.2982, 84824
14.2996, 84824
14.3009, 84824
14.3023, 84608
14.3036, 84608
14.305, 84608
14.3063, 84608
14.3077, 84608
14.3091, 84608
14.3104, 85040
14.3118, 85040
14.3131, 85040
14.3143, 85040
14.3157, 85040
14.3171, 85040
14.3186, 84824
14.3199, 84824
14.3217, 84824
14.3234, 84824
14.3249, 84824
14.3264, 84824
14.3277, 84824
14.3292, 84824
14.3308, 84824
14.3324, 84824
14.3339, 84824
14.3352, 85040
14.3366, 85040
14.3379, 85040
14.3394, 85040
14.3407, 85040
14.3421, 85040
14.3434, 85040
14.3448, 85040
14.3462, 85040
14.3476, 85040
14.3489, 85040
14.3503, 85040
14.3517, 85040
14.3531, 85040
14.3545, 85040
14.3559, 85040
14.3576, 85040
14.3593, 85040
14.3608, 85040
14.3645, 85040
14.366, 85040
14.3675, 85040
14.369, 85040
14.3704, 85040
14.3717, 85040
14.373, 85040
14.3741, 85040
14.3753, 85040
14.3765, 85040
14.3779, 85040
14.3792, 85040
14.3805, 85040
14.3818, 85040
14.3832, 85040
14.3845, 85040
14.3857, 85040
14.3869, 84824
14.3882, 84824
14.3896, 84824
14.391, 84824
14.3923, 84824
14.3935, 84824
14.3946, 84824
14.3959, 84608
14.3975, 84608
14.3988, 84608
14.4001, 84608
14.4015, 84608
14.4028, 84608
14.4039, 83960
14.4051, 83960
14.4065, 83960
14.4091, 83960
14.4108, 83960
14.4124, 83528
14.414, 83528
14.4153, 83528
14.4168, 83528
14.418, 83528
14.4192, 83528
14.4205, 83528
14.4216, 84176
14.4228, 84176
14.4239, 84176
14.4251, 84176
14.4263, 84176
14.4275, 84176
14.4287, 84176
14.43, 83744
14.4312, 83744
14.4323, 83744
14.4335, 83744
14.4346, 83744
14.4357, 83744
14.4368, 83744
14.4379, 83744
14.439, 83744
14.4401, 83744
14.4413, 83744
14.4424, 83744
14.4435, 83744
14.4447, 83744
14.446, 83744
14.4473, 83312
14.4486, 83312
14.4498, 83312
14.451, 83312
14.4521, 83312
14.4533, 83312
14.4545, 83312
14.4562, 83528
14.4577, 83528
14.4591, 83528
14.4607, 83528
14.4621, 83528
14.4634, 83744
14.465, 83744
14.4664, 83744
14.4677, 83744
14.4689, 83744
14.47, 83744
14.4712, 83744
14.4723, 83960
14.4735, 83960
14.4748, 83960
14.4762, 83960
14.4775, 83960
14.4786, 83960
14.4798, 83960
14.4809, 83528
14.4821, 83528
14.4832, 83528
14.4847, 83528
14.4861, 83528
14.4876, 83528
14.489, 83528
14.4909, 83528
14.4924, 83528
14.4938, 83528
14.4952, 83528
14.4966, 83528
14.4981, 83744
14.4992, 83744
14.5004, 83744
14.5015, 83744
14.5027, 83744
14.5038, 83744
14.5052, 83744
14.5066, 83312
14.5078, 83312
14.509, 83312
14.5102, 83312
14.5114, 83312
14.5125, 83312
14.5136, 83312
14.5147, 83744
14.5159, 83744
14.517, 83744
14.5181, 83744
14.5192, 83744
14.5203, 83744
14.5214, 83744
14.5225, 83744
14.5237, 83528
14.5248, 83528
14.5259, 83528
14.5271, 83528
14.5282, 83528
14.5293, 83528
14.5304, 83528
14.5316, 83744
14.5327, 83744
14.5338, 83744
14.535, 83744
14.5361, 83744
14.5372, 83744
14.5383, 83744
14.5395, 83744
14.5406, 83744
14.5418, 83744
14.5429, 83744
14.5441, 83744
14.5453, 83744
14.5465, 83744
14.5478, 83744
14.549, 83528
14.5502, 83528
14.5514, 83528
14.5526, 83528
14.5539, 83528
14.5551, 83528
14.5564, 83528
14.5576, 83096
14.5588, 83096
14.5601, 83096
14.5615, 83096
14.5627, 83096
14.5639, 83096
14.5652, 83096
14.5664, 83312
14.5677, 83312
14.5689, 83312
14.5702, 83312
14.5714, 83312
14.5726, 83312
14.5738, 83312
14.5751, 83312
14.5762, 83312
14.5773, 83312
14.5785, 83312
14.5797, 83312
14.5808, 83312
14.582, 83312
14.5833, 83312
14.5845, 83312
14.5856, 83312
14.5868, 83312
14.588, 83312
14.5893, 83312
14.5905, 83312
14.5916, 83312
14.5928, 83312
14.594, 83312
14.5952, 83312
14.5964, 83312
14.5976, 83312
14.5987, 83312
14.5999, 83528
14.6011, 83528
14.6023, 83528
14.6035, 83528
14.6047, 83528
14.6059, 83528
14.607, 83528
14.6082, 83528
14.6094, 83528
14.6105, 83528
14.6117, 83528
14.6129, 83528
14.6141, 83528
14.6153, 83528
14.6164, 83528
14.6175, 83312
14.6187, 83312
14.6198, 83312
14.6209, 83312
14.622, 83312
14.6231, 83312
14.6242, 83312
14.6254, 83312
14.6265, 83312
14.6276, 83312
14.6287, 83312
14.6298, 83312
14.631, 83312
14.6322, 83312
14.6333, 83312
14.6344, 83312
14.6356, 83312
14.6368, 83312
14.638, 83312
14.6392, 83312
14.6403, 83312
14.6415, 83312
14.6426, 83312
14.6437, 83312
14.6449, 83312
14.646, 83312
14.6472, 83312
14.6483, 83312
14.6495, 83312
14.6506, 83312
14.6518, 83312
14.6529, 83312
14.6541, 83312
14.6553, 83312
14.6565, 83312
14.6576, 83312
14.6588, 83312
14.6599, 83312
14.6611, 83312
14.6623, 83312
14.6635, 83312
14.6646, 83312
14.6658, 83312
14.667, 83312
14.6682, 83312
14.6694, 83312
14.6706, 83312
14.6719, 83312
14.6732, 83312
14.6745, 83312
14.6758, 83312
14.6771, 83312
14.6783, 83312
14.6795, 83312
14.6807, 83312
14.6821, 83312
14.6833, 83312
14.6845, 83312
14.6858, 82880
14.6874, 82880
14.689, 82880
14.6903, 82880
14.6915, 82880
14.6928, 82880
14.6941, 82664
14.6955, 82664
14.6968, 82664
14.6988, 82664
14.7001, 82664
14.7013, 82664
14.7025, 82232
14.7038, 82232
14.705, 82232
14.7062, 82232
14.7074, 82232
14.7088, 82232
14.71, 82232
14.7113, 81800
14.7127, 81800
14.7139, 81800
14.7153, 81800
14.7165, 81800
14.7176, 81800
14.7188, 81800
14.7199, 81584
14.7211, 81584
14.7222, 81584
14.7236, 81584
14.7248, 81584
14.7262, 81584
14.7275, 81584
14.7297, 81368
14.7313, 81368
14.7325, 81368
14.7337, 81368
14.7348, 81368
14.736, 81368
14.7373, 82016
14.7385, 82016
14.7397, 82016
14.7409, 82016
14.7422, 82016
14.7434, 82016
14.7446, 82016
14.7458, 83312
14.7471, 83312
14.7483, 83312
14.7494, 83312
14.7506, 83312
14.7518, 83312
14.753, 83312
14.7541, 83528
14.7554, 83528
14.7568, 83528
14.7582, 83528
14.7597, 83528
14.761, 83528
14.7623, 83528
14.7635, 83528
14.7648, 83528
14.766, 83528
14.7673, 83528
14.7686, 83528
14.7709, 82880
14.7729, 82880
14.7746, 82880
14.7759, 82880
14.7773, 82880
14.7786, 82880
14.78, 82448
14.7814, 82448
14.7831, 82448
14.7845, 82448
14.7858, 82448
14.7871, 82448
14.7885, 81800
14.7898, 81800
14.7914, 81800
14.7935, 81800
14.7964, 81152
14.8035, 81152
14.805, 80936
14.8065, 80936
14.8079, 80936
14.8093, 80936
14.8106, 80936
14.8123, 80936
14.8136, 80504
14.8149, 80504
14.8161, 80504
14.8174, 80504
14.8186, 80504
14.8199, 80504
14.8212, 80504
14.8225, 80288
14.8237, 80288
14.825, 80288
14.8262, 80288
14.8275, 80288
14.8288, 80288
14.8301, 80288
14.8313, 80288
14.8325, 80288
14.8337, 80288
14.8349, 80288
14.8361, 80288
14.8374, 80288
14.8386, 80288
14.8398, 80072
14.841, 80072
14.8422, 80072
14.8434, 80072
14.8446, 80072
14.8458, 80072
14.8471, 80072
14.8483, 79856
14.8495, 79856
14.8507, 79856
14.852, 79856
14.8531, 79856
14.8544, 79856
14.856, 79856
14.8572, 79856
14.8585, 79856
14.8597, 79856
14.8611, 79856
14.8623, 79856
14.8636, 79856
14.8649, 79856
14.8662, 79856
14.8675, 79856
14.8687, 79856
14.87, 79856
14.8717, 79856
14.873, 79856
14.8742, 79856
14.8754, 79856
14.8766, 79856
14.8778, 79856
14.8792, 79856
14.8804, 79856
14.8816, 79640
14.8829, 79640
14.8841, 79640
14.8855, 79640
14.8867, 79640
14.888, 79640
14.8892, 79640
14.8904, 79640
14.8916, 79640
14.8929, 79640
14.8941, 79640
14.8954, 79640
14.8966, 79640
14.8978, 79640
14.8991, 79640
14.9003, 79640
14.9016, 79640
14.9028, 79640
14.9041, 79640
14.9052, 79640
14.9064, 79640
14.9076, 79424
14.9113, 79424
14.9127, 79424
14.9181, 79640
14.9195, 79640
14.9207, 79640
14.9219, 79640
14.9232, 79640
14.9245, 79856
14.9282, 79856
14.9297, 79856
14.9322, 79856
14.9347, 80072
14.9381, 80072
14.9394, 80072
14.9407, 80072
14.9419, 80504
14.9431, 80504
14.9443, 80504
14.9455, 80504
14.9467, 80504
14.9479, 80504
14.9491, 80504
14.9503, 80288
14.9515, 80288
14.9526, 80288
14.9538, 80288
14.9549, 80288
14.9561, 80288
14.9572, 80288
14.9584, 80288
14.9595, 80288
14.9607, 80288
14.962, 80288
14.9632, 80288
14.9644, 80288
14.9656, 80288
14.9667, 80288
14.9679, 80288
14.9691, 80288
14.9702, 80288
14.9714, 80288
14.9726, 80288
14.9738, 80288
14.975, 80288
14.9762, 80504
14.9774, 80504
14.9785, 80504
14.9797, 80504
14.9809, 80504
14.9821, 80504
14.9833, 80504
14.9845, 80504
14.9857, 80504
14.9868, 80504
14.988, 80504
14.9892, 80504
14.9904, 80504
14.9915, 80504
14.9928, 80504
14.9941, 80504
14.9955, 80504
14.9968, 80504
14.9982, 80504
14.9995, 80504
15.0007, 80504
15.0021, 80504
15.0035, 80504
15.0048, 80504
15.006, 80504
15.0073, 80504
15.0085, 80504
15.0097, 80504
15.0109, 80504
15.0122, 80504
15.0135, 80504
15.0148, 80504
15.0161, 80504
15.0202, 80288
15.0218, 80288
15.0262, 80288
15.0276, 80504
15.0289, 80504
15.0303, 80504
15.0316, 80504
15.0331, 80504
15.0346, 80504
15.0362, 80504
15.0378, 80504
15.0393, 80504
15.0406, 80504
15.0418, 80504
15.043, 80504
15.0443, 80504
15.0455, 80504
15.0467, 80504
15.0479, 80504
15.0492, 80504
15.0504, 80504
15.0516, 80504
15.0528, 80288
15.0541, 80288
15.0554, 80288
15.0566, 80288
15.0578, 80288
15.059, 80288
15.0602, 80288
15.0615, 80072
15.0627, 80072
15.064, 80072
15.0652, 80072
15.0664, 80072
15.0678, 80072
15.069, 80072
15.0702, 80072
15.0715, 80072
15.0727, 80072
15.0742, 80072
15.0756, 80072
15.0769, 80072
15.0782, 79856
15.0794, 79856
15.0812, 79856
15.0824, 79856
15.0836, 79856
15.0847, 79856
15.0859, 79856
15.0872, 79856
15.0885, 79856
15.0898, 79856
15.091, 79856
15.0922, 79856
15.0934, 79856
15.0946, 79856
15.0959, 80072
15.0972, 80072
15.0983, 80072
15.0995, 80072
15.1007, 80072
15.1019, 80072
15.1031, 80072
15.1043, 80288
15.1055, 80288
15.1067, 80288
15.1079, 80288
15.109, 80288
15.1102, 80288
15.1114, 80288
15.1126, 80288
15.1145, 80288
15.1158, 80288
15.1171, 80288
15.1183, 80288
15.1196, 80288
15.1209, 80288
15.1222, 80288
15.1235, 80288
15.1247, 80288
15.1259, 80288
15.1271, 80288
15.1284, 80288
15.1296, 80072
15.131, 80072
15.1324, 80072
15.1337, 80072
15.1349, 80072
15.1361, 80072
15.1374, 79856
15.1386, 79856
15.1398, 79856
15.1411, 79856
15.1423, 79856
15.1439, 79856
15.1454, 79856
15.1467, 79856
15.1479, 79856
15.1491, 79856
15.1543, 79640
15.1559, 79640
15.1576, 79640
15.1591, 79640
15.1605, 79640
15.162, 79640
15.1634, 79640
15.1649, 79640
15.1664, 79640
15.1678, 79640
15.1692, 79640
15.1705, 79640
15.1718, 79640
15.1731, 79640
15.1743, 79640
15.1756, 79640
15.1769, 79640
15.1782, 79640
15.1798, 79640
15.1811, 79640
15.1824, 79640
15.1836, 79640
15.1849, 79640
15.1861, 79640
15.1873, 79640
15.1885, 79640
15.1897, 79640
15.1909, 79640
15.1922, 79640
15.1934, 79640
15.1947, 79640
15.1959, 79640
15.1971, 79424
15.1983, 79424
15.1996, 79424
15.2008, 79424
15.2021, 79424
15.2033, 79424
15.2047, 79424
15.2059, 79424
15.2071, 79424
15.2083, 79424
15.2094, 79424
15.2106, 79424
15.2117, 79424
15.2129, 79424
15.214, 79424
15.2151, 79424
15.2163, 79424
15.2174, 79424
15.2186, 79424
15.2197, 79424
15.2209, 79424
15.222, 79424
15.2231, 79424
15.2243, 79424
15.2255, 79424
15.2266, 79424
15.2278, 79424
15.2289, 79424
15.2301, 79424
15.2312, 79424
15.2324, 79424
15.2336, 79424
15.2347, 79424
15.2359, 79424
15.237, 79424
15.2382, 79424
15.2395, 79424
15.2408, 79424
15.242, 79424
15.2433, 79424
15.2445, 79424
15.2457, 79424
15.247, 79424
15.2482, 79424
15.2495, 79424
15.2507, 79424
15.2519, 79424
15.2532, 79424
15.2544, 79424
15.2556, 79424
15.2568, 79640
15.2581, 79640
15.2593, 79640
15.2605, 79640
15.2618, 79640
15.263, 79640
15.2649, 79640
15.272, 79640
15.275, 79640
15.2766, 79640
15.2791, 79640
15.2819, 79640
15.2835, 79640
15.2849, 79640
15.2862, 79640
15.2875, 79640
15.2887, 79640
15.2899, 79640
15.2911, 79640
15.2924, 79640
15.2936, 79640
15.2948, 79640
15.2961, 79640
15.2973, 79640
15.2986, 79640
15.2998, 79640
15.3011, 79640
15.3022, 79640
15.3034, 79640
15.3051, 79640
15.3064, 79640
15.3076, 79640
15.3089, 79424
15.3101, 79424
15.3114, 79424
15.3126, 79424
15.3138, 79424
15.315, 79424
15.3163, 79424
15.3176, 79424
15.3189, 79424
15.3202, 79424
15.3214, 79424
15.3227, 79424
15.324, 79424
15.3253, 79424
15.3265, 79424
15.3277, 79424
15.3289, 79424
15.3301, 79424
15.3314, 79424
15.3327, 79424
15.3338, 79208
15.3351, 79208
15.3363, 79208
15.3375, 79208
15.3388, 79208
15.3401, 79208
15.3414, 79208
15.3426, 79208
15.344, 79208
15.3454, 79208
15.3466, 79208
15.3479, 79208
15.3491, 79208
15.3504, 79208
15.3517, 79208
15.3529, 79208
15.3544, 79208
15.3557, 79208
15.357, 79208
15.3582, 79208
15.3596, 79208
15.3608, 79208
15.3622, 79208
15.3634, 79208
15.3646, 79208
15.3658, 79208
15.3672, 79208
15.3684, 78992
15.3697, 78992
15.3709, 78992
15.3722, 78992
15.3735, 78992
15.3748, 78992
15.3761, 78992
15.3773, 78992
15.3785, 78992
15.3798, 78992
15.381, 78992
15.3822, 78992
15.3834, 78992
15.3847, 78992
15.3859, 78992
15.3872, 78992
15.3885, 78992
15.3898, 78992
15.3928, 78776
15.4011, 78776
15.403, 78776
15.4043, 78776
15.4073, 78776
15.4222, 78992
15.4259, 78992
15.428, 78992
15.4293, 78992
15.4306, 78992
15.4319, 78992
15.4332, 78992
15.4344, 78992
15.439, 78776
15.445, 78776
15.4476, 78776
15.4493, 78776
15.451, 78776
15.453, 78992
15.4547, 78992
15.4571, 78992
15.4631, 78992
15.4659, 78992
15.4673, 78992
15.4686, 78992
15.4699, 78992
15.4713, 78776
15.4726, 78776
15.4738, 78776
15.4752, 78776
15.4765, 78776
15.4778, 78776
15.4791, 78776
15.4804, 78776
15.4816, 78776
15.4829, 78776
15.4842, 78776
15.4854, 78776
15.4867, 78776
15.488, 78776
15.4893, 78776
15.4906, 78776
15.4919, 78776
15.4931, 78776
15.4944, 78776
15.4956, 78776
15.4969, 78992
15.4984, 78992
15.5, 78992
15.5019, 78992
15.5039, 78992
15.5057, 78992
15.5074, 78992
15.5089, 78992
15.5106, 78992
15.5131, 78992
15.5151, 78992
15.5201, 78992
15.5216, 78992
15.5229, 78992
15.5241, 78992
15.5253, 78992
15.5266, 78992
15.5278, 78992
15.529, 78992
15.5302, 78992
15.5315, 78992
15.5327, 78992
15.534, 78992
15.5353, 78992
15.5366, 78992
15.5379, 78992
15.5393, 78992
15.5407, 78992
15.5419, 78992
15.5433, 78992
15.5445, 78992
15.5458, 78992
15.547, 78992
15.5483, 78992
15.5495, 78992
15.5508, 78992
15.5521, 78992
15.5534, 78992
15.5546, 78992
15.5559, 78992
15.5571, 78992
15.5583, 78992
15.5594, 78992
15.5606, 78992
15.5617, 78992
15.5628, 78992
15.564, 78992
15.5651, 78992
15.5662, 78992
15.5674, 78992
15.5687, 78992
15.5699, 78992
15.5711, 78992
15.5722, 78992
15.5734, 78776
15.5745, 78776
15.5757, 78776
15.5769, 78776
15.5782, 78776
15.5794, 78776
15.5805, 78776
15.5817, 78992
15.5829, 78992
15.584, 78992
15.5852, 78992
15.5863, 78992
15.5874, 78992
15.5886, 78992
15.5897, 78992
15.5909, 78992
15.592, 78992
15.5932, 78992
15.5943, 78992
15.5955, 78992
15.5966, 78992
15.5977, 78992
15.5989, 78992
15.6, 78992
15.6012, 78992
15.6023, 78992
15.6035, 78992
15.6046, 78992
15.6058, 78992
15.6069, 78776
15.608, 78776
15.6092, 78776
15.6103, 78776
15.6115, 78776
15.6126, 78776
15.6138, 78776
15.6149, 78776
15.616, 78560
15.6172, 78560
15.6183, 78560
15.6195, 78560
15.6206, 78560
15.6219, 78560
15.623, 78560
15.6242, 78560
15.6253, 78560
15.6265, 78560
15.6276, 78560
15.6288, 78560
15.6299, 78560
15.6311, 78560
15.6322, 78560
15.6334, 78560
15.6345, 78560
15.6357, 78560
15.6368, 78560
15.638, 78560
15.6392, 78560
15.6403, 78560
15.6415, 78560
15.6426, 78560
15.6438, 78560
15.6449, 78560
15.646, 78560
15.6471, 78560
15.6483, 78560
15.6494, 78344
15.6506, 78344
15.6517, 78344
15.6528, 78344
15.654, 78344
15.6551, 78344
15.6563, 78344
15.6574, 78344
15.6585, 78344
15.6597, 78344
15.6608, 78344
15.662, 78344
15.6631, 78344
15.6642, 78344
15.6654, 78344
15.6665, 78344
15.6677, 78344
15.6688, 78344
15.6699, 78344
15.6711, 78344
15.6722, 78344
15.6734, 78344
15.6745, 78344
15.6757, 78344
15.6768, 78344
15.6779, 78344
15.6791, 78344
15.6802, 78344
15.6814, 78344
15.6825, 78344
15.6836, 78560
15.6848, 78560
15.6859, 78560
15.6871, 78560
15.6883, 78560
15.6894, 78560
15.6905, 78560
15.6917, 78560
15.6928, 78560
15.6939, 78560
15.6951, 78560
15.6963, 78560
15.6974, 78560
15.6985, 78560
15.6997, 78560
15.7008, 78560
15.7019, 78560
15.7031, 78560
15.7042, 78560
15.7054, 78560
15.7065, 78560
15.7077, 78560
15.7088, 78560
15.7099, 78560
15.7111, 78560
15.7122, 78560
15.7134, 78560
15.7145, 78560
15.7157, 78560
15.7168, 78560
15.7179, 78560
15.7191, 78560
15.7203, 78560
15.7214, 78560
15.7225, 78560
15.7237, 78560
15.7248, 78560
15.7259, 78560
15.7271, 78560
15.7282, 78560
15.7294, 78560
15.7305, 78560
15.7317, 78560
15.7328, 78560
15.7339, 78560
15.7351, 78776
15.7362, 78776
15.7374, 78776
15.7385, 78776
15.7396, 78776
15.7408, 78776
15.7419, 78776
15.7431, 78776
15.7442, 78776
15.7453, 78776
15.7465, 78776
15.7476, 78776
15.7488, 78776
15.7499, 78776
15.7511, 78776
15.7522, 78776
15.7533, 78776
15.7545, 78776
15.7556, 78776
15.7568, 78776
15.7579, 78776
15.7591, 78776
15.7602, 78776
15.7614, 78776
15.7625, 78776
15.7636, 78776
15.7648, 78776
15.7659, 78776
15.7671, 78776
15.7682, 78776
15.7694, 78776
15.7705, 78776
15.7717, 78776
15.7728, 78776
15.774, 78776
15.7751, 78776
15.7763, 78776
15.7774, 78776
15.7785, 78776
15.7797, 78776
15.7808, 78776
15.782, 78776
15.7831, 78776
15.7843, 78776
15.7854, 78776
15.7865, 78776
15.7877, 78776
15.7888, 78776
15.79, 78776
15.7911, 78776
15.7923, 78776
15.7934, 78776
15.7946, 78776
15.7957, 78776
15.7969, 78776
15.798, 78776
15.7992, 78776
15.8003, 78776
15.8014, 78776
15.8026, 78776
15.8038, 78776
15.8049, 78776
15.8061, 78776
15.8072, 78776
15.8083, 78776
15.8095, 78776
15.8106, 78776
15.8118, 78776
15.8129, 78776
15.814, 78776
15.8151, 78776
15.8163, 78776
15.8174, 78776
15.8185, 78776
15.8197, 78776
15.8208, 78776
15.8219, 78776
15.8231, 78776
15.8242, 78776
15.8254, 78776
15.8265, 78776
15.8277, 78776
15.8288, 78776
15.8299, 78776
15.8311, 78776
15.8322, 78776
15.8334, 78776
15.8345, 78776
15.8356, 78776
15.8368, 78776
15.8379, 78776
15.8391, 78776
15.8402, 78776
15.8414, 78776
15.8425, 78776
15.8437, 78776
15.8448, 78776
15.8459, 78776
15.8471, 78776
15.8482, 78776
15.8494, 78776
15.8506, 78776
15.8517, 78776
15.8528, 78776
15.854, 78776
15.8552, 78776
15.8563, 78776
15.8575, 78776
15.8586, 78776
15.8598, 78776
15.8609, 78776
15.8621, 78776
15.8632, 78776
15.8644, 78776
15.8655, 78776
15.8667, 78776
15.8678, 78776
15.869, 78776
15.8701, 78776
15.8713, 78776
15.8724, 78776
15.8736, 78776
15.8747, 78776
15.8758, 78776
15.877, 78776
15.8781, 78776
15.8793, 78776
15.8804, 78776
15.8816, 78776
15.8827, 78776
15.8838, 78776
15.885, 78776
15.8861, 78776
15.8872, 78776
15.8884, 78776
15.8895, 78776
15.8906, 78776
15.8918, 78776
15.8929, 78776
15.894, 78776
15.8952, 78776
15.8963, 78776
15.8975, 78776
15.8986, 78776
15.8997, 78776
15.9009, 78776
15.902, 78776
15.9031, 78776
15.9045, 78776
15.9056, 78776
15.9068, 78776
15.9079, 78776
15.9091, 78776
15.9102, 78776
15.9114, 78776
15.9125, 78776
15.9136, 78776
15.9148, 78776
15.9159, 78776
15.9171, 78776
15.9182, 78776
15.9194, 78776
15.9205, 78776
15.9216, 78776
15.9228, 78776
15.9239, 78776
15.9251, 78776
15.9262, 78776
15.9274, 78776
15.9285, 78776
15.9297, 78776
15.9308, 78776
15.9319, 78776
15.9331, 78776
15.9342, 78776
15.9354, 78776
15.9365, 78776
15.9376, 78776
15.9388, 78776
15.9399, 78776
15.941, 78776
15.9422, 78776
15.9433, 78776
15.9445, 78776
15.9456, 78776
15.9467, 78776
15.9479, 78776
15.949, 78776
15.9502, 78776
15.9513, 78776
15.9524, 78776
15.9536, 78776
15.9547, 78776
15.9559, 78776
15.957, 78776
15.9582, 78776
15.9593, 78776
15.9605, 78776
15.9616, 78776
15.9627, 78776
15.9639, 78776
15.965, 78776
15.9662, 78776
15.9673, 78776
15.9685, 78776
15.9696, 78776
15.9707, 78776
15.9719, 78776
15.973, 78776
15.9741, 78776
15.9753, 78776
15.9765, 78776
15.9776, 78776
15.9787, 78776
15.9799, 78776
15.981, 78776
15.9821, 78776
15.9833, 78776
15.9844, 78776
15.9856, 78776
15.9867, 78776
15.9878, 78776
15.989, 78776
15.9901, 78776
15.9913, 78776
15.9924, 78776
15.9935, 78776
15.9947, 78776
15.9958, 78776
15.997, 78776
16.0101, 78992
16.0141, 78992
16.0154, 78992
16.0167, 78992
16.0179, 78992
16.0193, 78992
16.0205, 78992
16.0217, 78992
16.0229, 78992
16.024, 78992
16.0252, 78992
16.0265, 78992
16.028, 78992
16.0294, 78992
16.0381, 79208
16.0398, 79208
16.0412, 79208
16.0425, 78992
16.0438, 78992
16.0453, 78992
16.0581, 78992
16.0599, 78992
16.0618, 78992
16.0636, 78992
16.0653, 78992
16.0668, 78992
16.0682, 78992
16.0696, 78992
16.071, 78992
16.0723, 78992
16.0736, 78992
16.0749, 78992
16.0762, 78992
16.0776, 78992
16.0793, 78992
16.081, 78992
16.0827, 78992
16.0842, 78992
16.0858, 78992
16.0873, 78992
16.0886, 78992
16.09, 78992
16.0915, 78992
16.0927, 78992
16.0938, 78992
16.0951, 78992
16.0963, 78992
16.0975, 78992
16.0987, 78992
16.0999, 78992
16.1061, 78992
16.1078, 78992
16.1092, 78992
16.1105, 79208
16.1119, 79208
16.1133, 79208
16.1146, 79208
16.1159, 79208
16.1172, 79208
16.1186, 79208
16.1204, 79208
16.1218, 79208
16.1231, 79208
16.1242, 79208
16.1254, 79208
16.1266, 79208
16.1277, 79208
16.1289, 79208
16.1301, 79208
16.1316, 79208
16.1329, 79208
16.1341, 79208
16.1354, 79208
16.1366, 79208
16.1379, 79208
16.1393, 79208
16.1406, 79208
16.1419, 79208
16.1432, 79208
16.1445, 79208
16.1458, 79208
16.1471, 79208
16.1484, 79208
16.1496, 79208
16.1509, 79208
16.1522, 79208
16.1535, 78992
16.1547, 78992
16.156, 78992
16.1573, 78992
16.1586, 78992
16.1598, 78992
16.1612, 78992
16.1624, 78992
16.1637, 78992
16.165, 78992
16.1663, 78992
16.1675, 78992
16.1688, 78992
16.17, 79208
16.1713, 79208
16.1725, 79208
16.1737, 79208
16.175, 79208
16.1763, 79208
16.1775, 79208
16.1788, 79208
16.1801, 79208
16.1814, 79208
16.1827, 79208
16.184, 79208
16.1853, 79208
16.1866, 79208
16.1879, 79208
16.1891, 79208
16.1904, 79208
16.1917, 79208
16.1929, 79208
16.1945, 79208
16.1959, 79208
16.1971, 79208
16.1983, 79208
16.2001, 79208
16.2015, 79208
16.2029, 79208
16.2042, 79208
16.2054, 79208
16.2067, 79208
16.2079, 79208
16.2092, 79208
16.2108, 79208
16.2121, 79208
16.2133, 79208
16.2146, 79208
16.2157, 79208
16.2168, 79208
16.218, 79208
16.2191, 79208
16.2203, 79208
16.2214, 79424
16.2226, 79424
16.2237, 79424
16.2248, 79424
16.226, 79424
16.2271, 79424
16.2283, 79424
16.2294, 79424
16.2305, 79208
16.2317, 79208
16.2328, 79208
16.2339, 79208
16.2351, 79208
16.2362, 79208
16.2374, 79208
16.2385, 79208
16.2397, 79208
16.2408, 79208
16.2419, 79208
16.2431, 79208
16.2442, 79208
16.2454, 79208
16.2465, 79208
16.2477, 79208
16.2488, 79208
16.25, 79208
16.2511, 79208
16.2523, 79208
16.2534, 79208
16.2546, 79208
16.2557, 79208
16.2569, 79208
16.258, 79208
16.2592, 79208
16.2603, 79208
16.2614, 79208
16.2626, 79208
16.2637, 79208
16.2648, 79208
16.266, 79208
16.2672, 79208
16.2684, 79208
16.2695, 79208
16.2706, 79208
16.2718, 79208
16.2729, 79208
16.2741, 79208
16.2752, 79208
16.2764, 79208
16.2775, 79208
16.2786, 79208
16.2798, 79208
16.2809, 79208
16.282, 79208
16.2832, 79208
16.2843, 79208
16.2855, 79208
16.2866, 79208
16.2878, 79208
16.2889, 79208
16.29, 79208
16.2912, 79208
16.2923, 79208
16.2934, 79208
16.2946, 79208
16.2957, 79208
16.2969, 79208
16.298, 79208
16.2992, 79208
16.3003, 79208
16.3014, 79208
16.3026, 79208
16.3037, 79208
16.3049, 79208
16.306, 79208
16.3072, 79208
16.3083, 79208
16.3094, 79208
16.3106, 79208
16.3117, 79208
16.3129, 79208
16.314, 79208
16.3152, 79208
16.3163, 79208
16.3175, 79208
16.3186, 79208
16.3197, 79208
16.3209, 79208
16.322, 79208
16.3232, 79208
16.3243, 79208
16.3255, 79208
16.3266, 79208
16.3278, 79208
16.3289, 79208
16.3301, 79208
16.3312, 79208
16.3323, 79208
16.3335, 79208
16.3346, 79208
16.3358, 79208
16.3369, 79208
16.338, 79208
16.3391, 79208
16.3403, 79208
16.3414, 79208
16.3426, 79208
16.3437, 79208
16.3449, 79208
16.346, 79208
16.3472, 79208
16.3483, 79208
16.3495, 79208
16.3506, 79208
16.3518, 79208
16.3529, 79208
16.3541, 79208
16.3552, 79208
16.3564, 79208
16.3575, 79208
16.3587, 79208
16.3599, 79208
16.361, 79208
16.3622, 79208
16.3633, 79208
16.3644, 79208
16.3656, 79208
16.3667, 78992
16.3679, 78992
16.369, 78992
16.3701, 78992
16.3713, 78992
16.3724, 78992
16.3736, 78992
16.3748, 78992
16.3759, 78992
16.3771, 78992
16.3782, 78992
16.3794, 78992
16.3805, 78992
16.3816, 78992
16.3828, 78992
16.3839, 78992
16.3851, 78992
16.3862, 78992
16.3873, 78992
16.3885, 78992
16.3896, 78992
16.3908, 78992
16.3919, 78992
16.393, 78992
16.3942, 78992
16.3954, 78992
16.3966, 78992
16.3977, 78992
16.3989, 78992
16.4002, 78992
16.4014, 78992
16.4026, 78992
16.4039, 78992
16.4052, 78992
16.4064, 78992
16.4076, 78992
16.409, 78992
16.4103, 78992
16.4115, 78992
16.4126, 78992
16.4138, 78992
16.415, 78992
16.4161, 78992
16.4173, 78992
16.4184, 78992
16.4196, 78992
16.4207, 78992
16.4219, 78992
16.4231, 78992
16.4243, 78992
16.4254, 78992
16.4266, 78992
16.4277, 78992
16.4289, 78992
16.43, 78992
16.4312, 78992
16.4323, 78992
16.4335, 78992
16.4346, 78992
16.4358, 78992
16.4369, 78992
16.4381, 78992
16.4392, 78992
16.4404, 78992
16.4415, 78992
16.4427, 78992
16.4438, 78992
16.445, 78992
16.4461, 78992
16.4473, 78992
16.4484, 78992
16.4495, 78992
16.4507, 78992
16.4519, 78992
16.453, 78992
16.4542, 78992
16.4553, 78992
16.4565, 78992
16.4576, 78992
16.4588, 78992
16.4599, 78992
16.4611, 78992
16.4622, 78992
16.4634, 78992
16.4645, 78992
16.4657, 78992
16.4668, 78992
16.4679, 78992
16.4691, 78992
16.4702, 78992
16.4714, 78992
16.4725, 78992
16.4736, 78992
16.4748, 78992
16.4759, 78992
16.4771, 78992
16.4782, 78992
16.4794, 78992
16.4805, 78992
16.4816, 78992
16.4828, 78992
16.484, 78992
16.4851, 78992
16.4863, 78992
16.4874, 78992
16.4886, 78992
16.4897, 78992
16.4909, 78992
16.492, 78992
16.4932, 78992
16.4943, 78992
16.4955, 78992
16.4967, 78992
16.4981, 78992
16.4992, 78992
16.5004, 78992
16.5016, 78992
16.5027, 78992
16.5038, 78992
16.505, 78992
16.5062, 78992
16.5073, 78992
16.5085, 78992
16.5096, 78992
16.5108, 78992
16.5119, 79208
16.5131, 79208
16.5142, 79208
16.5154, 79208
16.5165, 79208
16.5176, 79208
16.5189, 79208
16.52, 78992
16.5211, 78992
16.5223, 78992
16.5234, 78992
16.5246, 78992
16.5257, 78992
16.5268, 78992
16.528, 78992
16.5291, 78992
16.5302, 78992
16.5314, 78992
16.5325, 78992
16.5336, 78992
16.5348, 78992
16.5359, 78992
16.537, 78992
16.5382, 78992
16.5393, 78992
16.5404, 78992
16.5416, 78992
16.5427, 78992
16.5439, 78992
16.545, 78992
16.5461, 78776
16.5473, 78776
16.5484, 78776
16.5495, 78776
16.5507, 78776
16.5518, 78776
16.5529, 78776
16.554, 78776
16.5552, 78776
16.5563, 78776
16.5574, 78776
16.5586, 78776
16.5597, 78776
16.5608, 78776
16.562, 78776
16.5632, 78776
16.5643, 78776
16.5655, 78776
16.5666, 78776
16.5677, 78776
16.5688, 78776
16.57, 78776
16.5711, 78776
16.5723, 78776
16.5734, 78776
16.5746, 78776
16.5757, 78776
16.5769, 78776
16.578, 78776
16.5792, 78776
16.5803, 78560
16.5815, 78560
16.5826, 78560
16.5838, 78560
16.5849, 78560
16.586, 78560
16.5871, 78560
16.5883, 78560
16.5894, 78560
16.5906, 78560
16.5917, 78560
16.5928, 78560
16.594, 78560
16.5952, 78560
16.5963, 78560
16.5974, 78560
16.5986, 78560
16.5999, 78560
16.601, 78560
16.6021, 78560
16.6032, 78560
16.6044, 78560
16.6055, 78560
16.6067, 78560
16.6078, 78560
16.6089, 78560
16.61, 78560
16.6112, 78560
16.6123, 78560
16.6135, 78560
16.6146, 78344
16.6157, 78344
16.6168, 78344
16.618, 78344
16.6192, 78344
16.6203, 78344
16.6214, 78344
16.6226, 78344
16.6237, 78344
16.6248, 78344
16.626, 78344
16.6282, 78344
16.6295, 78344
16.6307, 78344
16.6319, 78344
16.6331, 78344
16.6342, 78344
16.6354, 78344
16.6365, 78344
16.6377, 78344
16.6388, 78344
16.6401, 78344
16.6421, 78344
16.6537, 78344
16.6554, 78344
16.6568, 78560
16.6581, 78560
16.6595, 78560
16.6609, 78560
16.6621, 78560
16.6634, 78560
16.6646, 78560
16.6659, 78560
16.6679, 78560
16.6695, 78560
16.671, 78560
16.6723, 78560
16.6736, 78560
16.6749, 78560
16.6762, 78560
16.6775, 78560
16.6789, 78560
16.6804, 78560
16.6823, 78992
16.6839, 78992
16.6858, 78992
16.6876, 78992
16.6888, 78992
16.6899, 78992
16.6912, 78992
16.6923, 78992
16.6935, 78992
16.6946, 78992
16.6959, 78992
16.6977, 78992
16.6992, 78776
16.7005, 78776
16.7018, 78776
16.703, 78776
16.7043, 78776
16.7056, 78776
16.7068, 78776
16.7081, 78992
16.7093, 78992
16.7105, 78992
16.7118, 78992
16.713, 78992
16.7142, 78992
16.7154, 78992
16.7167, 78992
16.7179, 78992
16.7193, 78992
16.7206, 78992
16.722, 78992
16.7233, 78992
16.7247, 78992
16.726, 78992
16.7274, 78992
16.7287, 78992
16.7301, 78992
16.7314, 78992
16.7326, 78992
16.7339, 79208
16.7352, 79208
16.7366, 79208
16.7378, 79208
16.7392, 79208
16.7405, 79208
16.7418, 79208
16.7432, 79208
16.7445, 79208
16.7457, 79208
16.747, 79208
16.7483, 79208
16.7495, 79208
16.7508, 79208
16.7521, 79208
16.7534, 79208
16.7546, 79208
16.756, 79208
16.7572, 79208
16.7585, 79208
16.7598, 79424
16.761, 79424
16.7623, 79424
16.7636, 79424
16.7648, 79424
16.7661, 79424
16.7675, 79208
16.7687, 79208
16.77, 79208
16.7713, 79208
16.7726, 79208
16.7739, 79208
16.7752, 79208
16.7764, 79424
16.7777, 79424
16.779, 79424
16.7802, 79424
16.7815, 79424
16.7828, 79424
16.784, 79424
16.7852, 79424
16.7863, 79424
16.7875, 79424
16.7886, 79424
16.7897, 79424
16.7909, 79424
16.792, 79424
16.7932, 79208
16.7943, 79208
16.7955, 79208
16.7966, 79208
16.7978, 79208
16.7989, 79208
16.8001, 79208
16.8012, 79208
16.8024, 78992
16.8035, 78992
16.8046, 78992
16.8058, 78992
16.8069, 78992
16.8081, 78992
16.8093, 78992
16.8105, 78992
16.8118, 78992
16.8131, 78992
16.8144, 78992
16.8156, 78992
16.8169, 78992
16.818, 78992
16.8192, 78992
16.8204, 78992
16.8215, 78992
16.8227, 78992
16.8239, 78992
16.825, 78992
16.8261, 78992
16.8273, 78992
16.8285, 78992
16.8296, 78992
16.8308, 78992
16.832, 78992
16.8331, 78992
16.8343, 78992
16.8354, 78992
16.8366, 78776
16.8377, 78776
16.8389, 78776
16.84, 78776
16.8412, 78776
16.8423, 78776
16.8435, 78776
16.8446, 78776
16.8458, 78776
16.8469, 78776
16.8481, 78776
16.8492, 78776
16.8503, 78776
16.8515, 78776
16.8526, 78992
16.8538, 78992
16.8549, 78992
16.8561, 78992
16.8572, 78992
16.8584, 78992
16.8595, 78992
16.8606, 78992
16.8618, 78992
16.8629, 78992
16.8641, 78992
16.8652, 78992
16.8664, 78992
16.8675, 78992
16.8686, 78992
16.8698, 78992
16.8709, 78992
16.8721, 78992
16.8732, 78992
16.8743, 78992
16.8755, 78992
16.8767, 78992
16.8778, 78992
16.879, 79208
16.8801, 79208
16.8813, 79208
16.8824, 79208
16.8835, 79208
16.8847, 79208
16.8858, 79208
16.887, 78992
16.8881, 78992
16.8893, 78992
16.8904, 78992
16.8915, 78992
16.8927, 78992
16.8938, 78992
16.895, 78992
16.8961, 78992
16.8972, 78992
16.8984, 78992
16.8995, 78992
16.9007, 78992
16.9018, 78992
16.903, 78992
16.9041, 78992
16.9053, 78992
16.9064, 78992
16.9076, 78992
16.9087, 78992
16.9098, 78992
16.911, 78992
16.9121, 78992
16.9133, 78992
16.9144, 78992
16.9155, 78992
16.9167, 78992
16.9179, 78992
16.9191, 78992
16.9204, 78992
16.9217, 78992
16.9229, 78992
16.9241, 78992
16.9253, 78992
16.9264, 78992
16.9276, 78992
16.9287, 78992
16.9299, 78992
16.9311, 78992
16.9323, 78992
16.9334, 78992
16.9346, 78992
16.9358, 78992
16.9369, 78992
16.9381, 78992
16.9393, 78992
16.9404, 78992
16.9416, 78992
16.9428, 78992
16.9439, 78992
16.9451, 78992
16.9462, 78992
16.9474, 78992
16.9485, 78992
16.9497, 78992
16.9508, 78992
16.952, 78992
16.9531, 78992
16.9543, 78992
16.9554, 78992
16.9566, 78992
16.9577, 78992
16.9588, 78992
16.96, 78992
16.9611, 78992
16.9623, 78992
16.9634, 78992
16.9646, 78992
16.9657, 78992
16.9669, 78992
16.968, 78992
16.9691, 78992
16.9703, 78992
16.9714, 78992
16.9726, 79208
16.9737, 79208
16.9748, 79208
16.976, 79208
16.9771, 79208
16.9783, 79208
16.9794, 79208
16.9805, 79208
16.9817, 78992
16.9828, 78992
16.9839, 78992
16.9851, 78992
16.9862, 78992
16.9874, 78992
16.9885, 78992
16.9896, 79208
16.9908, 79208
16.9919, 79208
16.993, 79208
16.9942, 79208
16.9953, 79208
16.9965, 79208
16.9976, 79208
16.9987, 79208
16.9999, 79208
17.001, 79208
17.0021, 79208
17.0033, 79208
17.0044, 79208
17.0055, 79208
17.0067, 79208
17.0078, 79208
17.009, 79208
17.0101, 79208
17.0112, 79208
17.0124, 79208
17.0135, 79208
17.0146, 79208
17.0158, 79208
17.0169, 79208
17.0181, 79208
17.0192, 79208
17.0204, 79208
17.0215, 79208
17.0227, 79208
17.0238, 79208
17.025, 79208
17.0261, 79208
17.0272, 79208
17.0284, 79208
17.0295, 79208
17.0307, 79208
17.0318, 79208
17.033, 79208
17.0341, 79208
17.0352, 79208
17.0364, 79208
17.0375, 79208
17.0387, 79208
17.0398, 79208
17.0409, 79208
17.0421, 79208
17.0432, 79208
17.0443, 79208
17.0455, 79208
17.0466, 79208
17.0478, 79208
17.0489, 79208
17.0501, 79208
17.0512, 79208
17.0524, 79208
17.0535, 79208
17.0547, 79208
17.0558, 79208
17.0569, 79208
17.0581, 78992
17.0592, 78992
17.0604, 78992
17.0615, 78992
17.0627, 78992
17.0638, 78992
17.065, 78992
17.0661, 78992
17.0672, 78992
17.0684, 78992
17.0695, 78992
17.0707, 78992
17.0718, 78992
17.073, 78992
17.0741, 78992
17.0753, 78776
17.0764, 78776
17.0776, 78776
17.0787, 78776
17.0799, 78776
17.081, 78776
17.0821, 78776
17.0833, 78776
17.0844, 78776
17.0856, 78776
17.0867, 78776
17.0879, 78776
17.089, 78776
17.0901, 78776
17.0913, 78776
17.0924, 78560
17.0935, 78560
17.0947, 78560
17.0958, 78560
17.097, 78560
17.0981, 78560
17.0992, 78560
17.1004, 78560
17.1015, 78560
17.1027, 78560
17.1038, 78560
17.1049, 78560
17.1061, 78560
17.1072, 78560
17.1084, 78560
17.1095, 78344
17.1106, 78344
17.1118, 78344
17.1129, 78344
17.114, 78344
17.1152, 78344
17.1163, 78344
17.1175, 78344
17.1186, 78344
17.1197, 78344
17.1209, 78344
17.122, 78344
17.1232, 78344
17.1243, 78344
17.1255, 78344
17.1266, 78344
17.1278, 78344
17.1289, 78344
17.13, 78344
17.1312, 78344
17.1323, 78344
17.1334, 78344
17.1346, 78344
17.1357, 78344
17.1369, 78344
17.138, 78344
17.1392, 78344
17.1403, 78344
17.1414, 78344
17.1426, 78344
17.1437, 78128
17.1449, 78128
17.146, 78128
17.1472, 78128
17.1483, 78128
17.1494, 78128
17.1506, 78128
17.1517, 78128
17.1529, 78128
17.154, 78128
17.1552, 78128
17.1563, 78128
17.1575, 78128
17.1586, 78128
17.1598, 78128
17.1609, 78128
17.1621, 78128
17.1633, 78128
17.1644, 78128
17.1655, 78128
17.1667, 78128
17.1678, 78128
17.169, 78128
17.1701, 78128
17.1712, 78128
17.1723, 78128
17.1735, 78128
17.1746, 78128
17.1758, 78128
17.1783, 78128
17.1798, 78128
17.181, 78128
17.1822, 78128
17.1834, 78128
17.1846, 78128
17.1857, 78128
17.1869, 78128
17.1881, 78128
17.1893, 78128
17.1904, 78128
17.1916, 78128
17.1981, 78344
17.1999, 78344
17.2014, 78344
17.2028, 78560
17.2042, 78560
17.2056, 78560
17.2068, 78560
17.2079, 78560
17.2091, 78560
17.2103, 78560
17.2115, 78560
17.2234, 78776
17.2261, 78776
17.2324, 78992
17.234, 78992
17.2355, 78992
17.2369, 79208
17.2381, 79208
17.2392, 79208
17.2404, 79208
17.2415, 79208
17.2427, 79208
17.2439, 79208
17.245, 79208
17.2462, 79424
17.2473, 79424
17.2485, 79424
17.2497, 79424
17.2508, 79424
17.252, 79424
17.2531, 79424
17.2543, 79424
17.2554, 79424
17.2589, 79424
17.27, 79640
17.2797, 80072
17.2834, 80072
17.2847, 80072
17.2861, 80072
17.2874, 80072
17.2888, 80288
17.2901, 80288
17.2926, 80288
17.2942, 80288
17.2956, 80288
17.3009, 80504
17.3028, 80504
17.3112, 80504
17.3142, 80504
17.323, 80720
17.3258, 80720
17.3272, 80720
17.3285, 80720
17.3299, 80720
17.3312, 80720
17.3324, 80720
17.3336, 80720
17.3348, 80720
17.3359, 80720
17.3371, 80720
17.3383, 80720
17.3395, 80936
17.3409, 80936
17.3423, 80936
17.3436, 80936
17.3451, 80936
17.3464, 80936
17.3477, 80936
17.349, 80936
17.3503, 80936
17.3515, 80936
17.3527, 80936
17.3539, 80936
17.3551, 80936
17.3563, 81152
17.3574, 81152
17.3586, 81152
17.3598, 81152
17.3611, 81152
17.3624, 81152
17.3637, 81152
17.3652, 81152
17.3664, 81152
17.3676, 81152
17.3688, 81152
17.3699, 81152
17.3711, 81152
17.3722, 81152
17.3734, 81152
17.3746, 81152
17.3757, 81152
17.3769, 81152
17.3782, 81152
17.3794, 81152
17.3806, 81152
17.3818, 81152
17.383, 81152
17.3842, 81152
17.3854, 81152
17.3866, 81152
17.3878, 81152
17.3889, 81152
17.3901, 81152
17.3913, 81368
17.3924, 81368
17.3937, 81368
17.3951, 81368
17.3965, 81368
17.3977, 81368
17.3988, 81368
17.4, 81368
17.4012, 81368
17.4025, 81368
17.4039, 81368
17.4052, 81368
17.4065, 81368
17.4079, 81368
17.4091, 81368
17.4103, 81368
17.4114, 81368
17.4126, 81368
17.4137, 81368
17.4149, 81368
17.416, 81368
17.4172, 81368
17.4184, 81368
17.4197, 81368
17.4208, 81368
17.4219, 81368
17.4231, 81368
17.4243, 81368
17.4254, 81584
17.4266, 81584
17.4277, 81584
17.4289, 81584
17.43, 81584
17.4312, 81584
17.4323, 81584
17.4335, 81584
17.4346, 81584
17.4358, 81584
17.4372, 81584
17.4386, 81584
17.4399, 81584
17.4413, 81584
17.4426, 81584
17.4439, 81584
17.4452, 81584
17.4465, 81584
17.4479, 81584
17.4492, 81584
17.4505, 81800
17.4519, 81800
17.4532, 81800
17.4545, 81800
17.4558, 81800
17.457, 81800
17.4581, 81800
17.4593, 81800
17.4604, 81800
17.4616, 81800
17.4627, 81800
17.4639, 81800
17.4651, 81800
17.4663, 81800
17.4677, 81800
17.4691, 81800
17.4702, 81800
17.4714, 81800
17.4726, 81800
17.4738, 81800
17.475, 81800
17.4762, 81800
17.4774, 81800
17.4786, 81800
17.4799, 81800
17.4813, 81800
17.4827, 81800
17.4841, 81800
17.4854, 81800
17.4866, 81800
17.4879, 81800
17.4892, 81800
17.4905, 81800
17.4919, 81800
17.4933, 82016
17.4946, 82016
17.496, 82016
17.4973, 82016
17.4984, 82016
17.4997, 82016
17.501, 82016
17.5022, 82016
17.5034, 82016
17.5045, 82016
17.5057, 82016
17.5069, 82016
17.5081, 82016
17.5093, 82016
17.5105, 82016
17.5116, 82016
17.5128, 82016
17.514, 82016
17.5152, 82016
17.5163, 82016
17.5175, 82016
17.5186, 82016
17.5198, 82016
17.521, 82016
17.5223, 82016
17.5237, 82016
17.5251, 82016
17.5263, 82016
17.5277, 81800
17.529, 81800
17.5303, 81800
17.5316, 81800
17.533, 81800
17.5344, 81800
17.5357, 82016
17.5369, 82016
17.5382, 82016
17.5395, 82016
17.5408, 82016
17.5421, 82016
17.5434, 82016
17.5446, 81800
17.5459, 81800
17.5473, 81800
17.5487, 81800
17.5501, 81800
17.5514, 81800
17.5527, 81800
17.5541, 81800
17.5554, 81800
17.5567, 81800
17.5579, 81800
17.5592, 81800
17.5605, 81800
17.5618, 81800
17.5631, 81800
17.5644, 81800
17.5657, 81800
17.567, 81800
17.5682, 81800
17.5695, 81800
17.5707, 81800
17.5719, 81800
17.5733, 81800
17.5748, 81800
17.5763, 81800
17.5777, 81800
17.579, 81800
17.5803, 81800
17.5816, 81800
17.5828, 81800
17.5841, 81800
17.5853, 81800
17.5866, 81800
17.5879, 81800
17.5892, 81800
17.5904, 81800
17.5918, 81800
17.5931, 81800
17.5944, 81800
17.5957, 81800
17.5969, 81800
17.5982, 81800
17.5994, 81800
17.6008, 81800
17.6021, 81800
17.6035, 81800
17.6047, 81800
17.6061, 81800
17.6074, 81800
17.6088, 81800
17.6102, 81800
17.6115, 81800
17.6129, 81800
17.6143, 81800
17.6157, 81800
17.617, 81800
17.6183, 81800
17.6196, 81800
17.6208, 82016
17.6221, 82016
17.6234, 82016
17.6247, 82016
17.626, 82016
17.6274, 82016
17.6289, 82016
17.6302, 82016
17.6315, 82016
17.6328, 82016
17.634, 82016
17.6353, 82016
17.6367, 82016
17.6382, 82016
17.6396, 82016
17.641, 82016
17.6423, 82016
17.6436, 82016
17.6448, 82016
17.646, 82016
17.6472, 81800
17.6485, 81800
17.6498, 81800
17.6511, 81800
17.6524, 81800
17.6536, 81800
17.6548, 81800
17.656, 81800
17.6572, 81800
17.6584, 81800
17.6596, 81800
17.6607, 81800
17.6618, 81800
17.663, 81800
17.6641, 81800
17.6653, 81800
17.6666, 81800
17.6681, 81800
17.6695, 81800
17.6709, 81800
17.6722, 81800
17.6735, 81800
17.6748, 81800
17.6761, 81800
17.6773, 81800
17.6785, 81800
17.6797, 81800
17.6808, 81800
17.682, 81800
17.6832, 81800
17.6844, 81800
17.6856, 81800
17.6868, 81800
17.688, 81800
17.6891, 81800
17.6903, 81800
17.6915, 81800
17.6926, 81800
17.6938, 81800
17.6951, 81800
17.6963, 81800
17.6976, 82016
17.6988, 82016
17.6999, 82016
17.7011, 82016
17.7022, 82016
17.7034, 82016
17.7045, 82016
17.7057, 82016
17.7069, 82016
17.708, 82016
17.7092, 82016
17.7104, 82016
17.7117, 82016
17.7129, 82016
17.714, 82016
17.7152, 82016
17.7164, 82016
17.7175, 82016
17.7187, 82016
17.72, 82016
17.7214, 82016
17.7228, 82016
17.7242, 82016
17.7256, 82016
17.7271, 82016
17.7285, 82016
17.7297, 82016
17.731, 82016
17.7322, 82016
17.7335, 82016
17.7347, 82016
17.7359, 82016
17.737, 82016
17.7382, 82016
17.7393, 82016
17.7405, 81800
17.7416, 81800
17.7427, 81800
17.7439, 81800
17.745, 81800
17.7462, 81800
17.7474, 81800
17.7486, 81368
17.7499, 81368
17.7513, 81368
17.7526, 81368
17.7539, 81368
17.7553, 81368
17.7566, 81368
17.758, 81800
17.7593, 81800
17.7605, 81800
17.7616, 81800
17.7628, 81800
17.7639, 81800
17.7651, 81800
17.7662, 81800
17.7674, 81800
17.7685, 81800
17.7696, 81800
17.7708, 81800
17.7719, 81800
17.7731, 81800
17.7742, 81368
17.7754, 81368
17.7765, 81368
17.7777, 81368
17.7788, 81368
17.78, 81368
17.7812, 81368
17.7824, 81368
17.7835, 81368
17.7847, 81368
17.7859, 81368
17.7873, 81368
17.7886, 81368
17.7898, 81368
17.7912, 81584
17.7926, 81584
17.7938, 81584
17.7951, 81584
17.7963, 81584
17.7974, 81584
17.7986, 81584
17.7997, 81584
17.8009, 81800
17.8021, 81800
17.8033, 81800
17.8046, 81800
17.806, 81800
17.8074, 81800
17.8088, 81584
17.8101, 81584
17.8116, 81584
17.8129, 81584
17.8143, 81584
17.8156, 81584
17.8168, 82016
17.8181, 82016
17.8193, 82016
17.8204, 82016
17.8215, 82016
17.8227, 82016
17.8238, 82016
17.825, 82016
17.8261, 82232
17.8272, 82232
17.8284, 82232
17.8295, 82232
17.8308, 82232
17.8321, 82232
17.8333, 82232
17.8346, 82232
17.8359, 82232
17.8371, 82232
17.8383, 82232
17.8394, 82232
17.8406, 82232
17.8417, 82232
17.8428, 82232
17.844, 82232
17.8451, 82232
17.8463, 82232
17.8474, 82232
17.8487, 82232
17.8501, 82232
17.8514, 82232
17.8528, 82232
17.8541, 82232
17.8554, 82232
17.8567, 82232
17.858, 82232
17.8592, 82232
17.8605, 82232
17.8618, 82232
17.8632, 82232
17.8646, 82232
17.8657, 82232
17.8669, 82232
17.868, 82232
17.8692, 82232
17.8703, 82232
17.8715, 82232
17.8726, 82232
17.8737, 82232
17.8749, 82232
17.876, 82232
17.8772, 81800
17.8785, 81800
17.8798, 81800
17.8812, 81800
17.8827, 81800
17.884, 81800
17.8854, 82016
17.8868, 82016
17.8882, 82016
17.8894, 82016
17.8906, 82016
17.8918, 82016
17.8929, 82016
17.8941, 82232
17.8952, 82232
17.8964, 82232
17.8976, 82232
17.8987, 82232
17.8999, 82232
17.9012, 82232
17.9023, 82448
17.9035, 82448
17.9047, 82448
17.9059, 82448
17.907, 82448
17.9083, 82448
17.9095, 82448
17.9107, 82448
17.9119, 82448
17.9131, 82448
17.9143, 82448
17.9161, 82448
17.9174, 82448
17.9186, 82448
17.9198, 82664
17.9211, 82664
17.9224, 82664
17.9236, 82664
17.9248, 82664
17.926, 82664
17.9273, 82664
17.9286, 82880
17.9299, 82880
17.9311, 82880
17.9324, 82880
17.9337, 82880
17.935, 82880
17.9363, 82664
17.9375, 82664
17.9387, 82664
17.9399, 82664
17.9412, 82664
17.9425, 82664
17.9438, 82664
17.9451, 82448
17.9464, 82448
17.9476, 82448
17.9488, 82448
17.95, 82448
17.9512, 82448
17.9524, 82448
17.9537, 82448
17.9549, 82448
17.9562, 82448
17.9574, 82448
17.9587, 82448
17.9599, 82448
17.9612, 82448
17.9626, 82448
17.9639, 82448
17.9652, 82448
17.9664, 82448
17.9677, 82448
17.9689, 82448
17.9702, 82448
17.9715, 82232
17.9729, 82232
17.9742, 82232
17.9755, 82232
17.9768, 82232
17.9781, 82232
17.9793, 82232
17.9806, 82232
17.9818, 82232
17.9831, 82232
17.9844, 82232
17.9856, 82232
17.9869, 82232
17.9883, 82232
17.9898, 82232
17.9912, 82232
17.9925, 82232
17.9938, 82232
17.9951, 82232
17.9964, 82232
17.9977, 82232
17.9991, 82232
18.0004, 82232
18.0017, 82232
18.003, 82232
18.0043, 82232
18.0056, 82232
18.0069, 82232
18.0081, 82232
18.0094, 82232
18.0106, 82232
18.0119, 82232
18.0132, 82232
18.0145, 82232
18.0159, 82232
18.0172, 82232
18.0184, 82232
18.0197, 82232
18.021, 82232
18.0223, 82232
18.0236, 82232
18.025, 82232
18.0262, 82232
18.0274, 82232
18.0287, 82232
18.03, 82232
18.0313, 82232
18.0326, 82232
18.034, 82232
18.0354, 82232
18.0367, 82232
18.038, 82232
18.0394, 82448
18.0407, 82448
18.042, 82448
18.0433, 82448
18.0446, 82448
18.0459, 82448
18.0473, 82448
18.0487, 82448
18.0501, 82448
18.0514, 82448
18.0527, 82448
18.0541, 82448
18.0554, 82448
18.0567, 82664
18.058, 82664
18.0592, 82664
18.0603, 82664
18.0615, 82664
18.0626, 82664
18.0638, 82664
18.065, 82448
18.0661, 82448
18.0673, 82448
18.0684, 82448
18.0695, 82448
18.0707, 82448
18.0718, 82448
18.0729, 82664
18.0741, 82664
18.0752, 82664
18.0763, 82664
18.0775, 82664
18.0786, 82664
18.0797, 82664
18.0808, 82664
18.082, 82664
18.0831, 82664
18.0842, 82664
18.0853, 82664
18.0864, 82664
18.0876, 82664
18.0887, 82664
18.0898, 82664
18.091, 82448
18.0922, 82448
18.0934, 82448
18.0947, 82448
18.0959, 82448
18.0972, 82448
18.0984, 82448
18.0996, 82448
18.1009, 82448
18.1021, 82448
18.1033, 82448
18.1045, 82448
18.1057, 82448
18.1068, 82448
18.1079, 82448
18.109, 82448
18.1101, 82448
18.1113, 82448
18.1124, 82448
18.1135, 82448
18.1146, 82448
18.1157, 82232
18.1169, 82232
18.118, 82232
18.1192, 82232
18.1203, 82232
18.1214, 82232
18.1225, 82232
18.1236, 82232
18.1248, 82448
18.1259, 82448
18.127, 82448
18.1282, 82448
18.1294, 82448
18.1305, 82448
18.1316, 82448
18.1327, 82448
18.1339, 82448
18.135, 82448
18.1361, 82448
18.1373, 82448
18.1384, 82448
18.1395, 82448
18.1406, 82448
18.1418, 82448
18.1429, 82448
18.144, 82448
18.1452, 82448
18.1463, 82448
18.1474, 82448
18.1486, 82448
18.1497, 82232
18.1508, 82232
18.1519, 82232
18.1531, 82232
18.1542, 82232
18.1553, 82232
18.1565, 82232
18.1576, 82232
18.1587, 82232
18.1598, 82232
18.161, 82232
18.1621, 82232
18.1632, 82232
18.1643, 82232
18.1655, 82232
18.1666, 82232
18.1677, 82232
18.1689, 82232
18.17, 82232
18.1712, 82232
18.1723, 82232
18.1735, 82232
18.1746, 82232
18.1758, 82016
18.1769, 82016
18.178, 82016
18.1791, 82016
18.1803, 82016
18.1814, 82016
18.1825, 82016
18.1836, 82016
18.1848, 82016
18.1859, 82016
18.187, 82016
18.1881, 82016
18.1893, 82016
18.1904, 82016
18.1915, 82016
18.1926, 82232
18.1938, 82232
18.1949, 82232
18.196, 82232
18.1971, 82232
18.1983, 82232
18.1994, 82232
18.2005, 82232
18.2016, 82016
18.2028, 82016
18.2039, 82016
18.205, 82016
18.2062, 82016
18.2073, 82016
18.2084, 82016
18.2095, 82232
18.2106, 82232
18.2118, 82232
18.2129, 82232
18.214, 82232
18.2151, 82232
18.2163, 82232
18.2174, 82232
18.2185, 82232
18.2196, 82232
18.2207, 82232
18.2218, 82232
18.2229, 82232
18.2241, 82232
18.2252, 82232
18.2263, 82232
18.2274, 82232
18.2285, 82232
18.2296, 82232
18.2307, 82232
18.2318, 82232
18.2329, 82232
18.2341, 82232
18.2352, 82232
18.2363, 82232
18.2374, 82232
18.2385, 82232
18.2396, 82232
18.2407, 82232
18.2418, 82232
18.2429, 82232
18.244, 82232
18.2451, 82232
18.2462, 82232
18.2473, 82232
18.2484, 82232
18.2495, 82232
18.2506, 82232
18.2517, 82232
18.2528, 82448
18.2539, 82448
18.2551, 82448
18.2562, 82448
18.2573, 82448
18.2584, 82448
18.2595, 82448
18.2606, 82448
18.2617, 83312
18.2628, 83312
18.2639, 83312
18.265, 83312
18.2661, 83312
18.2672, 83312
18.2684, 83312
18.2696, 83960
18.2709, 83960
18.2721, 83960
18.2734, 83960
18.2746, 83960
18.2758, 83960
18.2773, 83960
18.2788, 83528
18.2806, 83528
18.2819, 83528
18.2831, 83528
18.2853, 83528
18.2866, 84176
18.2878, 84176
18.289, 84176
18.2901, 84176
18.2913, 84176
18.2957, 84824
18.297, 84824
18.2982, 84824
18.2994, 84824
18.3006, 84824
18.3018, 84824
18.303, 84824
18.3042, 85040
18.3053, 85040
18.3064, 85040
18.3076, 85040
18.3104, 85040
18.3117, 85040
18.3129, 84392
18.314, 84392
18.3152, 84392
18.3163, 84392
18.318, 84392
18.3248, 84392
18.3261, 84392
18.3274, 84392
18.3286, 84392
18.3298, 84824
18.331, 84824
18.3322, 84824
18.3334, 84824
18.3345, 84824
18.3357, 84824
18.337, 84824
18.3384, 84608
18.3396, 84608
18.3408, 84608
18.3419, 84608
18.3431, 84608
18.3442, 84608
18.3455, 84608
18.3469, 84392
18.3482, 84392
18.3495, 84392
18.3508, 84392
18.3521, 84392
18.3535, 84392
18.3548, 85256
18.356, 85256
18.3571, 85256
18.3582, 85256
18.3594, 85256
18.3607, 85256
18.362, 85256
18.3633, 84824
18.3645, 84824
18.3659, 84824
18.3671, 84824
18.3683, 84824
18.3695, 84824
18.3707, 84824
18.3719, 85688
18.3731, 85688
18.3742, 85688
18.3755, 85688
18.3768, 85688
18.378, 85688
18.3792, 85688
18.3804, 86336
18.3816, 86336
18.3828, 86336
18.384, 86336
18.3853, 86336
18.3866, 86336
18.3878, 86336
18.3891, 85904
18.3904, 85904
18.3915, 85904
18.3927, 85904
18.3938, 85904
18.395, 85904
18.3963, 85904
18.3974, 85472
18.3986, 85472
18.3997, 85472
18.4009, 85472
18.4022, 85472
18.4035, 85472
18.4049, 85472
18.4061, 85472
18.4075, 85472
18.4086, 85472
18.4098, 85472
18.4109, 85472
18.4121, 85472
18.4133, 85472
18.4145, 85040
18.4158, 85040
18.417, 85040
18.4182, 85040
18.4195, 85040
18.4207, 85040
18.422, 85040
18.4232, 84608
18.4244, 84608
18.4256, 84608
18.4268, 84608
18.428, 84608
18.4292, 84608
18.4304, 84608
18.4317, 84392
18.433, 84392
18.4342, 84392
18.4354, 84392
18.4366, 84392
18.4378, 84392
18.439, 84392
18.4406, 84392
18.4419, 84392
18.443, 84392
18.4442, 84392
18.4454, 84392
18.4466, 84392
18.4477, 84392
18.449, 84392
18.4502, 84392
18.4514, 84392
18.4526, 84392
18.4538, 84392
18.4552, 84392
18.4565, 84392
18.4578, 84608
18.4592, 84608
18.4603, 84608
18.4614, 84608
18.4626, 84608
18.4638, 84608
18.465, 84608
18.4663, 84392
18.4674, 84392
18.4686, 84392
18.4697, 84392
18.4708, 84392
18.472, 84392
18.4731, 84392
18.4742, 84608
18.4756, 84608
18.478, 84608
18.4799, 84608
18.4812, 84608
18.4824, 84608
18.4837, 84608
18.485, 84608
18.4863, 84608
18.4876, 84608
18.4889, 84608
18.4901, 84608
18.4913, 84608
18.4924, 84608
18.4935, 84608
18.4947, 84608
18.4962, 84608
18.4974, 84608
18.4985, 84608
18.4997, 84608
18.5009, 84608
18.5021, 84608
18.5033, 84608
18.5044, 84608
18.5056, 84608
18.5068, 84608
18.508, 84608
18.5092, 84608
18.5103, 84608
18.5115, 84608
18.5128, 84608
18.514, 84608
18.5153, 84608
18.5166, 84608
18.5177, 84608
18.5189, 84608
18.5201, 84608
18.5213, 84608
18.5224, 84608
18.5236, 84608
18.5248, 84608
18.526, 84608
18.5273, 84608
18.5285, 84608
18.5297, 84608
18.5309, 84608
18.5321, 84608
18.5333, 84608
18.5344, 84608
18.5356, 84608
18.5367, 84608
18.5379, 84608
18.539, 84608
18.5402, 84608
18.5414, 84608
18.5426, 84608
18.5438, 84608
18.5449, 84608
18.5461, 84608
18.5473, 84608
18.5485, 84608
18.5496, 84608
18.5508, 84608
18.5521, 84608
18.5535, 84608
18.5548, 84608
18.556, 84608
18.5571, 84608
18.5583, 84608
18.5595, 84392
18.5607, 84392
18.562, 84392
18.5641, 84392
18.5667, 84176
18.5695, 84176
18.5715, 84176
18.5733, 84176
18.5747, 84176
18.576, 83528
18.5777, 83528
18.579, 83528
18.5803, 83528
18.5815, 83528
18.5826, 83528
18.5838, 83528
18.585, 83960
18.5861, 83960
18.5873, 83960
18.5885, 83960
18.5897, 83960
18.5908, 83960
18.592, 83960
18.5931, 83960
18.5943, 84176
18.5955, 84176
18.5966, 84176
18.5978, 84176
18.599, 84176
18.6002, 84176
18.6015, 84176
18.6027, 84176
18.604, 84176
18.6053, 84176
18.6066, 84176
18.6078, 84176
18.609, 84176
18.6106, 84176
18.6122, 84176
18.6136, 84176
18.6149, 84176
18.6162, 84176
18.618, 84176
18.6193, 84176
18.6205, 84176
18.6217, 84176
18.6229, 84176
18.6242, 84176
18.6255, 84176
18.6267, 84176
18.6279, 84176
18.6291, 84176
18.6304, 84176
18.6317, 84176
18.6331, 84176
18.6343, 84176
18.6355, 84176
18.6367, 84176
18.638, 84176
18.6393, 84176
18.6405, 84176
18.6417, 84176
18.643, 84176
18.6442, 84176
18.6454, 84176
18.6467, 84176
18.6479, 84176
18.649, 84176
18.6502, 84176
18.6515, 84176
18.6528, 84176
18.6545, 84176
18.6563, 84176
18.6578, 84176
18.659, 84176
18.6601, 84176
18.6613, 84176
18.6625, 83960
18.6642, 83960
18.6656, 83960
18.6669, 83960
18.6683, 83960
18.6697, 83960
18.671, 83744
18.6723, 83744
18.6737, 83744
18.675, 83744
18.6763, 83744
18.6775, 83744
18.6786, 83744
18.6798, 83528
18.681, 83528
18.6821, 83528
18.6833, 83528
18.6844, 83528
18.6858, 83528
18.6872, 82880
18.6885, 82880
18.6899, 82880
18.6913, 82880
18.6926, 82880
18.6939, 82880
18.6958, 83096
18.697, 83096
18.7001, 83096
18.7031, 83096
18.7043, 83096
18.7056, 82448
18.7078, 82448
18.7108, 82448
18.7121, 82448
18.7132, 82664
18.7144, 82664
18.7155, 82664
18.7166, 82664
18.7177, 82664
18.725, 83528
18.7286, 83528
18.73, 83528
18.7313, 83528
18.7325, 83528
18.7336, 83528
18.7348, 83528
18.7359, 83528
18.7388, 83096
18.7401, 83096
18.7413, 83096
18.7426, 83096
18.7438, 83096
18.7449, 83096
18.7461, 83096
18.7476, 82880
18.749, 82880
18.7504, 82880
18.7521, 82880
18.7539, 82880
18.7554, 82880
18.7567, 83096
18.7581, 83096
18.7594, 83096
18.7607, 83096
18.762, 83096
18.7634, 83096
18.7646, 83096
18.7657, 83096
18.7669, 83096
18.7681, 83096
18.7695, 83096
18.7708, 83096
18.7722, 83096
18.7736, 82664
18.7751, 82664
18.7765, 82664
18.7777, 82664
18.7789, 82664
18.7801, 82664
18.7812, 83096
18.7824, 83096
18.7836, 83096
18.7847, 83096
18.7859, 83096
18.7872, 83096
18.7883, 83096
18.7895, 83096
18.7907, 83528
18.792, 83528
18.7932, 83528
18.7944, 83528
18.7957, 83528
18.7969, 83528
18.7981, 83528
18.7993, 83528
18.8007, 83528
18.8019, 83528
18.8031, 83528
18.8044, 83528
18.8057, 83528
18.8069, 83744
18.8081, 83744
18.8094, 83744
18.8106, 83744
18.8119, 83744
18.8132, 83744
18.8146, 83744
18.8159, 83312
18.8172, 83312
18.8185, 83312
18.8198, 83312
18.8211, 83312
18.8223, 83312
18.8236, 83312
18.8247, 83096
18.8259, 83096
18.8271, 83096
18.8284, 83096
18.8296, 83096
18.8308, 83096
18.832, 83096
18.8332, 82880
18.8344, 82880
18.8357, 82880
18.8387, 82880
18.8446, 82232
18.8523, 82016
18.8539, 82016
18.8557, 82016
18.8572, 82016
18.8584, 81800
18.8597, 81800
18.8615, 81800
18.865, 81800
18.8666, 82016
18.868, 82016
18.8709, 82016
18.8786, 82448
18.8807, 82448
18.8873, 82664
18.8898, 82664
18.8924, 82448
18.8937, 82448
18.8951, 82448
18.8964, 82448
18.8978, 82448
18.9028, 82664
18.9044, 82664
18.9064, 82664
18.9084, 82664
18.9103, 82664
18.9135, 82664
18.9163, 82664
18.9176, 82664
18.9233, 82664
18.9256, 82880
18.9289, 82880
18.9311, 82880
18.9328, 82880
18.9344, 82880
18.9361, 83096
18.9379, 83096
18.9401, 83096
18.9417, 83096
18.943, 83096
18.9444, 83312
18.9464, 83312
18.9549, 83096
18.957, 83096
18.9596, 83096
18.9668, 83312
18.9686, 82880
18.982, 82664
18.9845, 82664
18.9905, 82448
18.9936, 82448
18.9961, 82448
18.9991, 82448
19.0004, 82448
19.0016, 82448
19.0038, 82448
19.0088, 82448
19.0115, 82232
19.0174, 82232
19.0198, 82232
19.0211, 82232
19.0224, 82232
19.0257, 82232
19.0301, 82448
19.0328, 82448
19.0342, 82448
19.0381, 82448
19.0395, 82448
19.0408, 82448
19.042, 82448
19.0433, 82448
19.0446, 82448
19.0464, 82448
19.048, 82448
19.0492, 82448
19.0505, 82448
19.0517, 82448
19.0529, 82448
19.0541, 82448
19.0553, 82232
19.0565, 82232
19.0577, 82232
19.0588, 82232
19.06, 82232
19.0612, 82232
19.0624, 82232
19.0638, 82232
19.0651, 82232
19.0664, 82232
19.0676, 82232
19.0687, 82232
19.0698, 82232
19.071, 82232
19.0721, 82232
19.0733, 82232
19.0745, 82232
19.0758, 82232
19.0771, 82232
19.0784, 82232
19.0803, 82232
19.0825, 82232
19.0838, 82232
19.085, 82232
19.0863, 82232
19.0876, 82232
19.0888, 82016
19.0902, 82016
19.0915, 82016
19.0928, 82016
19.095, 82016
19.0984, 82016
19.0998, 82016
19.1028, 82016
19.1049, 82016
19.107, 81800
19.1116, 81800
19.1166, 81368
19.1202, 81368
19.1238, 81368
19.1259, 81368
19.1285, 81368
19.1375, 81584
19.1391, 81584
19.1409, 81800
19.1475, 82016
19.1519, 82016
19.1591, 82016
19.1621, 82016
19.1664, 81368
19.1691, 81368
19.1733, 81368
19.1815, 81152
19.184, 81152
19.1917, 80720
19.1966, 80720
19.2105, 80720
19.2138, 80720
19.2158, 80720
19.2172, 80504
19.2199, 80504
19.2274, 80504
19.2305, 80504
19.2334, 80504
19.2369, 80504
19.2412, 80504
19.244, 80288
19.2472, 80288
19.2506, 80288
19.253, 80288
19.2543, 80288
19.2555, 80288
19.2567, 80288
19.2595, 79856
19.2648, 79856
19.269, 79856
19.2706, 79856
19.272, 79856
19.2732, 79856
19.2744, 79856
19.2759, 79856
19.2773, 79640
19.2807, 79640
19.288, 79640
19.2911, 79640
19.2947, 79640
19.3023, 79424
19.3053, 79424
19.3076, 79424
19.3107, 79424
19.3134, 79424
19.3147, 79424
19.3159, 79424
19.3171, 79424
19.3182, 79424
19.3194, 79640
19.3205, 79640
19.3217, 79640
19.3228, 79640
19.324, 79640
19.3251, 79640
19.3263, 79640
19.3274, 79208
19.3286, 79208
19.3299, 79208
19.3313, 79208
19.3337, 79208
19.3351, 79208
19.3381, 79640
19.3395, 79640
19.3406, 79640
19.3418, 79640
19.3429, 79640
19.344, 79640
19.3452, 79640
19.3465, 79640
19.3477, 79640
19.349, 79640
19.3502, 79640
19.3514, 79640
19.3526, 79640
19.3538, 79424
19.355, 79424
19.3562, 79424
19.3574, 79424
19.3586, 79424
19.3599, 79424
19.3611, 79424
19.3623, 79208
19.3635, 79208
19.3649, 79208
19.3665, 79208
19.372, 79208
19.3751, 79208
19.3768, 79208
19.3783, 79208
19.3796, 79640
19.381, 79640
19.3822, 79640
19.3834, 79640
19.3846, 79640
19.3858, 79640
19.387, 79424
19.3884, 79424
19.3896, 79424
19.3917, 79424
19.3957, 79208
19.3978, 79208
19.4023, 79208
19.4083, 79424
19.411, 79424
19.4125, 79424
19.4139, 79424
19.4217, 79640
19.4249, 79640
19.431, 79640
19.4328, 79640
19.4357, 79640
19.4422, 79640
19.4446, 79640
19.4474, 79640
19.4493, 79640
19.4543, 79640
19.4565, 79856
19.4585, 79856
19.4609, 79856
19.4676, 79640
19.4839, 79640
19.4975, 79856
19.5034, 79856
19.5067, 80072
19.5104, 80072
19.5124, 80072
19.5148, 80072
19.5168, 80072
19.5181, 80072
19.5194, 80072
19.5206, 80072
19.5219, 80072
19.5234, 80072
19.5246, 80288
19.5258, 80288
19.5272, 80288
19.5297, 80288
19.5356, 80288
19.5377, 80288
19.5399, 80288
19.5428, 79856
19.5463, 79856
19.5493, 79856
19.5662, 79640
19.5705, 79640
19.572, 79640
19.5735, 79640
19.5749, 79856
19.5764, 79856
19.5777, 79856
19.579, 79856
19.5804, 79856
19.5817, 79856
19.583, 79856
19.5843, 79856
19.5857, 79856
19.5891, 79856
19.5905, 79856
19.5919, 80072
19.5932, 80072
19.5945, 80072
19.5959, 80072
19.5974, 80072
19.5987, 80072
19.6081, 80288
19.6094, 80288
19.6107, 80288
19.6121, 80288
19.6135, 80288
19.6148, 80288
19.6163, 80288
19.6194, 80504
19.6207, 80504
19.6219, 80504
19.6231, 80504
19.6244, 80504
19.6257, 80504
19.6271, 80504
19.6285, 80504
19.6341, 80504
19.6354, 80504
19.6367, 80504
19.6381, 80504
19.6395, 80504
19.6408, 80504
19.6421, 80504
19.6434, 80504
19.6447, 80504
19.646, 80504
19.6473, 80504
19.6486, 80504
19.6499, 80504
19.6537, 80720
19.655, 80720
19.6563, 80720
19.6576, 80720
19.6589, 80720
19.6601, 80720
19.6613, 80720
19.6646, 80720
19.6659, 80720
19.6672, 80720
19.6685, 80720
19.6698, 80720
19.671, 80720
19.6722, 80720
19.6735, 80720
19.6749, 80720
19.6763, 80720
19.6777, 80720
19.6792, 80720
19.6805, 80720
19.6819, 80720
19.6833, 80720
19.6847, 80720
19.686, 80720
19.6873, 80720
19.6886, 80720
19.6898, 80720
19.6911, 80720
19.6923, 80720
19.6936, 80720
19.696, 80936
19.6974, 80936
19.6987, 80936
19.7, 80936
19.7012, 80936
19.7024, 80936
19.7038, 80936
19.7057, 80936
19.7089, 80936
19.7191, 80936
19.7207, 81152
19.722, 81152
19.7233, 81152
19.7245, 81152
19.7257, 81152
19.7269, 81152
19.728, 81152
19.7292, 81152
19.7303, 81152
19.7315, 81152
19.7439, 81152
19.7452, 81152
19.7464, 81368
19.7476, 81368
19.7519, 81368
19.7533, 81368
19.7585, 81368
19.7599, 81368
19.7612, 81368
19.7624, 81368
19.7636, 81368
19.7649, 81368
19.7661, 81368
19.7674, 81368
19.7686, 81368
19.7699, 81368
19.7711, 81584
19.7723, 81584
19.7734, 81584
19.7746, 81584
19.7757, 81584
19.777, 81584
19.7784, 81584
19.7797, 81584
19.7811, 81584
19.7823, 81584
19.7835, 81584
19.7847, 81584
19.7859, 81584
19.787, 81584
19.7882, 81584
19.7895, 81584
19.7907, 81584
19.7919, 81584
19.7931, 81584
19.7943, 81584
19.7956, 81584
19.7969, 81800
19.7983, 81800
19.7997, 81800
19.801, 81800
19.8023, 81800
19.8036, 81800
19.8051, 81800
19.8064, 81800
19.8077, 81800
19.8089, 81800
19.8102, 81800
19.8116, 81800
19.813, 81800
19.8144, 82016
19.8159, 82016
19.8172, 82016
19.8184, 82016
19.8197, 82016
19.8211, 82016
19.8225, 82016
19.8239, 82016
19.8253, 82016
19.8267, 82016
19.8279, 82016
19.8292, 82016
19.8303, 82016
19.8315, 82016
19.8327, 82016
19.8338, 82016
19.835, 82016
19.8363, 82016
19.8375, 82016
19.8387, 82016
19.8399, 82016
19.8412, 82016
19.8425, 82016
19.8439, 82016
19.8453, 82016
19.8466, 82016
19.848, 82016
19.8494, 82016
19.8507, 82016
19.8521, 82016
19.8534, 82016
19.8547, 82016
19.8561, 82016
19.8575, 82016
19.8588, 82016
19.8602, 82016
19.8614, 82016
19.8627, 82016
19.8639, 82016
19.8652, 82232
19.8665, 82232
19.8677, 82232
19.869, 82232
19.8703, 82232
19.8716, 82232
19.873, 82232
19.8744, 82232
19.8757, 82232
19.8772, 82232
19.8786, 82232
19.88, 82232
19.8813, 82232
19.8826, 82448
19.8838, 82448
19.8852, 82448
19.8865, 82448
19.8879, 82448
19.8894, 82448
19.8907, 82448
19.8921, 82448
19.8934, 82448
19.8947, 82448
19.896, 82448
19.8972, 82448
19.8985, 82448
19.8998, 82448
19.9011, 82448
19.9024, 82448
19.9037, 82448
19.905, 82448
19.9063, 82448
19.9075, 82448
19.9087, 82448
19.9099, 82448
19.9111, 82448
19.9123, 82448
19.9134, 82448
19.9146, 82448
19.9159, 82448
19.9172, 82448
19.9186, 82448
19.9199, 82448
19.9213, 82448
19.9226, 82448
19.9239, 82448
19.9252, 82448
19.9266, 82448
19.9279, 82448
19.9292, 82448
19.9304, 82448
19.9317, 82448
19.9331, 82448
19.9344, 82448
19.9357, 82448
19.9371, 82448
19.9384, 82448
19.9398, 82448
19.9412, 82448
19.9426, 82448
19.9439, 82448
19.9452, 82448
19.9465, 82448
19.9478, 82448
19.9491, 82448
19.9505, 82448
19.9519, 82448
19.9533, 82448
19.9547, 82448
19.9559, 82448
19.9571, 82448
19.9582, 82448
19.9594, 82232
19.9606, 82232
19.9617, 82232
19.963, 82232
19.9642, 82232
19.9654, 82232
19.9665, 82232
19.9677, 82016
19.9689, 82016
19.97, 82016
19.9713, 82016
19.9725, 82016
19.9738, 82016
19.9751, 82016
19.9763, 81800
19.9774, 81800
19.9786, 81800
19.9797, 81800
19.9809, 81800
19.9822, 81800
19.9836, 81800
19.9849, 81800
19.9862, 81800
19.9876, 81800
19.9889, 81800
19.9902, 81800
19.9914, 81800
19.9927, 81800
19.994, 82016
19.9953, 82016
19.9965, 82016
19.9976, 82016
19.9988, 82016
19.9999, 82016
20.0011, 82016
20.0023, 82016
20.0035, 82016
20.0046, 82016
20.0058, 82016
20.0069, 82016
20.0081, 82016
20.0092, 82016
20.0105, 82232
20.0118, 82232
20.0131, 82232
20.0144, 82232
20.0156, 82232
20.0169, 82232
20.0183, 82232
20.0195, 82232
20.0206, 82232
20.0218, 82232
20.0229, 82232
20.024, 82232
20.0252, 82232
20.0263, 82232
20.0274, 82232
20.0286, 82232
20.0297, 82232
20.0309, 82232
20.032, 82232
20.0331, 82232
20.0343, 82232
20.0354, 82232
20.0365, 82016
20.0377, 82016
20.0388, 82016
20.0399, 82016
20.0411, 82016
20.0422, 82016
20.0434, 82016
20.0446, 82016
20.0458, 82016
20.0471, 82016
20.0483, 82016
20.0496, 82016
20.0508, 82016
20.052, 82016
20.0531, 81800
20.0543, 81800
20.0554, 81800
20.0566, 81800
20.0578, 81800
20.0589, 81800
20.0601, 81800
20.0612, 81584
20.0624, 81584
20.0638, 81584
20.0651, 81584
20.0665, 81584
20.0679, 81584
20.0693, 81584
20.0707, 81800
20.072, 81800
20.0733, 81800
20.0745, 81800
20.0758, 81800
20.0771, 81800
20.0783, 81800
20.0795, 81800
20.0807, 81800
20.0818, 81800
20.083, 81800
20.0842, 81800
20.0853, 81800
20.0865, 81800
20.0876, 81584
20.0888, 81584
20.0899, 81584
20.0913, 81584
20.0927, 81584
20.094, 81584
20.0953, 81584
20.0965, 81584
20.0978, 81584
20.0992, 81584
20.1004, 81584
20.1016, 81584
20.1029, 81584
20.1042, 81368
20.1054, 81368
20.1067, 81368
20.1079, 81368
20.1093, 81368
20.1107, 81368
20.112, 81368
20.1134, 81368
20.1146, 81368
20.1159, 81368
20.1173, 81368
20.1186, 81368
20.1199, 81368
20.1212, 81584
20.1224, 81584
20.1236, 81584
20.1247, 81584
20.1258, 81584
20.127, 81584
20.1281, 81584
20.1293, 81584
20.1304, 81368
20.1315, 81368
20.1327, 81368
20.1338, 81368
20.1349, 81368
20.1362, 81368
20.1376, 81368
20.139, 81152
20.1404, 81152
20.1418, 81152
20.1433, 81152
20.1446, 81152
20.1459, 81152
20.1472, 81368
20.1485, 81368
20.1498, 81368
20.151, 81368
20.1521, 81368
20.1533, 81368
20.1544, 81368
20.1557, 81584
20.1569, 81584
20.1581, 81584
20.1593, 81584
20.1606, 81584
20.1618, 81584
20.1631, 81584
20.1644, 81584
20.1657, 81584
20.1669, 81584
20.1682, 81584
20.1694, 81584
20.1708, 81584
20.1724, 81800
20.1738, 81800
20.175, 81800
20.1762, 81800
20.1775, 81800
20.1787, 81800
20.18, 81800
20.1814, 82016
20.1827, 82016
20.1841, 82016
20.1854, 82016
20.1866, 82016
20.1879, 82016
20.1892, 82016
20.1904, 82016
20.1917, 82016
20.1931, 82016
20.1945, 82016
20.1959, 82016
20.1973, 82016
20.1987, 81800
20.2001, 81800
20.2014, 81800
20.2027, 81800
20.204, 81800
20.2052, 81800
20.2065, 81800
20.2077, 81800
20.2091, 81800
20.2104, 81800
20.2116, 81800
20.2129, 81800
20.2142, 81800
20.2167, 81800
20.218, 81800
20.2193, 81800
20.2206, 81800
20.2219, 81800
20.2232, 81800
20.2245, 81800
20.2257, 81800
20.2269, 81800
20.228, 81800
20.2291, 81800
20.2303, 81800
20.2315, 81800
20.2327, 81800
20.2341, 81800
20.2354, 81800
20.2369, 81800
20.2385, 81800
20.24, 81800
20.2416, 81800
20.2432, 81800
20.2445, 81800
20.2458, 81800
20.2472, 81800
20.2485, 81800
20.2501, 81800
20.2514, 81800
20.2525, 81800
20.2537, 81800
20.2548, 81800
20.2559, 81800
20.2571, 81800
20.2582, 82016
20.2594, 82016
20.2633, 82016
20.265, 82016
20.2663, 81800
20.2675, 81800
20.2687, 81800
20.2699, 81800
20.2712, 81800
20.2724, 81800
20.2736, 81800
20.2748, 82016
20.276, 82016
20.2772, 82016
20.2785, 82016
20.2799, 82016
20.2813, 82016
20.2827, 82016
20.284, 82016
20.2853, 82016
20.2865, 82016
20.2881, 82016
20.2894, 82016
20.2907, 82016
20.292, 82016
20.2933, 82016
20.2945, 82016
20.2957, 82016
20.297, 82016
20.2983, 82016
20.2996, 82016
20.3009, 82016
20.3022, 82016
20.3035, 82016
20.3047, 82016
20.306, 82016
20.3073, 82016
20.3085, 82016
20.3097, 82232
20.3109, 82232
20.3122, 82232
20.3138, 82232
20.3153, 82232
20.3168, 82232
20.3181, 82232
20.3195, 82232
20.3208, 82232
20.3221, 82232
20.3233, 82232
20.3248, 82232
20.3263, 82232
20.3278, 82232
20.3291, 82232
20.3304, 82232
20.3317, 82232
20.333, 82232
20.3345, 82232
20.3359, 82232
20.3373, 82232
20.3387, 82232
20.3401, 82232
20.3414, 82232
20.3427, 82232
20.344, 82232
20.3453, 82232
20.3465, 82232
20.3477, 82232
20.349, 82232
20.3503, 82232
20.3517, 82232
20.353, 82232
20.3542, 82232
20.3578, 82232
20.3593, 82232
20.3607, 82232
20.3618, 82232
20.363, 82232
20.3642, 82232
20.3656, 82232
20.367, 82232
20.3683, 82232
20.3697, 82232
20.371, 82232
20.3724, 82232
20.3736, 82232
20.3749, 82232
20.3762, 82232
20.3775, 82232
20.3789, 82232
20.3802, 82232
20.3814, 82232
20.3828, 82232
20.3841, 82232
20.3855, 82232
20.3868, 82232
20.3881, 82232
20.3894, 82232
20.3907, 82232
20.392, 82232
20.3933, 82232
20.3946, 82232
20.3957, 82232
20.3969, 82232
20.398, 82232
20.3992, 82232
20.4003, 82232
20.4015, 82232
20.4026, 82232
20.4038, 82232
20.4049, 82232
20.4061, 82232
20.4072, 82232
20.4084, 82232
20.4095, 82232
20.4107, 82232
20.4119, 82448
20.4132, 82448
20.4145, 82448
20.4159, 82448
20.4172, 82448
20.4186, 82448
20.4198, 82232
20.4211, 82232
20.4225, 82232
20.424, 82232
20.4253, 82232
20.4266, 82232
20.4279, 82232
20.4292, 82448
20.4305, 82448
20.4318, 82448
20.4331, 82448
20.4344, 82448
20.4356, 82448
20.4368, 82448
20.4381, 82448
20.4394, 82448
20.4407, 82448
20.442, 82448
20.4434, 82448
20.4447, 82448
20.446, 82448
20.4474, 82448
20.4488, 82448
20.45, 82448
20.4514, 82448
20.4528, 82448
20.4543, 82448
20.4556, 82448
20.4569, 82448
20.4582, 82448
20.4596, 82448
20.4609, 82448
20.4623, 82448
20.4637, 82448
20.4648, 82448
20.4661, 82448
20.4674, 82448
20.4686, 82448
20.4699, 82448
20.4712, 82664
20.4726, 82664
20.4739, 82664
20.4753, 82664
20.4766, 82664
20.4781, 82664
20.4794, 82664
20.4806, 82664
20.4821, 82664
20.4834, 82664
20.4846, 82664
20.4859, 82664
20.4871, 82664
20.4883, 82664
20.4894, 82664
20.4906, 82664
20.4918, 82664
20.493, 82664
20.4941, 82664
20.4953, 82664
20.4965, 82448
20.4976, 82448
20.4988, 82448
20.5004, 82448
20.5018, 82448
20.5031, 82448
20.5045, 82448
20.5061, 82448
20.5075, 82448
20.5088, 82448
20.5101, 82448
20.5115, 82448
20.5128, 82448
20.5141, 82448
20.5155, 82448
20.5168, 82448
20.5181, 82448
20.5195, 82448
20.5208, 82448
20.5221, 82448
20.5233, 82448
20.5246, 82448
20.5259, 82448
20.5273, 82448
20.5286, 82448
20.5299, 82448
20.5312, 82448
20.5325, 82448
20.5338, 82448
20.5349, 82448
20.5361, 82448
20.5372, 82448
20.5384, 82448
20.5396, 82016
20.5407, 82016
20.5419, 82016
20.543, 82016
20.5442, 82016
20.5456, 82016
20.5468, 82016
20.548, 82016
20.5492, 82016
20.5503, 82016
20.5514, 82016
20.5526, 82016
20.5542, 82016
20.5557, 82016
20.5571, 82016
20.5585, 82016
20.5598, 82016
20.5611, 82016
20.5623, 82016
20.5637, 82016
20.565, 82232
20.5662, 82232
20.5674, 82232
20.5686, 82232
20.5698, 82232
20.571, 82232
20.5721, 82232
20.5733, 82232
20.5744, 82232
20.5756, 82232
20.5767, 82232
20.5778, 82232
20.579, 82232
20.5802, 82232
20.5815, 82232
20.5827, 82448
20.584, 82448
20.5854, 82448
20.5867, 82448
20.588, 82448
20.5893, 82448
20.5906, 82448
20.5919, 82448
20.5931, 82448
20.5942, 82448
20.5954, 82448
20.5965, 82448
20.5977, 82448
20.5988, 82448
20.6, 82448
20.6012, 82448
20.6023, 82448
20.6035, 82448
20.6046, 82448
20.6058, 82448
20.6069, 82448
20.6081, 82448
20.6092, 82448
20.6104, 82448
20.6115, 82448
20.6127, 82448
20.6138, 82448
20.615, 82448
20.6162, 82448
20.6175, 82448
20.6187, 82448
20.62, 82448
20.6213, 82448
20.6227, 82448
20.6239, 82448
20.6251, 82232
20.6263, 82232
20.6275, 82232
20.6286, 82232
20.6298, 82232
20.6309, 82232
20.6321, 82232
20.6332, 82016
20.6344, 82016
20.6358, 82016
20.6372, 82016
20.6387, 82016
20.6402, 82016
20.6415, 82016
20.6428, 82016
20.6441, 82016
20.6453, 82016
20.6466, 82016
20.6478, 82016
20.6491, 82016
20.6503, 82232
20.6515, 82232
20.6526, 82232
20.6538, 82232
20.6549, 82232
20.6561, 82232
20.6572, 82232
20.6583, 82232
20.6595, 81800
20.6606, 81800
20.6617, 81800
20.6629, 81800
20.664, 81800
20.6653, 81800
20.6666, 81800
20.6679, 81800
20.6692, 81800
20.6704, 81800
20.6716, 81800
20.6729, 81800
20.6741, 81800
20.6754, 81800
20.6767, 81800
20.6778, 81800
20.679, 81800
20.6801, 81800
20.6813, 81800
20.6827, 81800
20.684, 81584
20.6852, 81584
20.6865, 81584
20.6878, 81584
20.6891, 81584
20.6903, 81584
20.6916, 81584
20.6928, 81800
20.6941, 81800
20.6953, 81800
20.6967, 81800
20.6979, 81800
20.6991, 81800
20.7003, 81800
20.7014, 81800
20.7026, 81800
20.7037, 81800
20.7049, 81800
20.706, 81800
20.7072, 81800
20.7085, 81800
20.7099, 81800
20.7114, 81800
20.7128, 81800
20.7142, 81800
20.7155, 81800
20.7168, 81800
20.718, 81800
20.7193, 81800
20.7206, 81800
20.7219, 81800
20.7232, 81800
20.7245, 81800
20.7258, 81800
20.727, 82016
20.7283, 82016
20.7296, 82016
20.7309, 82016
20.732, 82016
20.7333, 82016
20.7345, 82016
20.7358, 81800
20.737, 81800
20.7382, 81800
20.7395, 81800
20.7408, 81800
20.7421, 81800
20.7435, 81800
20.7449, 82016
20.7462, 82016
20.7475, 82016
20.7487, 82016
20.75, 82016
20.7513, 82016
20.7526, 82232
20.7539, 82232
20.7553, 82232
20.7566, 82232
20.7578, 82232
20.759, 82232
20.7602, 82232
20.7614, 82016
20.7625, 82016
20.7637, 82016
20.7648, 82016
20.766, 82016
20.7671, 82016
20.7683, 82016
20.7694, 82016
20.7706, 82016
20.7717, 82016
20.7728, 82016
20.774, 82016
20.7752, 82016
20.7765, 82016
20.7779, 81584
20.7792, 81584
20.7805, 81584
20.7817, 81584
20.783, 81584
20.7842, 81584
20.7854, 81584
20.7868, 81800
20.7881, 81800
20.7895, 81800
20.791, 81800
20.7926, 81800
20.794, 81800
20.7954, 81800
20.7966, 81800
20.7979, 81800
20.7992, 81800
20.8005, 81800
20.8018, 81800
20.8031, 81800
20.8044, 82016
20.8057, 82016
20.807, 82016
20.8082, 82016
20.8094, 82016
20.8106, 82016
20.8117, 82016
20.8129, 82016
20.814, 82016
20.8153, 82016
20.8164, 82016
20.8176, 82016
20.8187, 82016
20.8199, 82016
20.8211, 82016
20.8224, 82016
20.8241, 82016
20.8254, 82016
20.8269, 82016
20.8282, 82016
20.8293, 82016
20.8305, 82016
20.8316, 82016
20.8328, 82016
20.834, 82016
20.8352, 82016
20.8363, 82016
20.8375, 82016
20.8388, 82232
20.84, 82232
20.8412, 82232
20.8424, 82232
20.8436, 82232
20.8448, 82232
20.8461, 82232
20.8473, 82232
20.8485, 82232
20.8497, 82232
20.8511, 82232
20.8525, 82232
20.8539, 82232
20.8554, 82232
20.8568, 82232
20.8581, 82232
20.8593, 82232
20.8606, 82232
20.8618, 82232
20.863, 82232
20.8643, 82448
20.8654, 82448
20.8666, 82448
20.8677, 82448
20.8689, 82448
20.87, 82448
20.8712, 82448
20.8724, 82448
20.8736, 82448
20.8748, 82448
20.876, 82448
20.8772, 82448
20.8783, 82448
20.8795, 82448
20.8806, 82448
20.8818, 82448
20.883, 82448
20.8841, 82448
20.8853, 82448
20.8864, 82448
20.8876, 82448
20.8888, 82448
20.8899, 82448
20.8911, 82448
20.8923, 82448
20.8934, 82448
20.8946, 82448
20.8958, 82448
20.8971, 82448
20.8983, 82448
20.8995, 82448
20.9007, 82448
20.9018, 82448
20.903, 82448
20.9042, 82448
20.9053, 82448
20.9065, 82448
20.9076, 82448
20.9088, 82448
20.9099, 82448
20.9111, 82448
20.9123, 82448
20.9134, 82448
20.9146, 82016
20.9157, 82016
20.917, 82016
20.9183, 82016
20.9196, 82016
20.9208, 82016
20.9221, 82016
20.9234, 82232
20.9246, 82232
20.9258, 82232
20.9269, 82232
20.9281, 82232
20.9293, 82232
20.9305, 82232
20.9317, 82232
20.9329, 82232
20.934, 82232
20.9352, 82232
20.9363, 82232
20.9375, 82232
20.9386, 82232
20.9398, 82232
20.941, 82016
20.9423, 82016
20.9438, 82016
20.9452, 82016
20.9465, 82016
20.9477, 82016
20.9489, 82016
20.9501, 82016
20.9513, 82016
20.9525, 82016
20.9538, 82016
20.955, 82016
20.9563, 82016
20.9576, 81800
20.9589, 81800
20.9601, 81800
20.9614, 81800
20.9626, 81800
20.9643, 81800
20.966, 81800
20.9674, 81800
20.9687, 81800
20.97, 81800
20.9713, 81800
20.9725, 81800
20.9737, 81800
20.9749, 81800
20.9762, 81800
20.9775, 81800
20.9788, 81800
20.9801, 81800
20.9813, 81800
20.9826, 81800
20.9838, 82016
20.985, 82016
20.9861, 82016
20.9873, 82016
20.9885, 82016
20.9899, 82016
20.9913, 82664
20.9925, 82664
20.9937, 82664
20.9949, 82664
20.9962, 82664
20.9973, 82664
20.9984, 82664
20.9996, 82664
21.0008, 83528
21.0021, 83528
21.0033, 83528
21.0046, 83528
21.0057, 83528
21.0069, 83528
21.0081, 83528
21.0093, 83960
21.0106, 83960
21.0118, 83960
21.013, 83960
21.0143, 83960
21.0157, 83960
21.0171, 84392
21.0184, 84392
21.0199, 84392
21.0211, 84392
21.0224, 84392
21.0237, 84392
21.0249, 84392
21.0261, 84176
21.0273, 84176
21.0285, 84176
21.0296, 84176
21.0308, 84176
21.0321, 84176
21.0333, 84176
21.0345, 84176
21.0357, 84176
21.037, 84176
21.0382, 84176
21.0394, 84176
21.0407, 84176
21.0419, 84176
21.0431, 84824
21.0443, 84824
21.0454, 84824
21.0466, 84824
21.0477, 84824
21.0489, 84824
21.0502, 84824
21.0515, 84176
21.0527, 84176
21.054, 84176
21.0553, 84176
21.0564, 84176
21.0576, 84176
21.0588, 84176
21.0603, 84608
21.0617, 84608
21.0631, 84608
21.0645, 84608
21.0659, 84608
21.0673, 84608
21.0686, 84824
21.0699, 84824
21.0712, 84824
21.0724, 84824
21.0739, 84824
21.0752, 84824
21.0764, 84824
21.0777, 85040
21.079, 85040
21.0804, 85040
21.0817, 85040
21.0832, 85040
21.0846, 85040
21.0858, 84608
21.087, 84608
21.0884, 84608
21.0898, 84608
21.0914, 84608
21.0929, 84608
21.0943, 84608
21.0957, 84608
21.097, 84608
21.0983, 84608
21.0996, 84608
21.1008, 84608
21.102, 84608
21.1033, 84824
21.1046, 84824
21.1059, 84824
21.1072, 84824
21.1085, 84824
21.1097, 84824
21.111, 84824
21.1124, 84824
21.1137, 84824
21.1151, 84824
21.1164, 84824
21.1178, 84824
21.1193, 84824
21.1207, 84824
21.1221, 84824
21.1234, 84824
21.1246, 84824
21.1257, 84824
21.1269, 84824
21.1282, 85472
21.1297, 85472
21.1312, 85472
21.1327, 85472
21.1341, 85472
21.1355, 85472
21.137, 85688
21.1385, 85688
21.14, 85688
21.1415, 85688
21.1429, 85688
21.1443, 85688
21.1457, 85472
21.147, 85472
21.1484, 85472
21.1499, 85472
21.1514, 85472
21.1528, 85472
21.154, 85688
21.1552, 85688
21.1566, 85688
21.1579, 85688
21.1591, 85688
21.1602, 85688
21.1614, 85688
21.1626, 85904
21.1638, 85904
21.1653, 85904
21.1667, 85904
21.1682, 85904
21.1697, 85904
21.1713, 85904
21.1727, 85904
21.174, 85904
21.1756, 85904
21.177, 85904
21.1783, 85904
21.1796, 85688
21.181, 85688
21.1823, 85688
21.1834, 85688
21.1846, 85688
21.1857, 85688
21.187, 85688
21.1882, 85040
21.1895, 85040
21.1907, 85040
21.192, 85040
21.1932, 85040
21.1945, 85040
21.1957, 85040
21.197, 85688
21.1982, 85688
21.1993, 85688
21.2005, 85688
21.2016, 85688
21.2027, 85688
21.2038, 85688
21.2052, 84824
21.2066, 84824
21.2079, 84824
21.209, 84824
21.2101, 84824
21.2113, 84824
21.2129, 84824
21.2145, 84608
21.2162, 84608
21.2178, 84608
21.2209, 84608
21.2221, 84824
21.2232, 84824
21.2243, 84824
21.2254, 84824
21.2265, 84824
21.2277, 84824
21.2288, 84824
21.2301, 84824
21.2314, 84608
21.2326, 84608
21.2337, 84608
21.2349, 84608
21.236, 84608
21.2372, 84608
21.2385, 84608
21.2399, 84608
21.2413, 84608
21.2426, 84608
21.2438, 84608
21.2451, 84608
21.2463, 84608
21.2475, 85688
21.2486, 85688
21.2497, 85688
21.2508, 85688
21.252, 85688
21.2533, 85688
21.2546, 85688
21.2559, 85472
21.2571, 85472
21.2583, 85472
21.2595, 85472
21.2606, 85472
21.2618, 85472
21.2629, 85472
21.2641, 85472
21.2653, 86984
21.2664, 86984
21.2675, 86984
21.2688, 86984
21.2701, 86984
21.2714, 86984
21.2725, 86984
21.2738, 86984
21.275, 86984
21.2762, 86984
21.2775, 86984
21.2787, 86984
21.2799, 86984
21.2812, 86984
21.2824, 86768
21.2836, 86768
21.2847, 86768
21.2859, 86768
21.2871, 86768
21.2882, 86768
21.2895, 86768
21.2908, 86768
21.292, 86768
21.2931, 86768
21.2943, 86768
21.2955, 86768
21.2967, 86768
21.2979, 86768
21.2993, 86552
21.3008, 86552
21.3022, 86552
21.3036, 86552
21.3047, 86552
21.3059, 86552
21.3071, 85904
21.3083, 85904
21.3094, 85904
21.3106, 85904
21.3118, 85904
21.3129, 85904
21.3141, 85904
21.3154, 85904
21.3166, 85472
21.3178, 85472
21.319, 85472
21.3203, 85472
21.3215, 85472
21.3226, 85472
21.3239, 85472
21.3251, 85256
21.3263, 85256
21.3275, 85256
21.3286, 85256
21.3298, 85256
21.331, 85256
21.3323, 85256
21.3336, 85040
21.3351, 85040
21.3364, 85040
21.3376, 85040
21.3387, 85040
21.3399, 85040
21.341, 85040
21.3422, 85040
21.3434, 85040
21.3445, 85040
21.3457, 85040
21.3469, 85040
21.3482, 85040
21.3493, 85040
21.3505, 84824
21.3517, 84824
21.3529, 84824
21.354, 84824
21.3553, 84824
21.3566, 84824
21.3579, 84824
21.3594, 84824
21.3608, 84824
21.3622, 84824
21.3637, 84824
21.3651, 84824
21.3665, 84824
21.3678, 84824
21.3692, 84824
21.3705, 84824
21.3719, 84824
21.3733, 84824
21.3746, 84824
21.376, 84824
21.3775, 84824
21.379, 84824
21.3805, 84824
21.3819, 84824
21.3833, 84824
21.3845, 84608
21.3861, 84608
21.3876, 84608
21.3891, 84608
21.3906, 84608
21.3921, 84608
21.3936, 84608
21.395, 84608
21.3964, 84608
21.3977, 84608
21.3989, 84608
21.4001, 84608
21.4014, 84392
21.4027, 84392
21.4041, 84392
21.4054, 84392
21.4068, 84392
21.4082, 84392
21.4096, 84392
21.411, 84392
21.4123, 84392
21.414, 84392
21.4156, 84392
21.4172, 84392
21.4187, 84392
21.4201, 84392
21.4218, 84392
21.4234, 84392
21.4249, 84392
21.4267, 84176
21.4284, 84176
21.43, 84176
21.4314, 84176
21.433, 84176
21.4345, 84176
21.4359, 84176
21.4372, 84176
21.4386, 84176
21.4399, 84176
21.4411, 84176
21.4423, 84176
21.4436, 84176
21.4449, 84176
21.4461, 84176
21.4472, 84176
21.4484, 84176
21.4498, 84176
21.4512, 84176
21.4527, 83960
21.4541, 83960
21.4566, 83960
21.4586, 83960
21.4602, 83960
21.4616, 83960
21.4632, 83960
21.4647, 83960
21.4662, 83960
21.4678, 83960
21.4694, 83960
21.4708, 83960
21.4721, 83960
21.4735, 83960
21.4748, 83960
21.4762, 83960
21.4776, 83960
21.4789, 83960
21.4802, 83960
21.4817, 83960
21.4831, 83960
21.4848, 83960
21.4862, 83960
21.4877, 83960
21.4894, 83960
21.4909, 83960
21.4926, 83960
21.4942, 83960
21.496, 83744
21.4978, 83744
21.4995, 83744
21.5012, 83744
21.5026, 83744
21.5039, 83744
21.5053, 83744
21.5069, 83744
21.5085, 83744
21.5102, 83744
21.5119, 83744
21.5135, 83744
21.5153, 83744
21.5176, 83744
21.5193, 83744
21.5209, 83744
21.5226, 83744
21.5241, 83744
21.5256, 83744
21.5273, 83744
21.529, 83744
21.5306, 83744
21.5321, 83744
21.5336, 83744
21.5352, 83744
21.5366, 83744
21.5379, 83528
21.5394, 83528
21.5407, 83528
21.542, 83528
21.5435, 83528
21.5457, 83528
21.5473, 83528
21.5489, 83528
21.5504, 83528
21.5519, 83528
21.5538, 83528
21.5561, 83528
21.5584, 83528
21.5604, 83528
21.5624, 83528
21.5641, 83528
21.5662, 83528
21.5678, 83528
21.5694, 83528
21.5709, 83528
21.5724, 83312
21.5739, 83312
21.5752, 83312
21.5766, 83312
21.5781, 83312
21.5796, 83312
21.5811, 83312
21.5826, 83312
21.5841, 83312
21.5855, 83312
21.5869, 83312
21.5887, 83312
21.5902, 83312
21.5917, 83312
21.5932, 83312
21.5946, 83312
21.596, 83312
21.5974, 83312
21.5988, 83312
21.6002, 83312
21.6014, 83312
21.6026, 83312
21.6037, 83312
21.6049, 83312
21.606, 83096
21.6072, 83096
21.6086, 83096
21.6101, 83096
21.6115, 83096
21.613, 83096
21.6147, 83096
21.6164, 83096
21.618, 83096
21.6199, 83096
21.6216, 83096
21.6233, 82880
21.6255, 82880
21.6283, 82880
21.6305, 82880
21.6322, 82664
21.6354, 82664
21.6393, 82664
21.6428, 82664
21.6453, 82664
21.6486, 82448
21.6507, 82448
21.6552, 82448
21.6568, 82232
21.658, 82232
21.6593, 82232
21.6605, 82232
21.6618, 82232
21.6642, 82232
21.6656, 82232
21.6669, 82232
21.6695, 82232
21.6731, 82232
21.6749, 82232
21.6768, 82232
21.6786, 82232
21.6804, 82232
21.6827, 81584
21.6846, 81584
21.6862, 81584
21.6956, 81584
21.6976, 81584
21.6996, 81368
21.7014, 81368
21.7033, 81368
21.713, 81368
21.7182, 81368
21.723, 81368
21.727, 81368
21.733, 81368
21.736, 81368
21.7388, 81368
21.7477, 81368
21.7498, 81368
21.7518, 81368
21.7538, 81368
21.756, 81368
21.759, 81368
21.7608, 81368
21.7621, 81368
21.7634, 81368
21.7646, 81368
21.7658, 81368
21.7681, 81152
21.7765, 81152
21.7834, 81152
21.7869, 81152
21.7899, 81152
21.7922, 81152
21.7936, 81152
21.7949, 81152
21.7962, 81152
21.7974, 81152
21.7987, 81152
21.8, 81152
21.8028, 80936
21.8071, 80936
21.809, 80936
21.8106, 81152
21.8122, 81152
21.8137, 81152
21.8152, 81152
21.8167, 81152
21.8255, 81152
21.8277, 81368
21.8294, 81368
21.8312, 81368
21.8337, 81368
21.8412, 81368
21.8429, 81368
21.8449, 81584
21.8463, 81584
21.8476, 81584
21.8488, 81584
21.85, 81584
21.8514, 81584
21.8526, 81584
21.8538, 80936
21.855, 80936
21.86, 80936
21.8614, 80936
21.8625, 80936
21.8637, 80936
21.8648, 80936
21.866, 80936
21.8673, 80936
21.8684, 80936
21.8696, 80936
21.8708, 80720
21.8719, 80720
21.8804, 80936
21.8818, 80936
21.8831, 80936
21.8843, 80936
21.8857, 80936
21.8869, 80936
21.8881, 81368
21.8892, 81368
21.8904, 81368
21.8917, 81368
21.8929, 81368
21.8941, 81368
21.8953, 81368
21.8964, 80936
21.8976, 80936
21.8987, 80936
21.8999, 80936
21.9015, 80936
21.9029, 80936
21.9041, 80936
21.9053, 80936
21.9091, 80936
21.9104, 80936
21.9116, 80936
21.9145, 81584
21.92, 81584
21.9214, 81584
21.9251, 81584
21.9294, 81584
21.9313, 81800
21.9363, 81800
21.9392, 82016
21.942, 82016
21.9435, 82016
21.9505, 82016
21.961, 82016
21.9664, 82016
21.9686, 82016
21.9704, 82016
21.9722, 82016
21.9743, 82232
21.9773, 82232
21.9787, 82232
21.9806, 82232
21.9824, 82016
21.9847, 82016
21.9937, 82016
21.9957, 82016
21.9992, 82016
22.004, 82016
22.0066, 82232
22.0095, 82232
22.0117, 82232
22.016, 82232
22.0181, 82232
22.0205, 82232
22.0233, 82232
22.0326, 82232
22.0361, 82232
22.0386, 82232
22.0408, 82232
22.0447, 82232
22.0505, 82448
22.0521, 82448
22.0534, 82448
22.0574, 82448
22.0596, 82664
22.061, 82664
22.0661, 82664
22.0675, 82664
22.0689, 82664
22.0701, 82664
22.0713, 82664
22.0726, 82664
22.086, 82664
22.0873, 82664
22.0885, 82664
22.09, 82664
22.0918, 82664
22.0931, 82664
22.1025, 82664
22.1041, 82664
22.1055, 82664
22.1108, 82664
22.1128, 82664
22.1149, 82664
22.1184, 82448
22.1219, 82448
22.1236, 82448
22.1256, 82448
22.1282, 82448
22.1345, 82448
22.1365, 82232
22.1378, 82232
22.1392, 82232
22.1411, 82232
22.1436, 82448
22.1551, 82232
22.1573, 82232
22.1595, 82232
22.1616, 82448
22.1646, 82448
22.1746, 82448
22.1761, 82448
22.1782, 82448
22.1841, 82448
22.1859, 82448
22.1971, 82448
22.2023, 82448
22.2038, 82448
22.2053, 82448
22.2077, 82448
22.2221, 82448
22.2253, 82448
22.2273, 82448
22.2286, 82448
22.2298, 82448
22.2312, 82448
22.2324, 82448
22.2356, 82448
22.2379, 82664
22.2394, 82664
22.2408, 82664
22.2432, 82664
22.2525, 82664
22.2539, 82664
22.2559, 82664
22.2627, 82448
22.2641, 82448
22.2658, 82448
22.2674, 82448
22.2715, 82448
22.2805, 82448
22.2818, 82448
22.283, 82448
22.2844, 82448
22.2909, 82448
22.2922, 82448
22.2937, 82448
22.295, 82448
22.2964, 82448
22.2976, 82448
22.2987, 82448
22.3069, 82448
22.3082, 82448
22.3095, 82448
22.3108, 82448
22.3164, 82448
22.3178, 82448
22.3205, 82448
22.3221, 82448
22.3234, 82448
22.3247, 82448
22.326, 82448
22.3273, 82448
22.3285, 82448
22.3298, 82448
22.3311, 82664
22.3324, 82664
22.3336, 82664
22.3367, 82664
22.338, 82664
22.3393, 82664
22.3405, 82664
22.3418, 82664
22.3446, 82664
22.3462, 82664
22.3475, 82664
22.3486, 82664
22.3497, 82664
22.3509, 82664
22.352, 82664
22.3532, 82664
22.3543, 82664
22.3556, 82664
22.3568, 82232
22.358, 82232
22.3593, 82232
22.3616, 82232
22.3629, 82232
22.364, 82232
22.3652, 81800
22.3663, 81800
22.3675, 81800
22.3686, 81800
22.3719, 81800
22.3747, 81800
22.3761, 81800
22.3774, 81800
22.3786, 81800
22.3799, 81800
22.3811, 81800
22.3824, 82232
22.3837, 82232
22.3849, 82232
22.3861, 82232
22.3874, 82232
22.3887, 82232
22.3898, 82232
22.391, 81800
22.3921, 81800
22.3933, 81800
22.3944, 81800
22.3956, 81800
22.399, 81800
22.4004, 81584
22.4018, 81584
22.4032, 81584
22.4045, 81584
22.4058, 81584
22.4072, 81584
22.4083, 82016
22.4095, 82016
22.4106, 82016
22.4117, 82016
22.4129, 82016
22.414, 82016
22.4152, 82016
22.4163, 82016
22.4174, 81584
22.4186, 81584
22.4197, 81584
22.4209, 81584
22.422, 81584
22.4231, 81584
22.4243, 81584
22.4254, 81368
22.4266, 81368
22.4277, 81368
22.4289, 81368
22.43, 81368
22.4311, 81368
22.4323, 81368
22.4338, 81152
22.4352, 81152
22.4377, 81152
22.439, 81152
22.4402, 81152
22.4413, 81152
22.4425, 81368
22.4436, 81368
22.4448, 81368
22.4459, 81368
22.4471, 81368
22.4482, 81368
22.4494, 81368
22.4505, 81152
22.4519, 81152
22.4531, 81152
22.4542, 81152
22.4554, 81152
22.4565, 81152
22.4578, 81152
22.4592, 81800
22.4619, 81800
22.4634, 81800
22.4646, 81800
22.4658, 81800
22.4669, 81800
22.4681, 82016
22.4692, 82016
22.4704, 82016
22.4715, 82016
22.4726, 82016
22.4738, 82016
22.4749, 82016
22.4761, 81584
22.4783, 81584
22.4798, 81584
22.4822, 81584
22.4834, 81584
22.4846, 81584
22.4857, 81584
22.4869, 81584
22.488, 81584
22.4892, 81584
22.4903, 81584
22.4915, 81584
22.4926, 81584
22.4937, 81584
22.4949, 81584
22.4962, 81584
22.4975, 81584
22.4989, 81584
22.5004, 81584
22.5017, 81800
22.503, 81800
22.5043, 81800
22.5056, 81800
22.5068, 81800
22.5081, 81800
22.5095, 81800
22.5108, 82232
22.512, 82232
22.5131, 82232
22.5143, 82232
22.5154, 82232
22.5166, 82232
22.5177, 82232
22.5188, 82016
22.52, 82016
22.5211, 82016
22.5223, 82016
22.5234, 82016
22.5247, 82016
22.5261, 82016
22.5275, 81800
22.5288, 81800
22.5301, 81800
22.5316, 81800
22.5329, 81800
22.5342, 81800
22.5354, 81800
22.5366, 82232
22.5377, 82232
22.5389, 82232
22.54, 82232
22.5412, 82232
22.5423, 82232
22.5435, 82232
22.5447, 82448
22.5458, 82448
22.547, 82448
22.5481, 82448
22.5493, 82448
22.5504, 82448
22.5516, 82448
22.5527, 82448
22.5539, 82448
22.555, 82448
22.5562, 82448
22.5575, 82448
22.5588, 82448
22.56, 82448
22.5611, 82448
22.5624, 82664
22.5636, 82664
22.5648, 82664
22.566, 82664
22.5673, 82664
22.5685, 82664
22.5698, 82664
22.571, 82880
22.5722, 82880
22.5734, 82880
22.5746, 82880
22.5759, 82880
22.5771, 82880
22.5783, 82880
22.5795, 82880
22.5806, 82880
22.5818, 82880
22.5829, 82880
22.5841, 82880
22.5853, 82880
22.5865, 82880
22.5879, 82880
22.5893, 82880
22.5906, 82880
22.5918, 82880
22.5929, 82880
22.5941, 82880
22.5954, 82880
22.5967, 83096
22.5981, 83096
22.5995, 83096
22.601, 83096
22.6024, 83096
22.6039, 83096
22.6052, 83096
22.6065, 83096
22.6101, 83096
22.6114, 83096
22.6126, 83096
22.6137, 83096
22.6148, 83096
22.616, 83096
22.6172, 83096
22.6184, 83096
22.6197, 83096
22.6211, 83096
22.6225, 83096
22.6237, 83096
22.6249, 83096
22.6261, 83096
22.6274, 83096
22.6286, 83096
22.6299, 83096
22.6313, 83096
22.6327, 83096
22.6341, 83096
22.6356, 83096
22.6371, 83096
22.6385, 83096
22.6398, 83096
22.6413, 83096
22.6427, 83096
22.644, 83096
22.6452, 83096
22.6464, 83096
22.6477, 83096
22.649, 83096
22.6503, 83096
22.6516, 83096
22.6529, 83096
22.6542, 83096
22.6555, 83096
22.6568, 83096
22.658, 83096
22.6593, 83096
22.6607, 83096
22.662, 83096
22.6633, 83096
22.6646, 83096
22.666, 83096
22.6674, 83096
22.6687, 83096
22.6701, 83096
22.6714, 83096
22.6728, 83312
22.6741, 83312
22.6753, 83312
22.6766, 83312
22.678, 83312
22.6794, 83312
22.6807, 83312
22.682, 83312
22.6833, 83312
22.6845, 83312
22.6858, 83312
22.687, 83312
22.6883, 83312
22.6896, 83312
22.6909, 83312
22.6922, 83312
22.6935, 83312
22.6949, 83312
22.6964, 83312
22.6977, 83312
22.6991, 83312
22.7003, 83312
22.7016, 83312
22.7029, 83312
22.7042, 83312
22.7055, 83312
22.7068, 83312
22.7082, 83312
22.7095, 83312
22.7108, 83312
22.7122, 83312
22.7135, 83312
22.7147, 83312
22.716, 83312
22.7173, 83312
22.7185, 83312
22.7198, 83312
22.7211, 83312
22.7224, 83312
22.7237, 83312
22.725, 83312
22.7263, 83312
22.7276, 83312
22.729, 83312
22.7304, 83312
22.7319, 83312
22.7333, 83528
22.7346, 83528
22.736, 83528
22.7374, 83528
22.7388, 83528
22.7401, 83528
22.7415, 83528
22.7428, 83528
22.7441, 83528
22.7453, 83528
22.7467, 83528
22.748, 83528
22.7493, 83528
22.7507, 83528
22.7521, 83528
22.7535, 83528
22.7548, 83528
22.7561, 83528
22.7574, 83528
22.7588, 83528
22.7601, 83528
22.7614, 83528
22.7627, 83528
22.7641, 83528
22.7655, 83528
22.7669, 83528
22.7682, 83528
22.7696, 83528
22.7708, 83528
22.7721, 83528
22.7733, 83528
22.7746, 83744
22.7759, 83744
22.7772, 83744
22.7785, 83744
22.7798, 83744
22.7811, 83744
22.7825, 83744
22.7837, 83744
22.7851, 83744
22.7864, 83744
22.7876, 83744
22.7889, 83744
22.7902, 83744
22.7915, 83744
22.7929, 83528
22.7942, 83528
22.7956, 83528
22.797, 83528
22.7983, 83528
22.7996, 83528
22.8008, 83528
22.8021, 83528
22.8033, 83528
22.8046, 83528
22.8059, 83528
22.8071, 83528
22.8085, 83528
22.8098, 83312
22.8112, 83312
22.8125, 83312
22.8138, 83312
22.8151, 83312
22.8164, 83312
22.8179, 83312
22.8194, 83312
22.821, 83312
22.8225, 83312
22.8243, 83312
22.8258, 83312
22.8273, 83312
22.8287, 83312
22.83, 83312
22.8313, 83312
22.8325, 83312
22.8338, 83312
22.8351, 83312
22.8364, 83312
22.8379, 83312
22.8393, 83312
22.8406, 83312
22.8418, 83312
22.8432, 83096
22.8445, 83096
22.8458, 83096
22.8473, 83096
22.8486, 83096
22.85, 83096
22.8512, 83096
22.8525, 83312
22.8538, 83312
22.8552, 83312
22.8565, 83312
22.8579, 83312
22.8595, 83312
22.8609, 83312
22.8621, 83312
22.8634, 83312
22.8647, 83312
22.866, 83312
22.8672, 83312
22.8685, 83312
22.8698, 83312
22.871, 83312
22.8724, 83312
22.8738, 83312
22.8752, 83312
22.8765, 83312
22.8778, 83312
22.8791, 83312
22.8803, 83312
22.8816, 83312
22.883, 83312
22.8843, 83312
22.8857, 83096
22.8871, 83096
22.8885, 83096
22.8898, 83096
22.8911, 83096
22.8924, 83096
22.8937, 83096
22.895, 83312
22.8963, 83312
22.8976, 83312
22.8989, 83312
22.9001, 83312
22.9013, 83312
22.9025, 83312
22.9037, 83312
22.9049, 83312
22.906, 83312
22.9072, 83312
22.9084, 83312
22.9096, 83312
22.9109, 83312
22.9122, 83312
22.9136, 83312
22.9149, 83312
22.9161, 83312
22.9173, 83312
22.9185, 83312
22.9197, 83312
22.9209, 83528
22.922, 83528
22.9233, 83528
22.9246, 83528
22.9258, 83528
22.927, 83528
22.9281, 83528
22.9293, 83312
22.9304, 83312
22.9316, 83312
22.9328, 83312
22.9341, 83312
22.9353, 83312
22.9364, 83312
22.9376, 83096
22.9388, 83096
22.9401, 83096
22.9413, 83096
22.9424, 83096
22.9436, 83096
22.9447, 83096
22.9459, 82880
22.947, 82880
22.9482, 82880
22.9495, 82880
22.9509, 82880
22.9523, 82880
22.9536, 82880
22.9547, 82880
22.9559, 82880
22.9572, 82880
22.9586, 82880
22.9601, 82880
22.9615, 82880
22.9628, 83096
22.964, 83096
22.9652, 83096
22.9663, 83096
22.9675, 83096
22.9686, 83096
22.9697, 83096
22.9709, 83096
22.972, 82664
22.9732, 82664
22.9743, 82664
22.9755, 82664
22.9767, 82664
22.9779, 82664
22.9793, 82664
22.9805, 82664
22.9818, 82664
22.983, 82664
22.9843, 82664
22.9858, 82664
22.987, 82664
22.9882, 82880
22.9893, 82880
22.9905, 82880
22.9916, 82880
22.9927, 82880
22.9939, 82880
22.995, 82880
22.9962, 82880
22.9973, 82448
22.9985, 82448
22.9996, 82448
23.0008, 82448
23.0019, 82448
23.003, 82448
23.0042, 82448
23.0053, 82448
23.0065, 82448
23.0076, 82448
23.0087, 82448
23.0099, 82448
23.011, 82448
23.0122, 82448
23.0134, 82448
23.0146, 82448
23.0159, 82448
23.0172, 82448
23.0185, 82448
23.0197, 82448
23.0208, 82448
23.022, 82448
23.0232, 82664
23.0243, 82664
23.0255, 82664
23.0266, 82664
23.0277, 82664
23.0289, 82664
23.0301, 82664
23.0313, 82448
23.0327, 82448
23.0341, 82448
23.0354, 82448
23.0368, 82448
23.038, 82448
23.0393, 82880
23.0406, 82880
23.0418, 82880
23.0432, 82880
23.0445, 82880
23.0457, 82880
23.0469, 82880
23.048, 83096
23.0492, 83096
23.0503, 83096
23.0515, 83096
23.0526, 83096
23.0538, 83096
23.0549, 83096
23.056, 83096
23.0572, 82664
23.0583, 82664
23.0595, 82664
23.0608, 82664
23.0621, 82664
23.0634, 82664
23.0648, 82664
23.066, 82880
23.0672, 82880
23.0684, 82880
23.0695, 82880
23.0707, 82880
23.0719, 82880
23.073, 82880
23.0742, 82664
23.0754, 82664
23.0766, 82664
23.0779, 82664
23.0795, 82664
23.0809, 82664
23.0822, 82664
23.0835, 82664
23.0848, 82664
23.0861, 82664
23.0874, 82664
23.0887, 82664
23.09, 82664
23.0913, 83096
23.0928, 83096
23.0939, 83096
23.0952, 83096
23.0963, 83096
23.0975, 83096
23.0986, 83096
23.0998, 83096
23.1009, 83096
23.102, 83096
23.1033, 83096
23.1045, 83096
23.1057, 83096
23.1069, 83096
23.1083, 82664
23.1096, 82664
23.1108, 82664
23.112, 82664
23.1132, 82664
23.1144, 82664
23.1156, 82664
23.1167, 82880
23.1178, 82880
23.119, 82880
23.1203, 82880
23.1214, 82880
23.1226, 82880
23.1238, 82880
23.125, 82880
23.1262, 82880
23.1274, 82880
23.1285, 82880
23.1297, 82880
23.1308, 82880
23.132, 82880
23.1332, 82664
23.1343, 82664
23.1354, 82664
23.1366, 82664
23.1377, 82664
23.1389, 82664
23.14, 82664
23.1412, 82664
23.1423, 82664
23.1435, 82664
23.1447, 82664
23.1458, 82664
23.147, 82664
23.1481, 82664
23.1492, 82664
23.1504, 82664
23.1515, 82664
23.1527, 82664
23.1538, 82664
23.1549, 82664
23.1561, 82664
23.1572, 82664
23.1584, 82664
23.1595, 82664
23.1606, 82664
23.1618, 82664
23.1629, 82664
23.1641, 82664
23.1652, 82664
23.1664, 82664
23.1675, 82664
23.1686, 82664
23.1698, 82664
23.1709, 82664
23.1721, 82664
23.1732, 82664
23.1743, 82664
23.1755, 82664
23.1766, 82664
23.1777, 82664
23.1789, 82664
23.18, 82664
23.1812, 82664
23.1823, 82664
23.1835, 82664
23.1846, 82664
23.1857, 82664
23.1869, 82664
23.188, 82664
23.1892, 82664
23.1903, 82664
23.1915, 82664
23.1926, 82664
23.1937, 82664
23.1949, 82664
23.196, 82664
23.1971, 82664
23.1983, 82664
23.1994, 82664
23.2006, 82664
23.2017, 82664
23.2028, 82664
23.204, 82664
23.2052, 82664
23.2063, 82664
23.2075, 82664
23.2087, 82664
23.2099, 82664
23.2111, 82448
23.2123, 82448
23.2135, 82448
23.2147, 82448
23.2159, 82448
23.2171, 82448
23.2182, 82448
23.2194, 82448
23.2206, 82448
23.2218, 82448
23.223, 82448
23.2241, 82448
23.2253, 82448
23.2265, 82448
23.2277, 82232
23.2289, 82232
23.23, 82232
23.2312, 82232
23.2324, 82232
23.2335, 82232
23.2347, 82232
23.2359, 82232
23.237, 82232
23.2381, 82232
23.2393, 82232
23.2405, 82232
23.2416, 82232
23.2428, 82232
23.244, 82232
23.2451, 82232
23.2463, 82232
23.2475, 82232
23.2486, 82232
23.2498, 82232
23.251, 82232
23.2521, 82232
23.2533, 82016
23.2544, 82016
23.2556, 82016
23.2568, 82016
23.258, 82016
23.2592, 82016
23.2604, 82016
23.2615, 82016
23.2627, 82016
23.2639, 82016
23.265, 82016
23.2662, 82016
23.2675, 82016
23.2687, 82016
23.27, 82016
23.2713, 82016
23.2726, 82016
23.2745, 82016
23.2759, 82016
23.2771, 82016
23.2784, 82016
23.2796, 82016
23.2809, 82016
23.2821, 82016
23.2841, 82016
23.2855, 82016
23.2868, 82016
23.2881, 82016
23.2894, 82016
23.2907, 82016
23.2919, 82016
23.2932, 82016
23.2947, 82016
23.2979, 82016
23.3005, 82016
23.3018, 82016
23.3032, 82016
23.3045, 82016
23.3057, 82016
23.3069, 82016
23.3082, 82016
23.3095, 82016
23.3107, 82016
23.3119, 82016
23.3131, 82232
23.3142, 82232
23.3154, 82232
23.3165, 82232
23.3177, 82232
23.3188, 82232
23.32, 82232
23.3212, 81800
23.3223, 81800
23.3235, 81800
23.3246, 81800
23.3258, 81800
23.3269, 81800
23.3281, 81800
23.3293, 81800
23.3304, 81584
23.3316, 81584
23.3328, 81584
23.3339, 81584
23.3351, 81584
23.3363, 81584
23.3375, 81584
23.3386, 81584
23.3398, 81584
23.341, 81584
23.3422, 81584
23.3433, 81584
23.3445, 81584
23.3457, 81584
23.3468, 81584
23.348, 81584
23.3492, 81584
23.3503, 81584
23.3515, 81584
23.3527, 81584
23.3538, 81584
23.355, 81368
23.3585, 81368
23.3599, 81368
23.3674, 81584
23.3688, 81584
23.3728, 81800
23.3741, 81800
23.3754, 81800
23.3767, 81800
23.378, 81800
23.3793, 81800
23.3805, 82016
23.3818, 82016
23.383, 82016
23.3842, 82016
23.3853, 82016
23.3865, 82016
23.3877, 82016
23.3888, 82016
23.39, 82016
23.3912, 82016
23.3923, 82016
23.3935, 82016
23.3947, 82016
23.3958, 82016
23.397, 82016
23.3982, 81800
23.3993, 81800
23.4005, 81800
23.4017, 81800
23.4028, 81800
23.404, 81800
23.4052, 81800
23.4063, 81584
23.4075, 81584
23.4087, 81584
23.4098, 81584
23.411, 81584
23.4122, 81584
23.4133, 81584
23.4145, 81584
23.4157, 81584
23.4169, 81584
23.4181, 81584
23.4192, 81584
23.4204, 81584
23.4216, 81584
23.4227, 81584
23.4267, 81584
23.428, 81584
23.4328, 81800
23.4346, 81800
23.4361, 81800
23.4375, 81800
23.4387, 81800
23.44, 81800
23.4412, 82016
23.4424, 82016
23.4436, 82016
23.4447, 82016
23.4459, 82016
23.447, 82016
23.4482, 82016
23.4493, 82016
23.4504, 82016
23.4516, 82016
23.4527, 82016
23.4539, 82016
23.455, 82016
23.4562, 82016
23.4573, 82016
23.4585, 81800
23.4596, 81800
23.4608, 81800
23.4619, 81800
23.4631, 81800
23.4642, 81800
23.4654, 81800
23.4665, 81800
23.4677, 81800
23.4688, 81800
23.4699, 81800
23.4711, 81800
23.4722, 81800
23.4734, 81800
23.4745, 81584
23.4757, 81584
23.4768, 81584
23.478, 81584
23.4792, 81584
23.4803, 81584
23.4814, 81584
23.4826, 81584
23.4837, 81584
23.4849, 81584
23.486, 81584
23.4872, 81584
23.4883, 81584
23.4895, 81584
23.4906, 81584
23.4918, 81584
23.4929, 81584
23.4941, 81584
23.4952, 81584
23.4964, 81584
23.4975, 81584
23.4987, 81584
23.4998, 81584
23.501, 81368
23.5021, 81368
23.5033, 81368
23.5044, 81368
23.5056, 81368
23.5067, 81368
23.5079, 81368
23.509, 81368
23.5102, 81368
23.5113, 81368
23.5124, 81368
23.5136, 81368
23.5147, 81368
23.5159, 81368
23.517, 81368
23.5182, 81368
23.5193, 81368
23.5205, 81368
23.5216, 81368
23.5228, 81368
23.5239, 81368
23.525, 81368
23.5262, 81152
23.5274, 81152
23.5287, 81152
23.5299, 81152
23.531, 81152
23.5322, 81152
23.5333, 81152
23.5344, 81368
23.5356, 81368
23.5367, 81368
23.5379, 81368
23.5392, 81368
23.5404, 81368
23.5415, 81368
23.5427, 81368
23.5438, 81152
23.5449, 81152
23.5461, 81152
23.5472, 81152
23.5484, 81152
23.5495, 81152
23.5507, 81152
23.5518, 81152
23.553, 81152
23.5569, 81152
23.5582, 81368
23.5708, 81584
23.5721, 81584
23.5733, 81584
23.5745, 81584
23.5757, 81584
23.5769, 81800
23.5781, 81800
23.5793, 81800
23.5805, 81800
23.5817, 81800
23.5828, 81800
23.584, 81800
23.5852, 81800
23.5863, 81800
23.5875, 81800
23.5887, 81800
23.5899, 81800
23.5911, 81800
23.5923, 81800
23.5935, 81800
23.5946, 81800
23.5958, 81800
23.5969, 81800
23.6045, 81800
23.6059, 81800
23.6073, 81800
23.6085, 81800
23.6098, 81800
23.6111, 82232
23.6126, 82232
23.6138, 82232
23.615, 82232
23.6162, 82232
23.6174, 82232
23.6185, 82232
23.6197, 82232
23.6208, 82232
23.622, 82232
23.6232, 82232
23.6243, 82232
23.6254, 82232
23.6266, 82232
23.6277, 82232
23.6289, 82016
23.63, 82016
23.6312, 82016
23.6323, 82016
23.6335, 82016
23.6346, 82016
23.6358, 82016
23.6369, 81800
23.6381, 81800
23.6392, 81800
23.6404, 81800
23.6415, 81800
23.6427, 81800
23.6438, 81800
23.6449, 81800
23.6461, 81800
23.6473, 81800
23.6484, 81800
23.6496, 81800
23.6507, 81800
23.6519, 81800
23.653, 81800
23.6541, 81800
23.6553, 81800
23.6564, 81800
23.6576, 81800
23.6587, 81800
23.6599, 81800
23.661, 81800
23.6622, 81800
23.6633, 81584
23.6645, 81584
23.6656, 81584
23.6668, 81584
23.6679, 81584
23.669, 81584
23.6702, 81584
23.6713, 81368
23.6725, 81368
23.6736, 81368
23.6748, 81368
23.6759, 81368
23.6771, 81368
23.6782, 81368
23.6794, 81368
23.6805, 81368
23.6816, 81368
23.6828, 81368
23.6839, 81368
23.6851, 81368
23.6862, 81368
23.6874, 81368
23.6886, 81152
23.6897, 81152
23.6909, 81152
23.692, 81152
23.6932, 81152
23.6943, 81152
23.6955, 81152
23.6966, 80936
23.6978, 80936
23.6989, 80936
23.7001, 80936
23.7012, 80936
23.7056, 81152
23.709, 81152
23.7103, 81152
23.7121, 81152
23.7137, 81152
23.7164, 81152
23.7177, 81152
23.719, 81152
23.7203, 81152
23.7215, 81152
23.7228, 81368
23.7261, 81368
23.7286, 81368
23.73, 81368
23.7313, 81368
23.7327, 81368
23.734, 81368
23.7354, 81368
23.7366, 81368
23.7379, 81368
23.7392, 81584
23.7406, 81584
23.7419, 81584
23.7432, 81584
23.7445, 81584
23.7466, 81584
23.7479, 81584
23.7492, 81584
23.7505, 81584
23.7518, 81584
23.753, 81584
23.7543, 81584
23.7555, 81584
23.7567, 81584
23.7579, 81584
23.7592, 81584
23.7605, 81584
23.7617, 81584
23.763, 81584
23.7643, 81584
23.7656, 81368
23.7668, 81368
23.7681, 81368
23.7694, 81368
23.7706, 81368
23.7719, 81368
23.7731, 81584
23.7743, 81584
23.7756, 81584
23.7768, 81584
23.7781, 81584
23.7793, 81584
23.7806, 81584
23.7818, 81584
23.7831, 81584
23.7843, 81584
23.7856, 81584
23.7869, 81584
23.7882, 81584
23.7895, 81584
23.7909, 81368
23.7921, 81368
23.7934, 81368
23.7947, 81368
23.7959, 81368
23.7972, 81368
23.7984, 81368
23.7997, 81368
23.8009, 81368
23.8025, 81368
23.8038, 81368
23.805, 81368
23.8063, 81368
23.8076, 81368
23.8088, 81368
23.8101, 81368
23.8114, 81368
23.8126, 81368
23.8143, 81368
23.8156, 81368
23.8169, 81368
23.8181, 81368
23.8194, 81368
23.8206, 81368
23.8219, 81368
23.8232, 81368
23.8244, 81368
23.8255, 81368
23.8267, 81368
23.8278, 81368
23.8323, 81368
23.8334, 81152
23.8346, 81152
23.8358, 81152
23.8369, 81152
23.8381, 81152
23.8392, 81152
23.8404, 81152
23.8415, 81368
23.8427, 81368
23.8438, 81368
23.8449, 81368
23.8461, 81368
23.8472, 81368
23.8484, 81368
23.8495, 81368
23.8507, 81368
23.8518, 81368
23.853, 81368
23.8541, 81368
23.8553, 81368
23.8564, 81368
23.8576, 81368
23.8587, 81152
23.8599, 81152
23.861, 81152
23.8622, 81152
23.8633, 81152
23.8645, 81152
23.8656, 81152
23.8668, 81152
23.8679, 81152
23.8691, 81152
23.8702, 81152
23.8714, 81152
23.8725, 81152
23.8737, 81152
23.8748, 81152
23.876, 81152
23.8771, 81152
23.8783, 81152
23.8794, 81152
23.8807, 81152
23.8818, 81152
23.883, 81152
23.8842, 81152
23.8853, 81152
23.8865, 81152
23.8877, 81152
23.8888, 81152
23.89, 81152
23.8912, 81152
23.8923, 81152
23.8935, 81152
23.8946, 81152
23.8958, 81152
23.8969, 81152
23.898, 81152
23.8992, 81152
23.9003, 81152
23.9015, 81152
23.9026, 81152
23.9038, 81152
23.9049, 81152
23.9061, 81152
23.9072, 81152
23.9084, 81152
23.9095, 81152
23.9107, 81152
23.9118, 81152
23.9129, 81152
23.9141, 81152
23.9153, 81152
23.9165, 81152
23.9176, 81152
23.9188, 81152
23.9199, 81152
23.9211, 81152
23.9222, 81152
23.9233, 81152
23.9245, 81152
23.9256, 81152
23.9267, 81368
23.9279, 81368
23.929, 81368
23.9302, 81368
23.9313, 81368
23.9325, 81368
23.9336, 81368
23.9348, 81368
23.9359, 81152
23.9371, 81152
23.9382, 81152
23.9393, 81152
23.9405, 81152
23.9416, 81152
23.9428, 81152
23.944, 81152
23.9451, 81152
23.9463, 81152
23.9475, 81152
23.9486, 81152
23.9498, 81152
23.9509, 81152
23.9521, 81152
23.9532, 81152
23.9544, 81152
23.9556, 81152
23.9567, 81152
23.9579, 81152
23.959, 81152
23.9602, 81152
23.9613, 81368
23.9625, 81368
23.9636, 81368
23.9648, 81368
23.9659, 81368
23.9671, 81368
23.9682, 81368
23.9694, 81368
23.9705, 81152
23.9717, 81152
23.9728, 81152
23.974, 81152
23.9751, 81152
23.9763, 81152
23.9774, 81152
23.9786, 81368
23.9797, 81368
23.9809, 81368
23.9821, 81368
23.9832, 81368
23.9844, 81368
23.9855, 81368
23.9866, 81152
23.9878, 81152
23.989, 81152
23.9901, 81152
23.9912, 81152
23.9924, 81152
23.9935, 81152
23.9947, 81152
23.9958, 81152
23.997, 81152
23.9981, 81152
23.9993, 81152
24.0004, 81152
24.0016, 81152
24.0027, 81152
24.0039, 81152
24.005, 81152
24.0062, 81152
24.0074, 81152
24.0085, 81152
24.0097, 81152
24.0108, 81152
24.012, 81152
24.0131, 81152
24.0143, 81152
24.0154, 81152
24.0165, 81152
24.0177, 81152
24.0188, 81152
24.02, 81152
24.0211, 81368
24.0223, 81368
24.0234, 81368
24.0246, 81368
24.0257, 81368
24.0269, 81368
24.028, 81368
24.0291, 81152
24.0303, 81152
24.0314, 81152
24.0326, 81152
24.0337, 81152
24.0348, 81152
24.036, 81152
24.0371, 81152
24.0382, 81368
24.0394, 81368
24.0405, 81368
24.0417, 81368
24.0429, 81368
24.044, 81368
24.0452, 81368
24.0463, 81368
24.0475, 81368
24.0486, 81368
24.0498, 81368
24.0509, 81368
24.0521, 81368
24.0532, 81368
24.0544, 81368
24.0555, 81152
24.0567, 81152
24.0579, 81152
24.0591, 81152
24.0603, 81152
24.0614, 81152
24.0626, 81152
24.0637, 81152
24.0649, 81152
24.066, 81152
24.0672, 81152
24.0683, 81152
24.0695, 81152
24.0707, 81152
24.0719, 81152
24.073, 81152
24.0742, 81152
24.0753, 81152
24.0765, 81152
24.0776, 81152
24.0788, 81152
24.08, 81152
24.0811, 81152
24.0823, 81152
24.0834, 81152
24.0846, 81152
24.0857, 81152
24.0869, 81152
24.0881, 81152
24.0892, 81152
24.0904, 81152
24.0915, 81152
24.106, 81368
24.1101, 81368
24.1113, 81368
24.1125, 81368
24.1137, 81368
24.1149, 81368
24.1161, 81368
24.1173, 81368
24.1185, 81368
24.1197, 81368
24.121, 81368
24.1222, 81368
24.1234, 81368
24.1245, 81368
24.1257, 81368
24.1269, 81368
24.1281, 81368
24.1293, 81368
24.1305, 81368
24.1318, 81584
24.133, 81584
24.1342, 81584
24.1354, 81584
24.1366, 81584
24.1378, 81584
24.139, 81584
24.1402, 81584
24.1414, 81584
24.1426, 81584
24.1438, 81584
24.145, 81584
24.1462, 81584
24.1474, 81584
24.1486, 81584
24.1497, 81584
24.1509, 81584
24.1521, 81584
24.1533, 81584
24.1545, 81584
24.1557, 81584
24.1569, 81584
24.158, 81800
24.1592, 81800
24.1604, 81800
24.1616, 81800
24.1627, 81800
24.1639, 81800
24.1651, 81800
24.1662, 81800
24.1674, 81800
24.1686, 81800
24.1698, 81800
24.171, 81800
24.1722, 81800
24.1734, 81800
24.1746, 81800
24.1758, 81800
24.1769, 81800
24.1781, 81800
24.1793, 81800
24.1804, 81800
24.1816, 81800
24.1828, 81584
24.1839, 81584
24.1851, 81584
24.1862, 81584
24.1874, 81584
24.1886, 81584
24.1898, 81584
24.191, 81584
24.1922, 81368
24.1935, 81368
24.1948, 81368
24.1962, 81368
24.1976, 81368
24.1991, 81368
24.2006, 81584
24.2022, 81584
24.2039, 81584
24.2056, 81584
24.2073, 81584
24.2089, 81584
24.2108, 81584
24.2124, 81584
24.2139, 81584
24.2154, 81584
24.2168, 81584
24.2181, 81584
24.2194, 81584
24.2208, 81584
24.222, 81584
24.2297, 81584
24.2314, 81584
24.2329, 81584
24.2344, 81584
24.2358, 81584
24.2371, 81584
24.2384, 81584
24.2402, 81584
24.2421, 81584
24.244, 81584
24.2459, 81584
24.2481, 81584
24.2499, 81584
24.2517, 81584
24.2536, 81584
24.2555, 81584
24.2572, 81584
24.2589, 81584
24.2606, 81584
24.2622, 81584
24.2637, 81584
24.2653, 81584
24.2668, 81584
24.2684, 81584
24.2698, 81584
24.2713, 81584
24.2737, 81584
24.2752, 81584
24.2765, 81584
24.2778, 81584
24.2791, 81584
24.2804, 81584
24.2816, 81584
24.2829, 81584
24.2844, 81584
24.2857, 81584
24.287, 81584
24.2882, 81584
24.2895, 81584
24.2907, 81584
24.2921, 81584
24.2934, 81584
24.2947, 81368
24.2961, 81368
24.2974, 81368
24.2987, 81368
24.3, 81368
24.3014, 81368
24.3026, 81368
24.3037, 81368
24.3049, 81368
24.3061, 81368
24.3072, 81368
24.3084, 81368
24.3095, 81368
24.3107, 81368
24.3119, 81368
24.313, 81368
24.3141, 81368
24.3153, 81368
24.3164, 81368
24.3176, 81368
24.3187, 81368
24.3198, 81368
24.321, 81368
24.3221, 81368
24.3232, 81368
24.3244, 81368
24.3255, 81368
24.3267, 81368
24.3278, 81368
24.3289, 81368
24.3301, 81368
24.3312, 81368
24.3323, 81368
24.3335, 81368
24.3346, 81368
24.3357, 81368
24.3369, 81368
24.338, 81368
24.3391, 81368
24.3403, 81368
24.3414, 81368
24.3425, 81368
24.3437, 81368
24.3448, 81368
24.346, 81152
24.3471, 81152
24.3483, 81152
24.3494, 81152
24.3506, 81152
24.3517, 81152
24.3528, 81152
24.354, 81152
24.3551, 81152
24.3563, 81152
24.3574, 81152
24.3585, 81152
24.3597, 81152
24.3608, 81152
24.3619, 80936
24.3631, 80936
24.3642, 80936
24.3654, 80936
24.3665, 80936
24.3676, 80936
24.3688, 80936
24.3699, 80936
24.371, 80936
24.3722, 80936
24.3733, 80936
24.3744, 80936
24.3756, 80936
24.3767, 80936
24.3778, 80936
24.379, 80936
24.3801, 80936
24.3812, 80936
24.3824, 80936
24.3835, 80936
24.3847, 80936
24.3858, 80936
24.3869, 80936
24.3881, 80936
24.3892, 80936
24.3903, 80936
24.3915, 80936
24.3926, 80936
24.3938, 80936
24.3949, 80936
24.396, 80936
24.3972, 80720
24.3983, 80720
24.3995, 80720
24.4006, 80720
24.4017, 80720
24.4029, 80720
24.404, 80720
24.4051, 80720
24.4063, 80720
24.4074, 80720
24.4085, 80720
24.4097, 80720
24.4108, 80720
24.412, 80720
24.4131, 80720
24.4143, 80720
24.4154, 80720
24.4165, 80720
24.4177, 80720
24.4188, 80720
24.4199, 80720
24.4211, 80720
24.4222, 80504
24.4234, 80504
24.4245, 80504
24.4256, 80504
24.4268, 80504
24.4279, 80504
24.4291, 80504
24.4302, 80504
24.4314, 80504
24.4325, 80504
24.4336, 80504
24.4348, 80504
24.4359, 80504
24.437, 80504
24.4382, 80504
24.4393, 80504
24.4404, 80504
24.4416, 80504
24.4427, 80504
24.4438, 80504
24.445, 80504
24.4461, 80504
24.4473, 80504
24.4484, 80504
24.4495, 80504
24.4507, 80504
24.4518, 80504
24.4529, 80504
24.4541, 80504
24.4552, 80504
24.4563, 80504
24.4575, 80504
24.4586, 80504
24.4598, 80504
24.461, 80504
24.4621, 80504
24.4632, 80504
24.4644, 80504
24.4655, 80504
24.4667, 80504
24.4678, 80504
24.469, 80504
24.4701, 80504
24.4712, 80504
24.4723, 80504
24.4735, 80504
24.4746, 80504
24.4757, 80504
24.4769, 80504
24.478, 80504
24.4791, 80504
24.4803, 80504
24.4814, 80504
24.4826, 80504
24.4837, 80504
24.4849, 80504
24.486, 80504
24.4871, 80504
24.4883, 80504
24.4895, 80504
24.4906, 80504
24.4918, 80504
24.4929, 80504
24.494, 80504
24.4952, 80504
24.4963, 80504
24.4975, 80504
24.4986, 80504
24.4999, 80504
24.501, 80504
24.5022, 80504
24.5033, 80504
24.5045, 80504
24.5056, 80504
24.5067, 80504
24.5079, 80504
24.509, 80504
24.5102, 80504
24.5113, 80504
24.5125, 80504
24.5136, 80504
24.5147, 80504
24.5159, 80720
24.517, 80720
24.5182, 80720
24.5193, 80720
24.5204, 80720
24.5215, 80720
24.5227, 80720
24.5239, 80720
24.525, 80720
24.5262, 80720
24.5273, 80720
24.5284, 80720
24.5296, 80720
24.5307, 80720
24.5319, 80720
24.533, 80504
24.5342, 80504
24.5353, 80504
24.5365, 80504
24.5376, 80504
24.5387, 80504
24.5399, 80504
24.541, 80504
24.5422, 80720
24.5433, 80720
24.5444, 80720
24.5455, 80720
24.5467, 80720
24.5478, 80720
24.549, 80720
24.5502, 80504
24.5513, 80504
24.5524, 80504
24.5535, 80504
24.5547, 80504
24.5558, 80504
24.557, 80504
24.5581, 80504
24.5593, 80720
24.5604, 80720
24.5615, 80720
24.5627, 80720
24.5638, 80720
24.565, 80720
24.5661, 80720
24.5673, 80720
24.5684, 80720
24.5695, 80720
24.5707, 80720
24.5718, 80720
24.5729, 80720
24.5741, 80720
24.5752, 80720
24.5764, 80720
24.5775, 80720
24.5786, 80720
24.5798, 80720
24.5809, 80720
24.5821, 80720
24.5832, 80720
24.5844, 80720
24.5855, 80720
24.5902, 80720
24.5916, 80720
24.593, 80504
24.598, 80504
24.5996, 80504
24.6011, 80504
24.6023, 80504
24.6061, 80504
24.6164, 80720
24.6179, 80720
24.6191, 80720
24.6203, 80720
24.6215, 80720
24.6227, 80720
24.624, 80720
24.6253, 80720
24.6265, 80720
24.634, 80720
24.6421, 80936
24.6471, 80936
24.6487, 80936
24.6501, 80936
24.6515, 80936
24.6527, 80936
24.654, 80936
24.6552, 80936
24.6564, 80936
24.6575, 80936
24.6587, 80936
24.6599, 80936
24.6611, 80720
24.6623, 80720
24.6635, 80720
24.6646, 80720
24.6659, 80720
24.6676, 80720
24.669, 80720
24.6705, 80720
24.6718, 80720
24.6732, 80720
24.6745, 80720
24.6758, 80720
24.6772, 80720
24.6784, 80720
24.6798, 80720
24.681, 80720
24.6824, 80720
24.6837, 80720
24.6851, 80720
24.6864, 80720
24.6877, 80720
24.6889, 80720
24.6902, 80720
24.6915, 80720
24.6928, 80720
24.6942, 80720
24.6954, 80720
24.6967, 80720
24.6979, 80720
24.6993, 80720
24.7006, 80720
24.7019, 80720
24.7032, 80720
24.7044, 80720
24.7058, 80720
24.7072, 80720
24.7084, 80720
24.7097, 80720
24.7109, 80720
24.7122, 80720
24.7135, 80720
24.7147, 80720
24.716, 80720
24.7173, 80720
24.7185, 80720
24.7198, 80720
24.721, 80720
24.7223, 80720
24.7235, 80720
24.7248, 80720
24.726, 80720
24.7273, 80720
24.7285, 80720
24.7297, 80504
24.7309, 80504
24.7322, 80504
24.7334, 80504
24.7346, 80504
24.7359, 80504
24.7372, 80504
24.7384, 80504
24.7397, 80504
24.7409, 80504
24.7422, 80504
24.7435, 80504
24.7447, 80504
24.7459, 80504
24.7473, 80504
24.7485, 80504
24.7497, 80504
24.7509, 80504
24.7521, 80504
24.7532, 80504
24.7544, 80504
24.7557, 80504
24.757, 80504
24.7582, 80504
24.7593, 80504
24.7605, 80504
24.7617, 80504
24.7628, 80504
24.764, 80288
24.7651, 80288
24.7663, 80288
24.7674, 80288
24.7686, 80288
24.7697, 80288
24.7709, 80288
24.7721, 80288
24.7732, 80288
24.7744, 80288
24.7755, 80288
24.7766, 80288
24.7778, 80288
24.7789, 80288
24.7801, 80288
24.7812, 80288
24.7823, 80288
24.7835, 80288
24.7846, 80288
24.7858, 80288
24.7869, 80288
24.788, 80288
24.7892, 80288
24.7903, 80288
24.7915, 80288
24.7926, 80288
24.7937, 80288
24.7949, 80288
24.796, 80288
24.7972, 80288
24.7983, 80288
24.7994, 80288
24.8006, 80288
24.8017, 80288
24.8028, 80288
24.804, 80288
24.8051, 80288
24.8062, 80288
24.8074, 80288
24.8085, 80288
24.8097, 80288
24.8108, 80288
24.8119, 80288
24.8131, 80288
24.8142, 80288
24.8154, 80288
24.8165, 80288
24.8176, 80288
24.8188, 80288
24.8199, 80288
24.8211, 80288
24.8222, 80288
24.8234, 80288
24.8245, 80288
24.8256, 80288
24.8268, 80288
24.8279, 80288
24.829, 80288
24.8302, 80288
24.8313, 80288
24.8324, 80288
24.8336, 80288
24.8347, 80288
24.8358, 80288
24.837, 80288
24.8381, 80288
24.8393, 80288
24.8404, 80288
24.8415, 80288
24.8427, 80288
24.8438, 80288
24.8449, 80288
24.8461, 80288
24.8472, 80288
24.8483, 80288
24.8495, 80288
24.8506, 80288
24.8518, 80288
24.8529, 80288
24.854, 80288
24.8552, 80288
24.8563, 80288
24.8574, 80288
24.8586, 80288
24.8598, 80288
24.861, 80288
24.8623, 80288
24.8635, 80288
24.8647, 80288
24.8659, 80288
24.867, 80288
24.8682, 80288
24.8693, 80288
24.8705, 80288
24.8717, 80288
24.8728, 80288
24.8739, 80720
24.8752, 80720
24.8763, 80720
24.8774, 80720
24.8786, 80720
24.8797, 80720
24.8809, 80720
24.882, 80720
24.8832, 80504
24.8843, 80504
24.8854, 80504
24.8866, 80504
24.8877, 80504
24.8888, 80504
24.89, 80504
24.8912, 80288
24.8925, 80288
24.8936, 80288
24.8947, 80288
24.8958, 80288
24.8969, 80288
24.898, 80288
24.8991, 80288
24.9002, 80288
24.9012, 80288
24.9023, 80288
24.9034, 80288
24.9045, 80288
24.9056, 80288
24.9067, 80288
24.9078, 80288
24.9089, 80936
24.91, 80936
24.9111, 80936
24.9122, 80936
24.9133, 80936
24.9144, 80936
24.9155, 80936
24.9165, 80936
24.9176, 81368
24.9187, 81368
24.9198, 81368
24.921, 81368
24.9222, 81368
24.9234, 81368
24.9246, 81368
24.9257, 81800
24.9269, 81800
24.9281, 81800
24.9293, 81800
24.9305, 81800
24.9317, 81800
24.9329, 81800
24.934, 82880
24.9352, 82880
24.9364, 82880
24.9376, 82880
24.9388, 82880
24.9401, 82880
24.9413, 82880
24.9426, 83528
24.9438, 83528
24.945, 83528
24.9463, 83528
24.9475, 83528
24.9487, 83528
24.9499, 83528
24.9511, 83960
24.9524, 83960
24.9536, 83960
24.9549, 83960
24.9562, 83960
24.9574, 83960
24.9586, 83960
24.9598, 84176
24.961, 84176
24.9622, 84176
24.9635, 84176
24.9647, 84176
24.9659, 84176
24.9672, 84176
24.9684, 83960
24.9696, 83960
24.9709, 83960
24.972, 83960
24.9732, 83960
24.9744, 83960
24.9756, 83960
24.9767, 84176
24.9778, 84176
24.9789, 84176
24.98, 84176
24.9811, 84176
24.9822, 84176
24.9833, 84176
24.9844, 84176
24.9856, 85256
24.9867, 85256
24.9878, 85256
24.9889, 85256
24.9899, 85256
24.9911, 85256
24.9922, 85256
24.9933, 85256
24.9944, 85256
24.9955, 85256
24.9966, 85256
24.9977, 85256
24.9987, 85256
24.9998, 85256
25.0009, 85256
25.0021, 84176
25.0032, 84176
25.0043, 84176
25.0055, 84176
25.0066, 84176
25.0077, 84176
25.0087, 84176
25.0098, 84176
25.0109, 83528
25.012, 83528
25.0132, 83528
25.0143, 83528
25.0154, 83528
25.0165, 83528
25.0176, 83528
25.0187, 83528
25.0198, 83096
25.0209, 83096
25.022, 83096
25.0231, 83096
25.0242, 83096
25.0252, 83096
25.0263, 83096
25.0275, 83096
25.0285, 83096
25.0296, 83096
25.0307, 83096
25.0318, 83096
25.0329, 83096
25.034, 83096
25.0351, 83096
25.0362, 83096
25.0373, 83096
25.0384, 83096
25.0394, 83096
25.0405, 83096
25.0416, 83096
25.0427, 83096
25.0438, 83096
25.0449, 83096
25.046, 83096
25.0471, 83096
25.0482, 83096
25.0493, 83096
25.0504, 83096
25.0515, 83096
25.0526, 83096
25.0536, 83096
25.0547, 83096
25.0558, 83096
25.0569, 83096
25.058, 83096
25.0591, 83096
25.0601, 83096
25.0612, 83096
25.0623, 83312
25.0634, 83312
25.0645, 83312
25.0656, 83312
25.0668, 83312
25.0679, 83312
25.069, 83312
25.0701, 83312
25.0713, 83528
25.0724, 83528
25.0735, 83528
25.0746, 83528
25.0757, 83528
25.0768, 83528
25.0779, 83528
25.079, 83528
25.0801, 83528
25.0812, 83528
25.0824, 83528
25.0835, 83528
25.0846, 83528
25.0857, 83528
25.0867, 83528
25.0878, 83744
25.0889, 83744
25.09, 83744
25.0911, 83744
25.0922, 83744
25.0932, 83744
25.0943, 83744
25.0954, 83744
25.0965, 83744
25.0976, 83744
25.0987, 83744
25.0997, 83744
25.1008, 83744
25.1019, 83744
25.103, 83744
25.1041, 83744
25.1052, 83744
25.1063, 83744
25.1073, 83744
25.1084, 83744
25.1095, 83744
25.1106, 83744
25.1117, 83744
25.1128, 83744
25.1139, 83960
25.1149, 83960
25.116, 83960
25.1171, 83960
25.1182, 83960
25.1193, 83960
25.1204, 83960
25.1215, 83744
25.1226, 83744
25.1237, 83744
25.1248, 83744
25.1259, 83744
25.127, 83744
25.1281, 83744
25.1291, 83744
25.1302, 83312
25.1313, 83312
25.1324, 83312
25.1335, 83312
25.1346, 83312
25.1357, 83312
25.1368, 83312
25.1379, 83312
25.139, 82880
25.1401, 82880
25.1412, 82880
25.1424, 82880
25.1435, 82880
25.1447, 82880
25.1458, 82880
25.1469, 82880
25.148, 82664
25.1491, 82664
25.1502, 82664
25.1514, 82664
25.1525, 82664
25.1535, 82664
25.1546, 82664
25.1558, 82448
25.1569, 82448
25.1579, 82448
25.1591, 82448
25.1601, 82448
25.1612, 82448
25.1623, 82448
25.1634, 82448
25.1645, 82664
25.1656, 82664
25.1667, 82664
25.182, 84176
25.186, 84176
25.1873, 84176
25.1885, 84176
25.1897, 83960
25.1935, 83960
25.1976, 83960
25.1989, 83744
25.2006, 83744
25.2018, 83744
25.203, 83744
25.2042, 83744
25.2053, 83744
25.2065, 83744
25.2077, 83744
25.2088, 83744
25.2099, 83744
25.2111, 83744
25.2122, 83744
25.2134, 83744
25.2145, 83744
25.2157, 83096
25.2168, 83096
25.218, 83096
25.2192, 83096
25.2203, 83096
25.2215, 83096
25.2253, 82448
25.238, 82664
25.2393, 82664
25.2404, 82664
25.2416, 82664
25.2428, 82664
25.2439, 82664
25.2451, 82664
25.2463, 82664
25.2475, 82664
25.2487, 82664
25.2499, 82448
25.251, 82448
25.2521, 82448
25.2533, 82448
25.2544, 82448
25.2556, 82448
25.2568, 82448
25.258, 82016
25.2593, 82016
25.2604, 82016
25.2616, 82016
25.2628, 82016
25.2639, 82016
25.2651, 82016
25.2663, 82016
25.2674, 82448
25.2686, 82448
25.2698, 82448
25.2711, 82448
25.2723, 82448
25.2735, 82448
25.2747, 82448
25.276, 82664
25.2772, 82664
25.2783, 82664
25.2795, 82664
25.2807, 82664
25.2818, 82664
25.283, 82664
25.2841, 82664
25.2853, 82664
25.2864, 82664
25.2876, 82664
25.2889, 82664
25.2902, 82664
25.2914, 82664
25.2926, 82664
25.2938, 82664
25.2951, 82664
25.2965, 82664
25.2978, 82664
25.2992, 82664
25.3004, 82664
25.3016, 82664
25.3028, 82664
25.304, 82664
25.3052, 82664
25.3064, 82664
25.3077, 82664
25.3091, 82664
25.3103, 82664
25.3117, 82664
25.3131, 82664
25.3146, 82664
25.3161, 82664
25.3174, 82664
25.3187, 82664
25.3199, 82664
25.3211, 82664
25.3224, 82664
25.3236, 82664
25.3248, 82664
25.326, 82664
25.3273, 82448
25.3285, 82448
25.3297, 82448
25.3309, 82448
25.3323, 82448
25.3337, 82448
25.3355, 82664
25.3371, 82664
25.3385, 82664
25.3399, 82664
25.3412, 82664
25.3425, 82664
25.3437, 82448
25.3454, 82448
25.3469, 82448
25.3484, 82448
25.3498, 82448
25.3511, 82448
25.3528, 82664
25.3543, 82664
25.3555, 82664
25.3569, 82664
25.3582, 82664
25.3597, 82664
25.361, 83096
25.3624, 83096
25.3638, 83096
25.3656, 83096
25.3673, 83096
25.3696, 82880
25.3719, 82880
25.3748, 82880
25.3768, 82880
25.3784, 82880
25.3805, 82880
25.3823, 82880
25.3842, 82880
25.3859, 82664
25.3873, 82664
25.3887, 82664
25.3902, 82664
25.3915, 82664
25.3928, 82664
25.394, 82664
25.3956, 82880
25.3973, 82880
25.399, 82880
25.4003, 82880
25.4019, 82880
25.4033, 83312
25.4047, 83312
25.4062, 83312
25.4075, 83312
25.4087, 83312
25.41, 83312
25.4113, 83312
25.4127, 83096
25.4142, 83096
25.4157, 83096
25.417, 83096
25.4194, 82664
25.4256, 82664
25.4291, 82448
25.4382, 82232
25.4399, 82232
25.4412, 82232
25.4425, 82232
25.445, 82232
25.4486, 82232
25.451, 82232
25.4527, 82232
25.4546, 82016
25.4571, 82016
25.46, 82016
25.4618, 82016
25.4643, 82232
25.4672, 82232
25.4732, 82016
25.483, 81800
25.4865, 81800
25.4886, 81800
25.4934, 81800
25.4969, 82016
25.5037, 82016
25.5079, 82016
25.5116, 82016
25.5146, 81800
25.5189, 81800
25.5253, 81800
25.5313, 81800
25.5364, 81800
25.5386, 81800
25.5478, 81800
25.5513, 81800
25.5591, 81800
25.5614, 81800
25.5642, 81800
25.5751, 81800
25.5792, 81800
25.5834, 81800
25.5866, 81800
25.589, 81800
25.5938, 81800
25.5954, 81800
25.5968, 81800
25.5981, 81800
25.5993, 82016
25.6005, 82016
25.6019, 82016
25.6034, 82016
25.6088, 81800
25.6124, 81800
25.6173, 82016
25.6186, 82016
25.6199, 82016
25.6214, 82016
25.6256, 82232
25.6269, 82232
25.6282, 82232
25.6296, 82232
25.6309, 82232
25.6322, 82232
25.6361, 82232
25.6377, 82232
25.6438, 82232
25.6452, 82232
25.6466, 82232
25.648, 82232
25.6494, 82232
25.6507, 82448
25.6521, 82448
25.6534, 82448
25.6547, 82448
25.6561, 82448
25.6574, 82448
25.6603, 82448
25.6617, 82448
25.6632, 82448
25.6647, 82448
25.6663, 82448
25.6677, 82448
25.6817, 82232
25.6844, 82232
25.6864, 82232
25.688, 82232
25.6898, 82232
25.6919, 82232
25.6936, 82016
25.6956, 82016
25.6973, 82016
25.699, 82016
25.7005, 82016
25.7103, 81800
25.7122, 81800
25.7138, 81800
25.7155, 81800
25.7171, 81800
25.7188, 81800
25.7218, 81800
25.7253, 81584
25.7386, 81584
25.741, 81584
25.744, 81800
25.7468, 81800
25.7488, 81800
25.7505, 81800
25.752, 81800
25.7536, 81584
25.7551, 81584
25.7566, 81584
25.7636, 81584
25.7665, 81584
25.7689, 81584
25.7708, 81584
25.7723, 81584
25.7737, 81584
25.7751, 81584
25.7793, 81368
25.7857, 81368
25.788, 81584
25.7898, 81584
25.7918, 81584
25.7945, 81584
25.7965, 81152
25.7986, 81152
25.8001, 81152
25.8012, 81152
25.8028, 81152
25.8068, 80936
25.8084, 80936
25.8096, 80936
25.8109, 80936
25.8121, 80936
25.8133, 80936
25.8145, 80936
25.8201, 80936
25.8226, 80720
25.8244, 80720
25.8262, 80720
25.8278, 80720
25.8292, 80720
25.8372, 80720
25.839, 80720
25.8407, 80720
25.8422, 80720
25.8437, 80720
25.8454, 80720
25.8473, 80720
25.8539, 80720
25.8566, 80720
25.8589, 80720
25.8602, 80720
25.8614, 80720
25.8626, 80720
25.8638, 80504
25.8652, 80504
25.8664, 80504
25.8676, 80504
25.8716, 80288
25.8822, 80504
25.884, 80504
25.8853, 80504
25.8865, 80504
25.8878, 80504
25.889, 80504
25.8902, 80504
25.8916, 80504
25.8928, 80504
25.8943, 80504
25.8955, 80504
25.8967, 80504
25.8979, 80288
25.8993, 80288
25.9005, 80288
25.9017, 80288
25.9028, 80288
25.9039, 80288
25.9051, 80288
25.9062, 80288
25.9074, 80072
25.9085, 80072
25.9097, 80072
25.911, 80072
25.9135, 80072
25.9164, 80072
25.9177, 80072
25.9189, 80072
25.92, 80072
25.9211, 80072
25.9223, 80072
25.9234, 80072
25.9246, 80288
25.9257, 80288
25.9268, 80288
25.928, 80288
25.9291, 80288
25.9303, 80288
25.9316, 80288
25.9327, 80288
25.9339, 80288
25.9352, 80288
25.9364, 80288
25.9375, 80288
25.9387, 80288
25.9424, 80720
25.9442, 80720
25.9481, 80720
25.9504, 80936
25.9523, 80936
25.9535, 80936
25.9547, 80936
25.9559, 80936
25.9571, 80936
25.9583, 80936
25.9595, 80936
25.9606, 80936
25.9618, 80936
25.963, 80936
25.9644, 80936
25.9664, 80936
25.9699, 80936
25.9715, 80936
25.9728, 80936
25.9741, 80936
25.9753, 81152
25.9764, 81152
25.9776, 81152
25.9788, 81152
25.98, 81152
25.9811, 81152
25.9823, 81152
25.9836, 80936
25.9983, 81152
26.0005, 81152
26.0023, 81152
26.0037, 81152
26.005, 81152
26.0065, 81152
26.0084, 81152
26.0101, 81368
26.0116, 81368
26.0129, 81368
26.0141, 81368
26.0153, 81368
26.0166, 81368
26.0177, 81368
26.0189, 81368
26.0201, 81368
26.0213, 81368
26.0224, 81368
26.0236, 81368
26.0248, 81368
26.0261, 81152
26.0278, 81152
26.0305, 81152
26.0321, 81152
26.0345, 81368
26.0363, 81368
26.0386, 81368
26.0412, 81368
26.0439, 81368
26.0469, 81368
26.0485, 81368
26.0498, 81368
26.051, 81368
26.0522, 81584
26.0534, 81584
26.0553, 81584
26.0601, 81800
26.0619, 81800
26.0636, 81800
26.0649, 81800
26.0661, 81800
26.0673, 81800
26.0686, 81800
26.0698, 81800
26.0709, 81800
26.0721, 81800
26.0732, 81800
26.0744, 81800
26.0756, 81800
26.0768, 81800
26.078, 82232
26.0793, 82232
26.0805, 82232
26.0817, 82232
26.083, 82232
26.0843, 82232
26.0856, 82232
26.0868, 82448
26.088, 82448
26.0891, 82448
26.0903, 82448
26.0915, 82448
26.0927, 82448
26.0938, 82448
26.0952, 82232
26.0965, 82232
26.0978, 82232
26.0991, 82232
26.1004, 82232
26.1017, 82232
26.1029, 82448
26.1041, 82448
26.1053, 82448
26.1065, 82448
26.1078, 82448
26.1092, 82448
26.1107, 82448
26.1121, 82448
26.1133, 82448
26.1145, 82448
26.1157, 82448
26.117, 82448
26.1181, 82448
26.1193, 82448
26.1206, 82232
26.1219, 82232
26.123, 82232
26.1244, 82232
26.1255, 82232
26.1266, 82232
26.1279, 82232
26.1291, 82232
26.1305, 82232
26.1318, 82232
26.1332, 82232
26.1345, 82232
26.1358, 82232
26.1372, 82232
26.1385, 82232
26.1401, 82232
26.1416, 82232
26.1431, 82232
26.1445, 82232
26.1457, 82232
26.1472, 82232
26.1485, 82232
26.1498, 82232
26.151, 82232
26.1525, 82232
26.1539, 82232
26.1553, 82232
26.1566, 82232
26.1579, 82232
26.1592, 82232
26.1605, 82232
26.1618, 82232
26.1632, 82448
26.1644, 82448
26.1658, 82448
26.1672, 82448
26.1685, 82448
26.1699, 82448
26.1712, 82448
26.1726, 82448
26.174, 82448
26.1754, 82448
26.1767, 82448
26.1781, 82448
26.1794, 82448
26.1806, 82664
26.1819, 82664
26.1832, 82664
26.1846, 82664
26.1859, 82664
26.1873, 82664
26.1886, 82664
26.1899, 82664
26.1913, 82664
26.1925, 82664
26.1938, 82664
26.1952, 82664
26.1966, 82664
26.1978, 82664
26.1992, 82664
26.2005, 82664
26.2019, 82664
26.2033, 82664
26.2046, 82664
26.2059, 82664
26.2073, 82664
26.2086, 82664
26.2099, 82664
26.2112, 82664
26.2125, 82664
26.2138, 82880
26.2152, 82880
26.2166, 82880
26.2179, 82880
26.2192, 82880
26.2205, 82880
26.2218, 82880
26.2232, 82880
26.2247, 82880
26.2261, 82880
26.2274, 82880
26.2287, 82880
26.2302, 82880
26.2315, 82880
26.2328, 82880
26.2341, 82880
26.2354, 82880
26.2368, 82880
26.2382, 82880
26.2395, 82880
26.2408, 82880
26.2421, 82880
26.2434, 82880
26.2448, 82880
26.2461, 82880
26.2475, 82880
26.2489, 83096
26.2502, 83096
26.2516, 83096
26.253, 83096
26.2543, 83096
26.2555, 83096
26.2569, 82880
26.2582, 82880
26.2594, 82880
26.2606, 82880
26.2618, 82880
26.2631, 82880
26.2643, 82880
26.2655, 82880
26.2667, 82880
26.268, 82880
26.2692, 82880
26.2705, 82880
26.278, 82880
26.2797, 82880
26.2811, 82880
26.2824, 82880
26.2837, 82880
26.285, 82880
26.2863, 82880
26.2875, 82880
26.2887, 82880
26.2898, 82880
26.291, 82880
26.2922, 82880
26.2934, 82880
26.2947, 82880
26.2959, 82880
26.2971, 82880
26.2983, 82880
26.2994, 82664
26.3006, 82664
26.3019, 82664
26.3032, 82664
26.3044, 82664
26.3057, 82664
26.307, 82664
26.3083, 82664
26.3095, 82664
26.3107, 82664
26.312, 82664
26.3133, 82664
26.3146, 82664
26.316, 82664
26.3173, 82664
26.3185, 82664
26.3198, 82664
26.3212, 82664
26.3225, 82664
26.324, 82664
26.3254, 82664
26.3268, 82664
26.3281, 82664
26.3294, 82664
26.3306, 82664
26.3319, 82664
26.3331, 82664
26.3343, 82664
26.3356, 82664
26.3368, 82664
26.338, 82664
26.3393, 82664
26.3406, 82664
26.3419, 82448
26.3433, 82448
26.3446, 82448
26.346, 82448
26.3473, 82448
26.3485, 82448
26.35, 82448
26.3512, 82448
26.3525, 82448
26.3539, 82448
26.3554, 82448
26.3567, 82448
26.358, 82448
26.3593, 82664
26.3605, 82664
26.3617, 82664
26.3629, 82664
26.3641, 82664
26.3654, 82664
26.3666, 82664
26.3678, 82664
26.3691, 82664
26.3703, 82664
26.3715, 82664
26.3729, 82664
26.3743, 82664
26.3756, 82664
26.3769, 82448
26.3781, 82448
26.3794, 82448
26.3807, 82448
26.3819, 82448
26.3833, 82448
26.3847, 82664
26.386, 82664
26.3874, 82664
26.3888, 82664
26.3901, 82664
26.3914, 82664
26.3926, 82664
26.3938, 82664
26.3951, 82664
26.3964, 82664
26.3977, 82664
26.3989, 82664
26.4002, 82664
26.4015, 82664
26.4027, 82664
26.4043, 82664
26.4057, 82664
26.407, 82664
26.4083, 82664
26.4095, 82664
26.4108, 82664
26.412, 82664
26.4133, 82664
26.4148, 82664
26.4161, 82664
26.4176, 82664
26.4189, 82664
26.4201, 82664
26.4214, 82664
26.4226, 82664
26.4239, 82664
26.4252, 82664
26.4266, 82664
26.428, 82664
26.4296, 82664
26.431, 82664
26.4323, 82664
26.4336, 82664
26.4348, 82664
26.4361, 82448
26.4374, 82448
26.4386, 82448
26.4399, 82448
26.4411, 82448
26.4425, 82448
26.4437, 82448
26.445, 82016
26.4463, 82016
26.4475, 82016
26.4486, 82016
26.4497, 82016
26.4509, 82016
26.4521, 82016
26.4534, 81800
26.4547, 81800
26.4561, 81800
26.4576, 81800
26.459, 81800
26.4605, 81800
26.4619, 82016
26.4634, 82016
26.4648, 82016
26.4661, 82016
26.4674, 82016
26.4687, 82016
26.47, 82016
26.4713, 82016
26.4726, 82016
26.4738, 82016
26.4751, 82016
26.4762, 82016
26.4774, 82016
26.4785, 81800
26.4797, 81800
26.4808, 81800
26.482, 81800
26.4833, 81800
26.4845, 81800
26.4857, 81800
26.487, 81800
26.4882, 81800
26.4895, 81800
26.4908, 81800
26.492, 81800
26.4932, 81800
26.4944, 81800
26.4955, 82016
26.4966, 82016
26.4978, 82016
26.4989, 82016
26.5001, 82016
26.5012, 82016
26.5024, 82016
26.5035, 82016
26.5046, 81800
26.5058, 81800
26.5069, 81800
26.5081, 81800
26.5092, 81800
26.5103, 81800
26.5115, 81800
26.5126, 81584
26.5138, 81584
26.5149, 81584
26.516, 81584
26.5172, 81584
26.5184, 81584
26.5196, 81584
26.5209, 81800
26.5223, 81800
26.5235, 81800
26.5247, 81800
26.5259, 81800
26.527, 81800
26.5281, 81800
26.5293, 81800
26.5304, 82016
26.5316, 82016
26.5327, 82016
26.5338, 82016
26.535, 82016
26.5362, 82016
26.5377, 82016
26.5391, 81800
26.5404, 81800
26.5419, 81800
26.5433, 81800
26.5447, 81800
26.5459, 81800
26.5472, 82232
26.5485, 82232
26.5499, 82232
26.5512, 82232
26.5524, 82232
26.5535, 82232
26.5546, 82232
26.5558, 82232
26.5569, 82232
26.5581, 82232
26.5592, 82232
26.5604, 82232
26.5615, 82232
26.5627, 82232
26.5638, 82016
26.565, 82016
26.5663, 82016
26.5676, 82016
26.5689, 82016
26.5702, 82016
26.5714, 82016
26.5726, 82232
26.5737, 82232
26.5748, 82232
26.576, 82232
26.5771, 82232
26.5783, 82232
26.5794, 82232
26.5805, 82232
26.5817, 82016
26.583, 82016
26.5843, 82016
26.5855, 82016
26.5868, 82016
26.5882, 82016
26.5895, 82232
26.5908, 82232
26.5921, 82232
26.5933, 82232
26.5946, 82232
26.5959, 82232
26.5972, 82232
26.5984, 82448
26.5996, 82448
26.6007, 82448
26.6018, 82448
26.603, 82448
26.6041, 82448
26.6053, 82448
26.6064, 82232
26.6076, 82232
26.6087, 82232
26.6099, 82232
26.611, 82232
26.6123, 82232
26.6137, 82232
26.615, 82232
26.6163, 82232
26.6176, 82232
26.6189, 82232
26.6202, 82232
26.6213, 82232
26.6228, 82232
26.624, 82448
26.6251, 82448
26.6263, 82448
26.6275, 82448
26.6286, 82448
26.6297, 82448
26.6309, 82448
26.6321, 82664
26.6332, 82664
26.6344, 82664
26.6355, 82664
26.6367, 82664
26.6379, 82664
26.639, 82664
26.6402, 82664
26.6416, 82664
26.6429, 82664
26.6442, 82664
26.6456, 82664
26.647, 82664
26.6483, 82664
26.6495, 82880
26.6507, 82880
26.652, 82880
26.6533, 82880
26.6545, 82880
26.6557, 82880
26.6571, 82880
26.6584, 83096
26.6598, 83096
26.6611, 83096
26.6624, 83096
26.6637, 83096
26.665, 83096
26.6663, 83096
26.6677, 83096
26.6689, 83096
26.6702, 83096
26.6716, 83096
26.6732, 83096
26.6745, 83096
26.6758, 83096
26.6772, 83096
26.6784, 83096
26.6797, 83096
26.6811, 83096
26.6825, 83096
26.6839, 83096
26.6853, 83096
26.6865, 83096
26.6876, 83096
26.6888, 83096
26.6899, 83096
26.6911, 83096
26.6923, 83096
26.6935, 83096
26.6947, 83096
26.6959, 83096
26.6971, 83096
26.6983, 83096
26.6995, 83096
26.7007, 83096
26.702, 83096
26.7032, 83096
26.7044, 83096
26.7056, 83096
26.7067, 83096
26.7079, 83096
26.709, 83096
26.7102, 83096
26.7114, 83096
26.7126, 83096
26.714, 83096
26.7154, 83096
26.7167, 83096
26.7181, 83096
26.7194, 83096
26.7208, 83096
26.7223, 83096
26.7236, 83096
26.7249, 83096
26.7262, 83096
26.7275, 83096
26.7287, 83096
26.7299, 83096
26.7313, 83096
26.7325, 83096
26.7337, 83096
26.7349, 83096
26.7361, 83096
26.7375, 83096
26.7389, 83096
26.7402, 83096
26.7415, 83096
26.7428, 82880
26.7441, 82880
26.7456, 82880
26.7469, 82880
26.7483, 82880
26.7496, 82880
26.751, 82880
26.7524, 83096
26.7537, 83096
26.755, 83096
26.7562, 83096
26.7574, 83096
26.7587, 83096
26.7601, 83096
26.7614, 83096
26.7627, 83096
26.764, 83096
26.7653, 83096
26.7667, 83096
26.7681, 83096
26.7694, 83096
26.7706, 83096
26.772, 83096
26.7733, 83096
26.7747, 83096
26.776, 83096
26.7773, 83096
26.7786, 83096
26.78, 83096
26.7813, 83096
26.7826, 83096
26.7838, 83096
26.7851, 83096
26.7864, 83096
26.7877, 83096
26.7889, 83096
26.7902, 83096
26.7916, 83096
26.7929, 83096
26.7942, 83312
26.7955, 83312
26.7967, 83312
26.798, 83312
26.7993, 83312
26.8006, 83312
26.8019, 83312
26.8034, 83096
26.8049, 83096
26.8063, 83096
26.8077, 83096
26.809, 83096
26.8102, 83096
26.8115, 83096
26.8128, 83096
26.8142, 83096
26.8155, 83096
26.8168, 83096
26.8182, 83096
26.8195, 83312
26.8208, 83312
26.8221, 83312
26.8235, 83312
26.825, 83312
26.8263, 83312
26.8276, 83312
26.8289, 83312
26.8303, 83312
26.8316, 83312
26.833, 83312
26.8344, 83312
26.8357, 83312
26.837, 83312
26.8384, 83312
26.8398, 83312
26.8411, 83312
26.8425, 83312
26.8438, 83312
26.8451, 83312
26.8475, 83312
26.8489, 83312
26.8502, 83312
26.8515, 83312
26.8528, 83312
26.8541, 83096
26.8554, 83096
26.8567, 83096
26.858, 83096
26.8594, 83096
26.8609, 83096
26.8623, 83312
26.8636, 83312
26.8649, 83312
26.8661, 83312
26.8674, 83312
26.8687, 83312
26.87, 83312
26.8714, 83312
26.8729, 83312
26.8742, 83312
26.8756, 83312
26.8769, 83312
26.8781, 83312
26.8794, 83096
26.8806, 83096
26.8819, 83096
26.8831, 83096
26.8843, 83096
26.8856, 83096
26.8868, 83096
26.8881, 83096
26.8893, 83096
26.8908, 83096
26.8921, 83096
26.8934, 83096
26.8946, 83096
26.8959, 83096
26.8972, 83096
26.8986, 83096
26.8998, 83096
26.9012, 83096
26.9027, 83096
26.9041, 83096
26.9058, 83096
26.9072, 83096
26.9085, 83096
26.9098, 83096
26.911, 83096
26.9123, 83096
26.9135, 83096
26.9148, 83096
26.916, 83096
26.9173, 83096
26.9185, 83096
26.9197, 83096
26.9209, 83096
26.9222, 83096
26.9235, 83096
26.9248, 83096
26.9262, 83096
26.9274, 83096
26.9287, 83096
26.9299, 83096
26.9312, 83096
26.9324, 83096
26.9337, 83096
26.9352, 83096
26.9365, 83096
26.9378, 83096
26.9391, 82880
26.9403, 82880
26.9416, 82880
26.9429, 82880
26.9441, 82880
26.9456, 82880
26.947, 82880
26.9484, 82880
26.9498, 82880
26.9513, 82880
26.9527, 82880
26.954, 82880
26.9553, 82880
26.9566, 83096
26.9578, 83096
26.959, 83096
26.9604, 83096
26.9617, 83096
26.9629, 83096
26.9642, 83096
26.9655, 83096
26.9668, 83096
26.9681, 83096
26.9695, 83096
26.9709, 83096
26.9722, 83096
26.9735, 83096
26.9748, 83096
26.976, 83096
26.9774, 83096
26.9787, 83096
26.98, 83096
26.9814, 83096
26.9827, 83096
26.984, 83096
26.9852, 83096
26.9865, 83096
26.9879, 83096
26.9892, 83096
26.9906, 82880
26.9919, 82880
26.9933, 82880
26.9947, 82880
26.996, 82880
26.9973, 82880
26.9985, 82880
26.9997, 82880
27.001, 82880
27.0022, 82880
27.0034, 82880
27.0045, 82880
27.0057, 82880
27.0069, 82880
27.008, 82880
27.0092, 82880
27.0103, 82880
27.0115, 82880
27.0127, 82880
27.0139, 82880
27.0151, 82880
27.0163, 82448
27.0175, 82448
27.0188, 82448
27.0201, 82448
27.0212, 82448
27.0224, 82448
27.0235, 82448
27.0247, 82232
27.0259, 82232
27.0275, 82232
27.029, 82232
27.0304, 82232
27.0318, 82232
27.0333, 82232
27.0346, 82232
27.0359, 82232
27.0371, 82232
27.0383, 82232
27.0395, 82232
27.0407, 82232
27.0418, 82664
27.043, 82664
27.0441, 82664
27.0453, 82664
27.0464, 82664
27.0475, 82664
27.0487, 82664
27.0498, 82664
27.051, 82232
27.0521, 82232
27.0533, 82232
27.0545, 82232
27.0557, 82232
27.057, 82232
27.0586, 82232
27.0599, 82232
27.0612, 82232
27.0624, 82232
27.0637, 82232
27.0648, 82232
27.066, 82232
27.0672, 82448
27.0683, 82448
27.0695, 82448
27.0706, 82448
27.0717, 82448
27.0729, 82448
27.074, 82448
27.0752, 82448
27.0763, 82232
27.0775, 82232
27.0786, 82232
27.0797, 82232
27.0809, 82232
27.082, 82232
27.0832, 82232
27.0843, 82016
27.0854, 82016
27.0866, 82016
27.0877, 82016
27.0889, 82016
27.09, 82016
27.0912, 82016
27.0924, 82016
27.0936, 82016
27.0949, 82016
27.0961, 82016
27.0973, 82016
27.0985, 82016
27.0996, 82016
27.1008, 82016
27.1019, 82232
27.1031, 82232
27.1043, 82232
27.1054, 82232
27.1066, 82232
27.1077, 82232
27.1089, 82232
27.1102, 82016
27.1116, 82016
27.1129, 82016
27.1143, 82016
27.1156, 82016
27.117, 82016
27.1182, 82232
27.1195, 82232
27.1207, 82232
27.122, 82232
27.1233, 82232
27.1246, 82232
27.1258, 82232
27.127, 82448
27.1281, 82448
27.1293, 82448
27.1304, 82448
27.1315, 82448
27.1327, 82448
27.1338, 82448
27.1349, 82448
27.1361, 82232
27.1372, 82232
27.1385, 82232
27.1397, 82232
27.141, 82232
27.1423, 82232
27.1435, 82232
27.1448, 82232
27.146, 82232
27.1472, 82232
27.1483, 82232
27.1494, 82232
27.1506, 82232
27.1517, 82232
27.1529, 82232
27.1541, 82232
27.1552, 82232
27.1564, 82232
27.1578, 82232
27.1592, 82232
27.1604, 82232
27.1616, 82232
27.163, 82232
27.1644, 82232
27.1657, 82232
27.1669, 82232
27.1681, 82232
27.1694, 82448
27.1706, 82448
27.1719, 82448
27.1733, 82448
27.1744, 82448
27.1756, 82448
27.1768, 82448
27.1779, 82448
27.1791, 82448
27.1803, 82448
27.1815, 82448
27.1826, 82448
27.1837, 82448
27.1849, 82448
27.186, 82448
27.1872, 82232
27.1886, 82232
27.1899, 82232
27.1913, 82232
27.1926, 82232
27.1939, 82232
27.1953, 82448
27.1966, 82448
27.1978, 82448
27.199, 82448
27.2003, 82448
27.2015, 82448
27.2027, 82448
27.2039, 82664
27.2051, 82664
27.2062, 82664
27.2074, 82664
27.2085, 82664
27.2097, 82664
27.2109, 82664
27.2121, 82880
27.2132, 82880
27.2144, 82880
27.2156, 82880
27.2168, 82880
27.2181, 82880
27.2194, 82880
27.2205, 82664
27.2217, 82664
27.2229, 82664
27.2241, 82664
27.2253, 82664
27.2264, 82664
27.2276, 82664
27.2288, 82664
27.2301, 83096
27.2313, 83096
27.2325, 83096
27.2336, 83096
27.2349, 83096
27.2361, 83096
27.2373, 83096
27.2385, 83096
27.2397, 83096
27.2408, 83096
27.242, 83096
27.2432, 83096
27.2443, 83096
27.2455, 83096
27.2467, 83096
27.2479, 83096
27.2492, 83096
27.2503, 83096
27.2515, 83096
27.2527, 83096
27.2538, 83096
27.255, 83096
27.2562, 83096
27.2573, 83096
27.2585, 83096
27.2598, 83096
27.2612, 83096
27.2627, 83096
27.2642, 83096
27.2655, 83096
27.2668, 83096
27.268, 83096
27.2692, 83096
27.2703, 83096
27.2715, 83096
27.2727, 83096
27.2738, 83096
27.2751, 83096
27.2763, 83096
27.2775, 83096
27.2787, 83096
27.28, 83096
27.2812, 83096
27.2825, 83096
27.2837, 83096
27.2849, 83096
27.2862, 83096
27.2874, 83096
27.2886, 83096
27.2898, 83096
27.291, 83096
27.2922, 83096
27.2934, 83096
27.2947, 83096
27.2961, 83096
27.2975, 82880
27.2988, 82880
27.3002, 82880
27.3015, 82880
27.3027, 82880
27.3039, 82880
27.305, 82880
27.3062, 82880
27.3074, 82880
27.3085, 82880
27.3097, 82880
27.3109, 82880
27.312, 82880
27.3132, 82880
27.3144, 82880
27.3157, 82880
27.3169, 82880
27.3181, 82880
27.3193, 82880
27.3205, 82880
27.3217, 82880
27.3229, 82880
27.3241, 82664
27.3256, 82664
27.3268, 82664
27.3281, 82664
27.3294, 82664
27.3306, 82664
27.3321, 82664
27.3333, 82664
27.3349, 82664
27.3362, 82664
27.3376, 82664
27.3389, 82664
27.3401, 82664
27.3414, 82664
27.3426, 82664
27.3439, 82664
27.3451, 82664
27.3464, 82664
27.3478, 82664
27.3493, 82664
27.3506, 82664
27.3519, 82664
27.3534, 82664
27.3548, 82664
27.3562, 82664
27.3576, 82664
27.359, 82664
27.3603, 82664
27.3617, 82664
27.3629, 82664
27.3642, 82664
27.3654, 82664
27.3667, 82664
27.3681, 82664
27.3694, 82664
27.3707, 82664
27.372, 82664
27.3733, 82664
27.3746, 82664
27.376, 82664
27.3773, 82664
27.3786, 82664
27.38, 82664
27.3814, 82664
27.3835, 82664
27.3854, 82664
27.3869, 82664
27.3883, 82664
27.3899, 82664
27.3913, 82664
27.3928, 82664
27.3942, 82664
27.3956, 82664
27.3968, 82664
27.3981, 82664
27.3993, 82664
27.4006, 82664
27.4018, 82664
27.4031, 82664
27.4045, 82664
27.4058, 82664
27.4071, 82664
27.4084, 82664
27.4096, 82664
27.4108, 82664
27.412, 82664
27.4132, 82664
27.4143, 82664
27.4155, 82664
27.4166, 82664
27.4178, 82664
27.419, 82664
27.4204, 82664
27.4216, 82664
27.4228, 82664
27.424, 82664
27.4252, 82664
27.4268, 82448
27.4281, 82448
27.4292, 82448
27.4304, 82448
27.4316, 82448
27.4328, 82448
27.4339, 82448
27.4351, 82448
27.4363, 82448
27.4375, 82448
27.4386, 82448
27.4398, 82448
27.4409, 82448
27.4421, 82448
27.4433, 82232
27.4446, 82232
27.446, 82232
27.4473, 82232
27.4485, 82232
27.4498, 82232
27.451, 82016
27.4523, 82016
27.4536, 82016
27.455, 82016
27.4563, 82016
27.4575, 82016
27.4588, 82016
27.4601, 82232
27.4614, 82232
27.4627, 82232
27.464, 82232
27.4653, 82232
27.4667, 82232
27.4679, 82232
27.4692, 82232
27.4704, 82232
27.4717, 82232
27.4729, 82232
27.4742, 82232
27.4754, 82232
27.4767, 82232
27.4779, 82232
27.4794, 82232
27.4808, 82232
27.4823, 82232
27.4838, 82232
27.4853, 82232
27.4867, 82232
27.4882, 82232
27.4897, 82232
27.4912, 82232
27.4927, 82232
27.4941, 82232
27.4955, 82232
27.4969, 82232
27.4982, 82232
27.4995, 82232
27.5007, 82232
27.5019, 82232
27.5033, 82448
27.5045, 82448
27.5058, 82448
27.507, 82448
27.5082, 82448
27.5095, 82448
27.5107, 82448
27.5119, 82448
27.5132, 82448
27.5144, 82448
27.5157, 82448
27.5169, 82448
27.5182, 82448
27.5195, 82232
27.5207, 82232
27.522, 82232
27.5233, 82232
27.5245, 82232
27.5258, 82232
27.527, 82232
27.5283, 82232
27.5295, 82232
27.5307, 82232
27.532, 82232
27.5333, 82232
27.5345, 82232
27.5358, 82232
27.537, 82448
27.5383, 82448
27.5401, 82448
27.5417, 82448
27.5433, 82448
27.5446, 82448
27.546, 82448
27.5474, 82448
27.5487, 82448
27.55, 82448
27.5513, 82448
27.5525, 82448
27.5538, 82232
27.555, 82232
27.5563, 82232
27.5576, 82232
27.5588, 82232
27.5601, 82232
27.5614, 82232
27.5626, 82232
27.5639, 82232
27.5652, 82232
27.5664, 82232
27.568, 82232
27.5695, 82232
27.571, 82016
27.5725, 82016
27.574, 82016
27.5756, 82016
27.5772, 82016
27.5789, 82016
27.5804, 82016
27.5819, 82016
27.5835, 82016
27.5848, 82016
27.5861, 82016
27.5874, 82016
27.5887, 82016
27.59, 82016
27.5913, 82016
27.5926, 82016
27.5938, 82016
27.595, 82016
27.5964, 81800
27.5978, 81800
27.5994, 81800
27.6007, 81800
27.602, 81800
27.6033, 81800
27.6047, 81800
27.606, 81800
27.6074, 81800
27.6087, 81800
27.6101, 81800
27.6115, 81800
27.6127, 81800
27.614, 81584
27.6153, 81584
27.6165, 81584
27.6178, 81584
27.619, 81584
27.6206, 81584
27.6221, 81368
27.6234, 81368
27.6248, 81368
27.626, 81368
27.6273, 81368
27.6288, 81368
27.6301, 81152
27.6314, 81152
27.6326, 81152
27.6339, 81152
27.6355, 81152
27.6368, 81152
27.6381, 81152
27.6393, 80936
27.6406, 80936
27.6419, 80936
27.6432, 80936
27.6445, 80936
27.6458, 80936
27.6471, 80936
27.6485, 80936
27.6498, 80936
27.6512, 80936
27.6526, 80936
27.654, 80936
27.6555, 80936
27.6568, 81152
27.658, 81152
27.6592, 81152
27.6606, 81152
27.6619, 81152
27.6633, 81152
27.6646, 81152
27.666, 81152
27.6674, 81152
27.6687, 81152
27.67, 81152
27.6713, 81152
27.6726, 81152
27.6738, 81584
27.675, 81584
27.6763, 81584
27.6774, 81584
27.6786, 81584
27.6798, 81584
27.6809, 81584
27.6821, 81152
27.6833, 81152
27.6845, 81152
27.6857, 81152
27.6869, 81152
27.6881, 81152
27.6893, 81152
27.6906, 81152
27.6919, 81152
27.6933, 81152
27.6947, 81152
27.6962, 81152
27.6974, 81152
27.6987, 83528
27.7004, 83528
27.7019, 83528
27.7035, 83528
27.705, 83528
27.7068, 86768
27.7083, 86768
27.7098, 86768
27.7115, 86768
27.7131, 86768
27.7147, 86768
27.7163, 86552
27.7176, 86552
27.7189, 86552
27.7201, 86552
27.7215, 86552
27.7228, 86552
27.7242, 86984
27.7255, 86984
27.7268, 86984
27.7281, 86984
27.7295, 86984
27.7309, 86984
27.7322, 86984
27.7334, 86336
27.7346, 86336
27.7358, 86336
27.7371, 86336
27.7384, 86336
27.7397, 86336
27.741, 86120
27.7424, 86120
27.7437, 86120
27.7449, 86120
27.7461, 86120
27.7474, 86120
27.7488, 86120
27.7501, 85904
27.7513, 85904
27.7525, 85904
27.7536, 85904
27.7548, 85904
27.7559, 85904
27.7571, 85904
27.7586, 85472
27.76, 85472
27.7612, 85472
27.7624, 85472
27.7639, 85472
27.7651, 85472
27.7664, 85472
27.7676, 85688
27.7688, 85688
27.77, 85688
27.7714, 85688
27.7726, 85688
27.7738, 85688
27.7751, 85688
27.7764, 85904
27.7776, 85904
27.7788, 85904
27.7801, 85904
27.7813, 85904
27.7825, 85904
27.7838, 85472
27.785, 85472
27.7862, 85472
27.7874, 85472
27.7886, 85472
27.7898, 85472
27.7911, 85472
27.7923, 85472
27.7936, 85472
27.7948, 85472
27.7961, 85472
27.7972, 85472
27.7984, 85472
27.7998, 85472
27.8029, 85472
27.8057, 85472
27.8073, 85472
27.8088, 85472
27.81, 85472
27.8112, 85472
27.8124, 85472
27.8137, 85472
27.8149, 85472
27.816, 85472
27.8172, 85472
27.8184, 85688
27.8196, 85688
27.8208, 85688
27.822, 85688
27.8232, 85688
27.8244, 85688
27.826, 85688
27.8275, 85904
27.8288, 85904
27.8302, 85904
27.8314, 85904
27.8327, 85904
27.8338, 85904
27.835, 85688
27.8362, 85688
27.8374, 85688
27.8386, 85688
27.8398, 85688
27.841, 85688
27.8421, 85688
27.8434, 85688
27.8446, 85688
27.8458, 85688
27.8472, 85688
27.8485, 85688
27.8496, 85688
27.8508, 85688
27.852, 85688
27.8532, 85688
27.8544, 85688
27.8556, 85688
27.8569, 85688
27.8582, 85688
27.8596, 85688
27.8609, 85472
27.8623, 85472
27.8635, 85472
27.8647, 85472
27.8659, 85472
27.8672, 85472
27.8684, 85472
27.8696, 85688
27.8708, 85688
27.8719, 85688
27.8731, 85688
27.8743, 85688
27.8755, 85688
27.8768, 85688
27.878, 85904
27.8793, 85904
27.8807, 85904
27.8822, 85904
27.8834, 85904
27.8846, 85904
27.8858, 85904
27.8869, 85904
27.8882, 85904
27.8896, 85904
27.8909, 85904
27.8922, 85904
27.8935, 85904
27.8949, 85904
27.8962, 85904
27.8975, 85904
27.8988, 85904
27.9001, 85904
27.9012, 85904
27.9023, 85904
27.9035, 85904
27.9047, 85904
27.9058, 85904
27.9069, 85904
27.908, 85904
27.9092, 85904
27.9107, 85904
27.9119, 85688
27.9131, 85688
27.9144, 85688
27.9157, 85688
27.917, 85688
27.9183, 85688
27.9195, 85688
27.9206, 85256
27.9218, 85256
27.923, 85256
27.9243, 85256
27.9255, 85256
27.9267, 85256
27.9278, 85256
27.929, 85040
27.9302, 85040
27.9316, 85040
27.9329, 85040
27.9342, 85040
27.9354, 85040
27.9367, 85040
27.938, 84824
27.9392, 84824
27.9404, 84824
27.9416, 84824
27.943, 84824
27.9443, 84824
27.9456, 84824
27.9469, 84824
27.9483, 84824
27.9496, 84824
27.9508, 84824
27.952, 84824
27.9533, 84824
27.9546, 84824
27.9559, 84824
27.9573, 84824
27.9588, 84824
27.9604, 84824
27.9619, 84824
27.9634, 84392
27.965, 84392
27.9665, 84392
27.968, 84392
27.9695, 84392
27.9709, 84392
27.9724, 84392
27.9739, 84392
27.9754, 84392
27.9769, 84392
27.9783, 84392
27.9798, 84392
27.9813, 84392
27.9828, 84392
27.9843, 84392
27.9861, 84392
27.9876, 84392
27.989, 84608
27.9903, 84608
27.9922, 84608
27.9935, 84608
27.9949, 84608
27.9963, 84608
27.9977, 85040
27.9991, 85040
28.0004, 85040
28.0017, 85040
28.003, 85040
28.0045, 85040
28.006, 85256
28.0076, 85256
28.009, 85256
28.0105, 85256
28.012, 85256
28.0135, 85256
28.015, 85472
28.0164, 85472
28.0179, 85472
28.0193, 85472
28.0209, 85472
28.0224, 85472
28.024, 84824
28.0255, 84824
28.0271, 84824
28.0287, 84824
28.0301, 84824
28.0315, 84608
28.0328, 84608
28.0343, 84608
28.0358, 84608
28.0374, 84608
28.0388, 84608
28.0402, 84176
28.0417, 84176
28.0436, 84176
28.0453, 84176
28.0468, 84176
28.0482, 84176
28.0496, 84176
28.0512, 84176
28.0527, 84176
28.0543, 84176
28.0559, 84176
28.0574, 83960
28.0589, 83960
28.0603, 83960
28.0617, 83960
28.0629, 83960
28.0642, 83960
28.0656, 83744
28.067, 83744
28.0685, 83744
28.0703, 83744
28.0719, 83744
28.0734, 83744
28.075, 83744
28.0765, 83744
28.078, 83744
28.0796, 83744
28.0812, 83744
28.0827, 83960
28.0842, 83960
28.0857, 83960
28.0872, 83960
28.0888, 83960
28.0903, 83960
28.0922, 84392
28.0938, 84392
28.0958, 84392
28.0974, 84392
28.0989, 84392
28.1003, 84392
28.1018, 84392
28.1032, 84392
28.1046, 84392
28.1059, 84392
28.1073, 84392
28.1086, 84608
28.1099, 84608
28.1115, 84608
28.1128, 84608
28.1142, 84608
28.1156, 84608
28.117, 84824
28.1184, 84824
28.1197, 84824
28.1211, 84824
28.1224, 84824
28.1238, 84824
28.1252, 85040
28.1267, 85040
28.1281, 85040
28.1295, 85040
28.1308, 85040
28.1322, 85040
28.1335, 85040
28.1348, 84824
28.1362, 84824
28.1376, 84824
28.1389, 84824
28.1403, 84824
28.1416, 84824
28.143, 84176
28.1445, 84176
28.1464, 84176
28.1484, 84176
28.1503, 84176
28.1518, 83960
28.1532, 83960
28.1545, 83960
28.1559, 83960
28.1574, 83960
28.1587, 83960
28.1598, 84176
28.161, 84176
28.1621, 84176
28.1632, 84176
28.1643, 84176
28.1655, 84176
28.1668, 84176
28.1681, 83744
28.1695, 83744
28.1708, 83744
28.1722, 83744
28.1737, 83744
28.1751, 83744
28.1763, 83744
28.1774, 84392
28.1786, 84392
28.1797, 84392
28.1809, 84392
28.182, 84392
28.1832, 84392
28.1843, 84392
28.1855, 84824
28.1876, 84824
28.1892, 84824
28.1906, 84824
28.192, 84824
28.1935, 84824
28.1947, 84824
28.2031, 84608
28.2059, 84608
28.2073, 84608
28.2084, 84608
28.2095, 84608
28.2106, 84392
28.2118, 84392
28.213, 84392
28.2141, 84392
28.2155, 84392
28.2167, 84392
28.2179, 84392
28.219, 83960
28.2201, 83960
28.2213, 83960
28.2227, 83960
28.2245, 83960
28.2262, 83960
28.2277, 83960
28.2294, 83960
28.2307, 83960
28.232, 83960
28.2331, 83960
28.2342, 83960
28.2353, 83960
28.2364, 84176
28.2375, 84176
28.2387, 84176
28.24, 84176
28.2412, 84176
28.2423, 84176
28.2453, 84176
28.2523, 84176
28.2536, 85040
28.2548, 85040
28.2561, 85040
28.2574, 85040
28.2586, 85040
28.2599, 85040
28.2612, 85040
28.2627, 85256
28.2641, 85256
28.2653, 85256
28.2666, 85256
28.2679, 85256
28.2691, 85256
28.2703, 85256
28.2714, 85256
28.2726, 85256
28.2737, 85256
28.2749, 85256
28.2761, 85256
28.2774, 85256
28.2786, 85256
28.2798, 84824
28.2809, 84824
28.2821, 84824
28.2833, 84824
28.2844, 84824
28.2856, 84824
28.2868, 84824
28.288, 84608
28.2893, 84608
28.2907, 84608
28.2919, 84608
28.2933, 84608
28.2945, 84608
28.2958, 84176
28.2971, 84176
28.2982, 84176
28.2994, 84176
28.3006, 84176
28.3017, 84176
28.3029, 84176
28.3041, 84176
28.3054, 84176
28.3067, 84176
28.3081, 84176
28.3094, 84176
28.3106, 84176
28.312, 84176
28.3134, 84176
28.3153, 84176
28.317, 84176
28.3185, 84176
28.32, 84176
28.3218, 83960
28.3232, 83960
28.3249, 83960
28.3269, 83960
28.3287, 83960
28.3302, 83960
28.3314, 83960
28.3328, 83960
28.3342, 83960
28.3356, 83960
28.337, 83960
28.3382, 83960
28.3396, 83744
28.3411, 83744
28.3425, 83744
28.3439, 83744
28.3453, 83744
28.3467, 83744
28.3482, 83744
28.3497, 83744
28.3512, 83744
28.3525, 83744
28.3537, 83744
28.3549, 83744
28.3565, 83744
28.3581, 83744
28.3595, 83744
28.3609, 83744
28.3621, 83744
28.3635, 83744
28.3649, 83744
28.3662, 83744
28.3677, 83744
28.3692, 83744
28.3707, 83744
28.3721, 83744
28.3733, 83744
28.375, 83744
28.3768, 83744
28.3784, 83744
28.38, 83744
28.3815, 83744
28.383, 83744
28.3846, 83744
28.3863, 83744
28.388, 83744
28.3896, 83744
28.3912, 83744
28.3926, 83744
28.394, 83744
28.3956, 83744
28.3969, 83744
28.3981, 83744
28.3993, 83744
28.4005, 83744
28.4018, 83744
28.4032, 83744
28.4045, 83744
28.406, 83744
28.4074, 83744
28.4088, 83744
28.4102, 83744
28.4115, 83744
28.4129, 83744
28.4143, 83744
28.4157, 83744
28.4171, 83744
28.4185, 83744
28.4199, 83744
28.4213, 83744
28.4227, 83744
28.4241, 83744
28.4254, 83744
28.4266, 83744
28.4278, 83744
28.4291, 83744
28.4304, 83744
28.4317, 83744
28.4329, 83744
28.434, 83744
28.4351, 83744
28.4362, 83744
28.4373, 83744
28.4385, 83744
28.4398, 83744
28.4411, 83744
28.4428, 83744
28.4449, 83744
28.4475, 83744
28.4498, 83528
28.4526, 83528
28.4545, 83528
28.4558, 83528
28.4571, 83528
28.4589, 83312
28.4605, 83312
28.4637, 83312
28.4657, 83312
28.4675, 83312
28.4693, 83312
28.4708, 83312
28.4723, 83312
28.474, 83312
28.4766, 83312
28.4798, 83312
28.4823, 83312
28.4846, 83096
28.4905, 83096
28.4961, 82880
28.5014, 82664
28.5043, 82664
28.5133, 82664
28.5154, 82664
28.5169, 82664
28.5196, 82880
28.5301, 82880
28.5352, 82880
28.5391, 82880
28.5487, 82880
28.5511, 82880
28.5663, 82664
28.5693, 82664
28.5726, 82664
28.5788, 82448
28.5809, 82448
28.5843, 82448
28.5936, 82664
28.5968, 82448
28.6015, 82448
28.6102, 82448
28.6122, 82448
28.6141, 82448
28.616, 82448
28.6176, 82448
28.6245, 82232
28.6266, 82232
28.6293, 82448
28.6391, 82232
28.643, 82232
28.6574, 82016
28.6602, 82016
28.6624, 82016
28.6652, 82016
28.6713, 82232
28.6746, 82232
28.6829, 82016
28.6847, 82016
28.6871, 82016
28.6977, 82016
28.7006, 82016
28.702, 82016
28.7033, 82016
28.7045, 82016
28.7058, 82016
28.707, 82016
28.7082, 82016
28.7124, 82016
28.7138, 82016
28.715, 82016
28.717, 82016
28.7201, 82016
28.7215, 82016
28.7228, 82232
28.724, 82232
28.7252, 82232
28.7263, 82232
28.7274, 82232
28.7286, 82232
28.7299, 82232
28.7314, 81800
28.7329, 81800
28.7352, 81800
28.7368, 81800
28.7381, 81800
28.7393, 81800
28.7405, 81800
28.7417, 81800
28.7428, 81800
28.744, 81800
28.7456, 81800
28.747, 81800
28.7484, 82016
28.7498, 82016
28.7513, 82016
28.7526, 82016
28.7539, 82016
28.7553, 82016
28.759, 82016
28.7605, 82016
28.7618, 82016
28.7632, 82016
28.7646, 82016
28.766, 82016
28.7674, 82016
28.7687, 82016
28.77, 82016
28.7713, 82016
28.7725, 82016
28.7738, 81584
28.7754, 81584
28.7768, 81584
28.7782, 81584
28.7797, 81584
28.7812, 81584
28.7832, 81584
28.7851, 81584
28.7865, 81584
28.7889, 81584
28.7907, 81584
28.7919, 81800
28.7931, 81800
28.7943, 81800
28.7956, 81800
28.7968, 81800
28.7983, 81800
28.7996, 81368
28.8008, 81368
28.802, 81368
28.8033, 81368
28.8045, 81368
28.8056, 81368
28.8068, 81368
28.8082, 81152
28.8096, 81152
28.8111, 81152
28.8126, 81152
28.8138, 81152
28.8151, 81152
28.8163, 81152
28.8174, 80936
28.819, 80936
28.8239, 80936
28.8261, 82016
28.8288, 82016
28.8315, 82016
28.8332, 82016
28.84, 82880
28.8463, 83096
28.8503, 83528
28.8584, 83528
28.8632, 83528
28.8702, 83312
28.8744, 83312
28.8766, 83312
28.8804, 83312
28.8859, 83528
28.8957, 83096
28.8991, 83096
28.9007, 83096
28.9021, 82448
28.9034, 82448
28.9046, 82448
28.9061, 82448
28.9092, 82448
28.916, 82448
28.9184, 82448
28.9203, 82880
28.9217, 82880
28.923, 82880
28.9243, 82880
28.9259, 82880
28.9315, 83096
28.9355, 82664
28.941, 82664
28.9456, 82448
28.9498, 82448
28.9536, 82448
28.9558, 82448
28.9579, 82448
28.9656, 81800
28.9673, 81800
28.9685, 81800
28.9697, 81800
28.971, 82232
28.9723, 82232
28.9735, 82232
28.9748, 82232
28.9764, 82232
28.9791, 81584
28.9826, 81584
28.9876, 81368
28.9927, 81368
28.9967, 81368
29.0032, 81152
29.0187, 81152
29.0266, 81152
29.0296, 81584
29.0331, 81584
29.0395, 81368
29.0437, 81368
29.0478, 81584
29.0514, 81584
29.0547, 81368
29.0594, 81368
29.0624, 81368
29.0725, 81368
29.074, 81368
29.0765, 81368
29.0818, 81368
29.0833, 81368
29.0853, 81368
29.0866, 81368
29.0878, 81368
29.0891, 81368
29.0908, 81584
29.0921, 81584
29.0935, 81584
29.0988, 81800
29.1001, 81800
29.1018, 81800
29.1044, 81800
29.1098, 81584
29.1115, 81584
29.1214, 81800
29.1232, 81800
29.1306, 81800
29.1325, 81800
29.1437, 81584
29.1461, 81584
29.1478, 81584
29.149, 81584
29.1526, 81800
29.1539, 81800
29.1551, 81800
29.1566, 81800
29.1616, 81800
29.1635, 81800
29.1687, 81800
29.1764, 81800
29.1866, 82016
29.1881, 82016
29.2022, 82232
29.2069, 82232
29.2082, 82232
29.2095, 82232
29.2149, 82232
29.2225, 82232
29.2243, 82232
29.2258, 82232
29.2301, 82448
29.2324, 82448
29.2347, 82448
29.2411, 82448
29.2425, 82448
29.2438, 82664
29.2527, 82664
29.2541, 82664
29.2553, 82664
29.2565, 82664
29.2576, 82664
29.2588, 82664
29.26, 82664
29.2612, 82880
29.2638, 82880
29.2651, 82880
29.2673, 82880
29.2687, 82664
29.2699, 82664
29.2712, 82664
29.2753, 82664
29.2765, 82664
29.2777, 82880
29.2789, 82880
29.2801, 82880
29.2813, 82880
29.2826, 82880
29.2837, 82880
29.2849, 82880
29.2861, 83096
29.2884, 83096
29.291, 83096
29.2924, 83096
29.2937, 83096
29.295, 83096
29.2963, 83096
29.2976, 83096
29.2988, 83096
29.3046, 83096
29.3131, 83096
29.3144, 83096
29.3191, 83096
29.33, 83312
29.3315, 83312
29.3327, 83312
29.334, 83312
29.3353, 83312
29.3364, 83312
29.3377, 83312
29.3389, 83312
29.3401, 83312
29.3414, 83312
29.3426, 83312
29.3441, 83312
29.3454, 83528
29.3467, 83528
29.348, 83528
29.3493, 83528
29.3505, 83528
29.3517, 83528
29.3529, 83528
29.3541, 83528
29.3552, 83528
29.3564, 83528
29.3575, 83528
29.3587, 83528
29.3601, 83528
29.3614, 83528
29.3627, 83528
29.364, 83528
29.3653, 83528
29.3665, 83528
29.3677, 83528
29.3689, 83528
29.3702, 83528
29.3716, 83528
29.3729, 83528
29.3742, 83528
29.3755, 83528
29.3767, 83528
29.3779, 83528
29.3791, 83528
29.3802, 83528
29.3814, 83528
29.3826, 83528
29.3837, 83528
29.3849, 83528
29.3862, 83528
29.3874, 83528
29.3886, 83528
29.3898, 83528
29.3909, 83528
29.3921, 83528
29.3932, 83528
29.3944, 83528
29.3958, 83528
29.3973, 83744
29.3986, 83744
29.3999, 83744
29.4012, 83744
29.4025, 83744
29.4038, 83744
29.405, 83744
29.4062, 83744
29.4073, 83744
29.4085, 83744
29.4097, 83744
29.4109, 83744
29.4122, 83744
29.4134, 83744
29.4146, 83744
29.4158, 83744
29.417, 83744
29.4181, 83744
29.4193, 83744
29.4204, 83744
29.4216, 83744
29.4229, 83744
29.4242, 83744
29.4256, 83744
29.427, 83744
29.4283, 83744
29.4296, 83744
29.4309, 83744
29.4321, 83744
29.4333, 83744
29.4346, 83744
29.4358, 83744
29.4371, 83744
29.4385, 83744
29.44, 83744
29.4414, 83744
29.4428, 83744
29.4442, 83744
29.4456, 83744
29.4468, 83744
29.4481, 83744
29.4494, 83744
29.4507, 83744
29.4519, 83744
29.4532, 83744
29.4546, 83744
29.4559, 83744
29.4573, 83312
29.4586, 83312
29.4601, 83312
29.4614, 83312
29.4625, 83312
29.4637, 83312
29.465, 82880
29.4663, 82880
29.4676, 82880
29.4688, 82880
29.4701, 82880
29.4713, 82880
29.4725, 82880
29.4737, 82664
29.4752, 82664
29.4766, 82664
29.478, 82664
29.4793, 82664
29.4806, 82664
29.4819, 82664
29.4832, 82664
29.4844, 82664
29.4856, 82664
29.4868, 82664
29.488, 82664
29.4893, 82664
29.4906, 82880
29.4919, 82880
29.4933, 82880
29.4944, 82880
29.4956, 82880
29.4967, 82880
29.4979, 82880
29.499, 82232
29.5003, 82232
29.5016, 82232
29.5029, 82232
29.5043, 82232
29.5056, 82232
29.5072, 82232
29.5087, 82232
29.5099, 82232
29.5112, 82232
29.5124, 82232
29.5135, 82232
29.5146, 82232
29.5158, 82232
29.5169, 82232
29.5181, 82232
29.5192, 82232
29.5203, 82232
29.5215, 82232
29.5226, 82232
29.5237, 82232
29.5249, 82016
29.526, 82016
29.5272, 82016
29.5284, 82016
29.5295, 82016
29.5306, 82016
29.5318, 82016
29.5329, 82016
29.5341, 81800
29.5353, 81800
29.5364, 81800
29.5376, 81800
29.5389, 81800
29.5402, 81800
29.5415, 81800
29.5427, 81800
29.5439, 81800
29.5452, 81800
29.5464, 81800
29.5475, 81800
29.5487, 81800
29.5499, 81800
29.551, 82016
29.5522, 82016
29.5534, 82016
29.5546, 82016
29.5559, 82016
29.5572, 82016
29.5585, 82016
29.5599, 82016
29.5613, 82016
29.5627, 82016
29.5661, 82016
29.5675, 82448
29.5688, 82448
29.5702, 82448
29.5715, 82448
29.5728, 82448
29.574, 82448
29.5752, 82448
29.5764, 82016
29.5775, 82016
29.5787, 82016
29.5799, 82016
29.581, 82016
29.5874, 81800
29.5887, 81800
29.59, 81800
29.5912, 81800
29.5924, 81800
29.5935, 82232
29.5947, 82232
29.5958, 82232
29.597, 82232
29.5981, 82232
29.5993, 82232
29.6007, 82232
29.6083, 82016
29.6096, 82016
29.6108, 82448
29.6122, 82448
29.6135, 82448
29.6153, 82448
29.6166, 82448
29.6185, 82448
29.6199, 82448
29.6212, 82448
29.6224, 82448
29.6236, 82448
29.6247, 82448
29.6259, 82448
29.627, 82664
29.6281, 82664
29.6293, 82664
29.6304, 82664
29.6316, 82664
29.6329, 82664
29.6341, 82664
29.6359, 82232
29.6388, 82232
29.654, 82880
29.658, 82880
29.6593, 82880
29.6604, 82880
29.6628, 83096
29.6641, 83096
29.6656, 83096
29.6701, 83096
29.6726, 83096
29.6738, 83096
29.6751, 83096
29.6765, 83096
29.6778, 83096
29.679, 83312
29.6802, 83312
29.6814, 83312
29.6827, 83312
29.6841, 83312
29.6854, 83312
29.6868, 83096
29.6881, 83096
29.6894, 83096
29.6907, 83096
29.6921, 83096
29.6934, 83096
29.6948, 83096
29.6961, 83096
29.6973, 83096
29.6986, 83096
29.6999, 83096
29.7012, 83096
29.7024, 83096
29.7037, 83096
29.705, 83312
29.7063, 83312
29.7078, 83312
29.7092, 83312
29.7105, 83312
29.7117, 83312
29.713, 83096
29.7142, 83096
29.7154, 83096
29.7167, 83096
29.7182, 83096
29.7196, 83096
29.7208, 83096
29.722, 83312
29.7232, 83312
29.7244, 83312
29.7257, 83312
29.7269, 83312
29.7281, 83312
29.7293, 83312
29.7304, 83312
29.7316, 83312
29.7328, 83312
29.7339, 83312
29.7351, 83312
29.7363, 83312
29.7374, 83312
29.7385, 83096
29.7397, 83096
29.7409, 83096
29.7421, 83096
29.7434, 83096
29.7447, 83096
29.746, 83096
29.7475, 82880
29.7489, 82880
29.7502, 82880
29.7515, 82880
29.7528, 82880
29.754, 82880
29.7553, 83096
29.7565, 83096
29.7577, 83096
29.7589, 83096
29.7601, 83096
29.7614, 83096
29.7625, 83096
29.7637, 83096
29.7649, 83096
29.7661, 83096
29.7673, 83096
29.7685, 83096
29.7697, 83096
29.7708, 83096
29.772, 83096
29.7733, 83096
29.7746, 83096
29.7757, 83096
29.7769, 83096
29.7781, 83096
29.7793, 83096
29.7806, 83096
29.7819, 83096
29.7832, 83096
29.7844, 83096
29.7856, 83096
29.7868, 83096
29.7879, 83096
29.7891, 83096
29.7902, 83096
29.7914, 83096
29.7925, 83096
29.7937, 83096
29.7949, 83096
29.7962, 83096
29.7975, 83096
29.7988, 83096
29.8001, 83096
29.8015, 83096
29.8027, 83096
29.804, 83096
29.8054, 83096
29.8066, 83312
29.8079, 83312
29.8092, 83312
29.8105, 83312
29.8118, 83312
29.8132, 83312
29.8145, 83312
29.8159, 83312
29.8172, 83312
29.8185, 83312
29.8198, 83312
29.8211, 83312
29.8225, 83312
29.8237, 83312
29.8251, 83312
29.8265, 83312
29.8278, 83312
29.8292, 83312
29.8304, 83312
29.8317, 83312
29.8332, 83312
29.8345, 83312
29.8358, 83312
29.8371, 83312
29.8384, 83312
29.8397, 83312
29.841, 83312
29.8424, 83312
29.8438, 83312
29.8452, 83312
29.8465, 83312
29.8478, 83312
29.849, 83312
29.8504, 83312
29.8518, 83312
29.8531, 83312
29.8545, 83312
29.856, 83312
29.8574, 83528
29.8587, 83528
29.86, 83528
29.8613, 83528
29.8626, 83528
29.864, 83528
29.8653, 83528
29.8666, 83528
29.8679, 83528
29.8692, 83528
29.878, 83528
29.8798, 83528
29.881, 83528
29.8822, 83528
29.8834, 83528
29.8845, 83528
29.8857, 83528
29.8868, 83528
29.8879, 83528
29.8891, 83528
29.8902, 83528
29.8914, 83528
29.8926, 83312
29.8938, 83312
29.8952, 83312
29.8964, 83312
29.8976, 83312
29.8988, 83312
29.9, 83312
29.9012, 83312
29.9024, 83312
29.9036, 83312
29.9047, 83312
29.9059, 83312
29.9072, 83312
29.9085, 83312
29.9098, 83312
29.9111, 83312
29.9126, 83312
29.9138, 83312
29.9151, 83312
29.9163, 83312
29.9176, 83528
29.9188, 83528
29.92, 83528
29.9212, 83528
29.9224, 83528
29.9237, 83528
29.925, 83528
29.9262, 83528
29.9275, 83528
29.9287, 83528
29.93, 83528
29.9312, 83528
29.9324, 83528
29.9337, 83528
29.9349, 83528
29.9362, 83528
29.9375, 83528
29.9388, 83528
29.9401, 83528
29.9414, 83528
29.9426, 83528
29.9438, 83528
29.945, 83528
29.9463, 83528
29.9475, 83528
29.9487, 83528
29.9499, 83528
29.9513, 83528
29.9525, 83528
29.9538, 83528
29.9552, 83528
29.9566, 83528
29.9579, 83528
29.9592, 83528
29.9604, 83528
29.9617, 83528
29.963, 83528
29.9643, 83528
29.9657, 83528
29.967, 83528
29.9684, 83528
29.9697, 83528
29.971, 83528
29.9723, 83528
29.9736, 83528
29.9748, 83528
29.9761, 83528
29.9773, 83528
29.9785, 83528
29.9798, 83528
29.9812, 83528
29.9824, 83528
29.9838, 83528
29.9852, 83528
29.9865, 83528
29.9879, 83528
29.9892, 83528
29.9905, 83528
29.9917, 83528
29.993, 83528
29.9943, 83528
29.9957, 83528
29.997, 83528
29.9983, 83528
29.9997, 83528
30.001, 83528
30.0024, 83528
30.0037, 83528
30.0049, 83528
30.0062, 83528
30.0074, 83528
30.0087, 83528
30.0101, 83528
30.0115, 83312
30.0127, 83312
30.014, 83312
30.0153, 83312
30.0166, 83312
30.018, 83312
30.0194, 83312
30.0208, 83312
30.0221, 83312
30.0234, 83312
30.0247, 83312
30.026, 83312
30.0274, 83312
30.0287, 83312
30.03, 83312
30.0313, 83312
30.0326, 83312
30.0339, 83312
30.0352, 83312
30.0365, 83312
30.038, 83312
30.0394, 83312
30.0408, 83312
30.0421, 83312
30.0435, 83312
30.0448, 83312
30.0461, 83312
30.0473, 83312
30.0485, 83312
30.0498, 83312
30.0511, 83312
30.0524, 83312
30.0536, 83312
30.0549, 83312
30.0562, 83312
30.0575, 83312
30.0588, 83312
30.0601, 83312
30.0615, 83312
30.0628, 83528
30.0641, 83528
30.0652, 83528
30.0665, 83528
30.0677, 83528
30.0689, 83528
30.0701, 83528
30.0712, 83096
30.0724, 83096
30.0737, 83096
30.0749, 83096
30.0761, 83096
30.0772, 83096
30.0785, 83096
30.0798, 82880
30.0811, 82880
30.0823, 82880
30.0834, 82880
30.0845, 82880
30.0857, 82880
30.0868, 82880
30.0882, 82664
30.0894, 82664
30.0906, 82664
30.0918, 82664
30.093, 82664
30.0942, 82664
30.0955, 82664
30.0968, 82880
30.098, 82880
30.0993, 82880
30.1006, 82880
30.1018, 82880
30.103, 82880
30.1041, 82880
30.1053, 83096
30.1064, 83096
30.1076, 83096
30.1087, 83096
30.1099, 83096
30.111, 83096
30.1122, 83096
30.1133, 83096
30.1145, 83096
30.1157, 83096
30.1169, 83096
30.1182, 83096
30.1194, 83096
30.1207, 83096
30.122, 83096
30.1234, 83096
30.1248, 83096
30.126, 83096
30.1272, 83096
30.1283, 83096
30.1295, 83096
30.1306, 83096
30.1318, 83096
30.133, 83096
30.1341, 83096
30.1353, 83096
30.1364, 83096
30.1376, 83096
30.1387, 83096
30.1399, 83312
30.141, 83312
30.1422, 83312
30.1433, 83312
30.1445, 83312
30.1457, 83312
30.1468, 83312
30.148, 83312
30.1491, 83312
30.1502, 83312
30.1514, 83312
30.1526, 83312
30.1539, 83312
30.1552, 83312
30.1565, 83096
30.1578, 83096
30.1589, 83096
30.1601, 83096
30.1612, 83096
30.1623, 83096
30.1635, 83096
30.1646, 82880
30.1657, 82880
30.1669, 82880
30.168, 82880
30.1692, 82880
30.1704, 82880
30.1717, 82880
30.173, 82880
30.1743, 82664
30.1757, 82664
30.177, 82664
30.1783, 82664
30.1795, 82664
30.1807, 82664
30.182, 82880
30.1833, 82880
30.1846, 82880
30.1858, 82880
30.1869, 82880
30.1881, 82880
30.1892, 82880
30.1903, 82880
30.1915, 82880
30.1926, 82880
30.1937, 82880
30.1949, 82880
30.1961, 82880
30.1972, 82880
30.1985, 82880
30.1998, 82664
30.2011, 82664
30.2023, 82664
30.2035, 82664
30.2047, 82664
30.2058, 82664
30.2069, 82664
30.2081, 82664
30.2093, 82664
30.2104, 82664
30.2115, 82664
30.2127, 82664
30.2138, 82664
30.215, 82664
30.2165, 82664
30.218, 82664
30.2194, 82664
30.2207, 82664
30.2221, 82664
30.2234, 82664
30.2247, 82880
30.2259, 82880
30.2275, 82880
30.2289, 82880
30.2302, 82880
30.2314, 82880
30.2326, 82880
30.2337, 83096
30.2349, 83096
30.2361, 83096
30.2372, 83096
30.2383, 83096
30.2395, 83096
30.2407, 83096
30.2418, 83312
30.243, 83312
30.2441, 83312
30.2455, 83312
30.2469, 83312
30.2483, 83312
30.2497, 83312
30.251, 83096
30.2526, 83096
30.2539, 83096
30.2551, 83096
30.2563, 83096
30.2575, 83096
30.2586, 83312
30.2598, 83312
30.261, 83312
30.2621, 83312
30.2633, 83312
30.2645, 83312
30.2657, 83312
30.2669, 83312
30.2681, 83312
30.2693, 83312
30.2706, 83312
30.2718, 83312
30.2729, 83312
30.2741, 83312
30.2752, 83312
30.2764, 83312
30.2775, 83312
30.2787, 83312
30.2798, 83312
30.281, 83312
30.2823, 83312
30.2835, 83312
30.2846, 83096
30.2858, 83096
30.2869, 83096
30.2881, 83096
30.2893, 83096
30.2905, 83096
30.2917, 83096
30.293, 83528
30.2942, 83528
30.2955, 83528
30.2967, 83528
30.2979, 83528
30.2991, 83528
30.3004, 83528
30.3016, 83528
30.3028, 83528
30.304, 83528
30.3051, 83528
30.3063, 83528
30.3075, 83528
30.3087, 83528
30.3099, 83528
30.3111, 83528
30.3124, 83528
30.3136, 83528
30.315, 83528
30.3163, 83528
30.3174, 83528
30.3186, 83528
30.3197, 83528
30.3209, 83528
30.3221, 83528
30.3232, 83528
30.3245, 83528
30.3258, 83528
30.3273, 83528
30.3288, 83528
30.3301, 83528
30.3314, 83528
30.3326, 83528
30.3338, 83528
30.335, 83528
30.3363, 83528
30.3375, 83528
30.3389, 83528
30.3402, 83528
30.3415, 83528
30.3427, 83528
30.3439, 83744
30.3451, 83744
30.3464, 83744
30.3476, 83744
30.3487, 83744
30.3499, 83744
30.3511, 83744
30.3522, 83744
30.3534, 83744
30.3545, 83744
30.3557, 83744
30.357, 83744
30.3583, 83744
30.3598, 83744
30.3612, 83744
30.3625, 83744
30.3638, 83744
30.3651, 83744
30.3665, 83744
30.368, 83744
30.3694, 83744
30.3707, 83744
30.372, 83744
30.3733, 83744
30.3746, 83744
30.376, 83744
30.3772, 83744
30.3785, 83744
30.3797, 83744
30.3809, 83744
30.382, 83744
30.3832, 83744
30.3845, 83744
30.3858, 83744
30.3869, 83744
30.3881, 83744
30.3893, 83744
30.3905, 83744
30.3918, 83744
30.393, 83744
30.3942, 83744
30.3954, 83960
30.3967, 83960
30.3979, 83960
30.3991, 83960
30.4004, 83960
30.4016, 83960
30.4029, 83960
30.4042, 83960
30.4054, 83960
30.4067, 83960
30.408, 83960
30.4092, 83960
30.4104, 83960
30.4117, 83960
30.4131, 83744
30.4144, 83744
30.4157, 83744
30.417, 83744
30.4183, 83744
30.4196, 83744
30.4208, 83744
30.4222, 83744
30.4236, 83744
30.425, 83744
30.4264, 83744
30.4277, 83744
30.429, 83744
30.4303, 83744
30.4316, 83744
30.4328, 83744
30.4341, 83744
30.4353, 83744
30.4365, 83744
30.4378, 83528
30.439, 83528
30.4403, 83528
30.4415, 83528
30.4427, 83528
30.444, 83528
30.4453, 83528
30.4467, 83528
30.448, 83528
30.4493, 83528
30.4505, 83528
30.4517, 83528
30.4529, 83528
30.4542, 83528
30.4555, 83528
30.4569, 83528
30.4583, 83528
30.4597, 83528
30.4611, 83528
30.4625, 83528
30.4638, 83528
30.465, 83528
30.4662, 83528
30.4674, 83528
30.4687, 83528
30.4699, 83528
30.4712, 83528
30.4725, 83528
30.4737, 83528
30.475, 83528
30.4762, 83528
30.4777, 83528
30.479, 83528
30.4803, 83528
30.4816, 83528
30.4829, 83528
30.4841, 83528
30.4853, 83528
30.4866, 83528
30.488, 83528
30.4894, 83528
30.4908, 83528
30.4922, 83528
30.4936, 83528
30.4949, 83528
30.4961, 83528
30.4974, 83528
30.4986, 83528
30.4999, 83528
30.5011, 83528
30.5024, 83528
30.5036, 83528
30.5049, 83528
30.5061, 83528
30.5074, 83528
30.5086, 83528
30.5099, 83528
30.5114, 83528
30.5128, 83528
30.5142, 83528
30.5154, 83528
30.5167, 83528
30.5179, 83528
30.5192, 83528
30.5205, 83528
30.5219, 83528
30.5234, 83528
30.5248, 83528
30.526, 83528
30.5273, 83528
30.5285, 83528
30.5298, 83528
30.5311, 83528
30.5325, 83528
30.534, 83528
30.5353, 83528
30.5367, 83528
30.5381, 83528
30.5394, 83528
30.5407, 83528
30.5419, 83528
30.5432, 83528
30.5445, 83528
30.5457, 83528
30.5469, 83528
30.5481, 83528
30.5493, 83528
30.5506, 83528
30.5518, 83528
30.5531, 83528
30.5543, 83528
30.5556, 83528
30.5568, 83528
30.558, 83528
30.5594, 83528
30.5607, 83528
30.5619, 83528
30.5632, 83528
30.5644, 83528
30.5657, 83528
30.5672, 83528
30.5686, 83528
30.5701, 83528
30.5715, 83528
30.5729, 83528
30.5742, 83528
30.5755, 83528
30.5768, 83528
30.5781, 83528
30.5794, 83528
30.5807, 83528
30.582, 83528
30.5833, 83528
30.5845, 83528
30.5858, 83528
30.587, 83528
30.5882, 83528
30.5894, 83528
30.5905, 83528
30.5917, 83528
30.5928, 83528
30.594, 83528
30.5952, 83528
30.5966, 83528
30.5977, 83528
30.5989, 83528
30.6001, 83528
30.6013, 83528
30.6026, 83528
30.604, 83528
30.6053, 83528
30.6066, 83528
30.6081, 83528
30.6094, 83528
30.6107, 83528
30.612, 83528
30.6133, 83528
30.6145, 83528
30.6158, 83528
30.6171, 83528
30.6183, 83528
30.6195, 83528
30.6208, 83528
30.6222, 83528
30.6236, 83528
30.6249, 83528
30.6262, 83744
30.6275, 83744
30.6287, 83744
30.63, 83744
30.6313, 83744
30.6325, 83744
30.6338, 83744
30.635, 83744
30.6363, 83744
30.6377, 83744
30.6392, 83744
30.6407, 83744
30.6421, 83744
30.6435, 83744
30.6448, 83744
30.6461, 83744
30.6474, 83744
30.6488, 83744
30.6502, 83744
30.6516, 83960
30.6532, 83960
30.6545, 83960
30.6559, 83960
30.6573, 83960
30.6586, 83960
30.6599, 83744
30.6612, 83744
30.6626, 83744
30.6639, 83744
30.6652, 83744
30.6665, 83744
30.6678, 83744
30.669, 83960
30.6703, 83960
30.6715, 83960
30.6727, 83960
30.6739, 83960
30.6753, 83960
30.6767, 83960
30.6779, 83960
30.6791, 83960
30.6803, 83960
30.6814, 83960
30.6826, 83960
30.6838, 83960
30.6851, 83744
30.6864, 83744
30.6876, 83744
30.6888, 83744
30.6901, 83744
30.6914, 83744
30.6927, 83744
30.6939, 83744
30.6951, 83744
30.6963, 83744
30.6974, 83744
30.6986, 83744
30.6998, 83744
30.7012, 83744
30.7027, 83528
30.7041, 83528
30.7055, 83528
30.7068, 83528
30.7081, 83528
30.7095, 83528
30.7107, 83528
30.712, 83528
30.7133, 83528
30.7148, 83528
30.7162, 83528
30.7175, 83528
30.7188, 83528
30.7201, 83312
30.7213, 83312
30.7225, 83312
30.7236, 83312
30.7248, 83312
30.726, 83312
30.7272, 83312
30.7284, 83096
30.7296, 83096
30.7307, 83096
30.7319, 83096
30.7331, 83096
30.7345, 83096
30.7358, 83096
30.7372, 83096
30.7392, 83096
30.7407, 83096
30.7421, 83096
30.7434, 83096
30.7448, 83096
30.7462, 83096
30.7476, 83096
30.7489, 83096
30.7501, 83096
30.7514, 83096
30.7525, 83096
30.7537, 83096
30.7549, 83096
30.7561, 83096
30.7573, 83096
30.7586, 83096
30.76, 83096
30.7613, 83096
30.7627, 83312
30.764, 83312
30.7653, 83312
30.7665, 83312
30.7677, 83312
30.769, 83312
30.7703, 83960
30.7718, 83960
30.7732, 83960
30.7746, 83960
30.776, 83960
30.7774, 83960
30.7788, 84608
30.7802, 84608
30.7815, 84608
30.7828, 84608
30.7842, 84608
30.7855, 84608
30.7868, 84608
30.7881, 84824
30.7894, 84824
30.7905, 84824
30.7918, 84824
30.793, 84824
30.7943, 84824
30.796, 84824
30.7973, 84824
30.7986, 84824
30.7998, 84824
30.801, 84824
30.8023, 84824
30.8037, 84824
30.8051, 85040
30.8065, 85040
30.808, 85040
30.8094, 85040
30.8108, 85040
30.8121, 85040
30.8134, 85472
30.8147, 85472
30.816, 85472
30.8174, 85472
30.8188, 85472
30.82, 85472
30.8211, 85472
30.8222, 85688
30.8234, 85688
30.8246, 85688
30.8258, 85688
30.8272, 85688
30.8287, 85688
30.83, 85688
30.8313, 85256
30.8326, 85256
30.8339, 85256
30.8352, 85256
30.8363, 85256
30.8375, 85256
30.8387, 85256
30.8399, 85688
30.841, 85688
30.8422, 85688
30.8434, 85688
30.8446, 85688
30.8458, 85688
30.847, 85688
30.8481, 85904
30.8492, 85904
30.8503, 85904
30.8515, 85904
30.8526, 85904
30.8537, 85904
30.8548, 85904
30.8559, 85256
30.8571, 85256
30.8582, 85256
30.8593, 85256
30.8606, 85256
30.8619, 85256
30.8632, 85256
30.8646, 85040
30.8658, 85040
30.8671, 85040
30.8684, 85040
30.8697, 85040
30.8709, 85040
30.8722, 85040
30.8735, 85688
30.8747, 85688
30.8761, 85688
30.8775, 85688
30.8788, 85688
30.8801, 85688
30.8814, 85904
30.8828, 85904
30.884, 85904
30.8852, 85904
30.8864, 85904
30.8876, 85904
30.8889, 85904
30.8901, 85904
30.8914, 85904
30.8928, 85904
30.8941, 85904
30.8954, 85904
30.8966, 85904
30.8977, 85904
30.899, 86120
30.9004, 86120
30.9019, 86120
30.9033, 86120
30.9048, 86120
30.9061, 86120
30.9074, 86120
30.9086, 86120
30.9099, 86120
30.9112, 86120
30.9124, 86120
30.9137, 86120
30.9151, 86120
30.9164, 85688
30.9177, 85688
30.9191, 85688
30.9205, 85688
30.9221, 85688
30.9236, 85688
30.9251, 85256
30.9265, 85256
30.9279, 85256
30.9295, 85256
30.9311, 85256
30.9327, 85040
30.9344, 85040
30.9359, 85040
30.9381, 85040
30.9395, 85040
30.9409, 85040
30.9422, 85040
30.9435, 85040
30.9449, 85040
30.9463, 85040
30.9477, 85040
30.9491, 85040
30.9505, 84824
30.9519, 84824
30.9532, 84824
30.9546, 84824
30.9559, 84824
30.9574, 84824
30.9588, 84824
30.9602, 84824
30.9617, 84824
30.9632, 84824
30.9648, 84824
30.9663, 84824
30.9677, 84608
30.9691, 84608
30.9706, 84608
30.9722, 84608
30.9738, 84608
30.9754, 84608
30.9768, 84608
30.9783, 84608
30.9798, 84608
30.9812, 84608
30.9826, 84608
30.984, 84608
30.9854, 84608
30.9867, 84608
30.9882, 84608
30.9929, 84392
30.9944, 84392
30.9958, 84392
30.9973, 84392
30.9988, 84392
31.0003, 84392
31.0018, 84176
31.0036, 84176
31.005, 84176
31.0064, 84176
31.0078, 84176
31.0091, 84176
31.0105, 84176
31.0118, 84176
31.0131, 84176
31.0145, 84176
31.0158, 84176
31.0171, 84176
31.0184, 84824
31.0198, 84824
31.0213, 84824
31.0227, 84824
31.0241, 84824
31.0254, 84824
31.0268, 85040
31.0282, 85040
31.0297, 85040
31.031, 85040
31.0324, 85040
31.0339, 85040
31.0354, 85256
31.0367, 85256
31.0382, 85256
31.0396, 85256
31.0465, 85256
31.0479, 85256
31.0492, 85256
31.0506, 85256
31.0519, 85256
31.0532, 85472
31.0546, 85472
31.0559, 85472
31.0572, 85472
31.0585, 85472
31.06, 85472
31.0616, 85688
31.063, 85688
31.0644, 85688
31.0658, 85688
31.0674, 85688
31.0688, 85688
31.0708, 85688
31.0722, 85688
31.0735, 85688
31.0746, 85688
31.0758, 85688
31.0769, 85688
31.0781, 85688
31.0793, 85688
31.0804, 85688
31.0815, 85688
31.0826, 85688
31.0837, 85688
31.085, 85688
31.0861, 85688
31.0873, 85904
31.0884, 85904
31.0895, 85904
31.0906, 85904
31.0918, 85904
31.0929, 85904
31.0941, 85904
31.0952, 85688
31.0963, 85688
31.0975, 85688
31.0986, 85688
31.0997, 85688
31.1008, 85688
31.1019, 85688
31.103, 85688
31.1041, 85472
31.1052, 85472
31.1063, 85472
31.1074, 85472
31.1085, 85472
31.1096, 85472
31.1107, 85472
31.1118, 85040
31.1129, 85040
31.114, 85040
31.1151, 85040
31.1163, 85040
31.1174, 85040
31.1185, 85040
31.1196, 85040
31.1207, 84824
31.1218, 84824
31.1229, 84824
31.124, 84824
31.1252, 84824
31.1263, 84824
31.1274, 84824
31.1285, 84824
31.1297, 84608
31.1308, 84608
31.1319, 84608
31.133, 84608
31.1341, 84608
31.1352, 84608
31.1363, 84608
31.1374, 84608
31.1385, 84608
31.1397, 84608
31.1408, 84608
31.1419, 84608
31.143, 84608
31.1441, 84608
31.1453, 84608
31.1465, 84392
31.1477, 84392
31.1491, 84392
31.1508, 84392
31.1522, 84392
31.1535, 84392
31.1548, 84392
31.156, 84392
31.1575, 84392
31.1663, 84176
31.1679, 84176
31.1694, 84176
31.1706, 84176
31.1718, 84176
31.173, 84176
31.1742, 84176
31.1755, 84176
31.1771, 84176
31.1825, 84176
31.1838, 84176
31.1861, 84176
31.1874, 84176
31.1886, 83960
31.1898, 83960
31.191, 83960
31.1922, 83960
31.1933, 83960
31.1946, 83960
31.1959, 83960
31.1971, 83960
31.1984, 83960
31.1997, 83960
31.2009, 83960
31.2021, 83960
31.2033, 83960
31.2044, 83960
31.2056, 83960
31.2069, 83960
31.2081, 83960
31.2094, 83960
31.2107, 83960
31.2119, 83960
31.2133, 83960
31.2146, 83960
31.2157, 83960
31.2169, 83960
31.218, 83960
31.2192, 83960
31.2204, 83960
31.2222, 83744
31.2241, 83744
31.2253, 83744
31.2268, 83744
31.2295, 83744
31.2322, 83744
31.2336, 83744
31.2349, 83744
31.2362, 83744
31.2374, 83744
31.2385, 83744
31.2396, 83744
31.2407, 84176
31.2418, 84176
31.243, 84176
31.2456, 84176
31.2469, 84176
31.2491, 84392
31.2504, 84392
31.2517, 84392
31.2529, 84392
31.2541, 84392
31.2552, 84392
31.2564, 84392
31.2575, 84824
31.2586, 84824
31.2598, 84824
31.2609, 84824
31.262, 84824
31.2632, 84824
31.2643, 84824
31.2655, 84608
31.2666, 84608
31.2678, 84608
31.2689, 84608
31.2701, 84608
31.2712, 84608
31.2724, 84608
31.2738, 84608
31.2752, 83960
31.2764, 83960
31.2776, 83960
31.2789, 83960
31.2802, 83960
31.2814, 83960
31.2826, 83744
31.2837, 83744
31.2849, 83744
31.286, 83744
31.2872, 83744
31.2883, 83744
31.2895, 83744
31.2906, 83744
31.292, 83744
31.2934, 83744
31.3014, 83528
31.3069, 83528
31.3083, 83528
31.3095, 83528
31.3107, 83528
31.3118, 83528
31.313, 83528
31.3142, 83528
31.3153, 83528
31.3165, 83528
31.3176, 83528
31.3188, 83528
31.32, 83528
31.3213, 83528
31.3227, 83528
31.3242, 83528
31.3262, 83528
31.3277, 83528
31.329, 83528
31.3303, 83528
31.3314, 83528
31.3326, 83528
31.3337, 83312
31.3349, 83312
31.336, 83312
31.3372, 83312
31.3383, 83312
31.3395, 83312
31.3409, 83312
31.3421, 83312
31.3433, 83312
31.3446, 83312
31.346, 83312
31.3474, 83312
31.3487, 83312
31.3501, 83312
31.3514, 83312
31.3574, 83312
31.3588, 83312
31.36, 83096
31.3615, 83096
31.3628, 83096
31.3639, 83096
31.3651, 83096
31.3662, 83096
31.3674, 83096
31.3685, 83096
31.3697, 83096
31.3708, 83096
31.372, 83096
31.3731, 83096
31.3759, 83096
31.3772, 82880
31.3784, 82880
31.3796, 82880
31.3807, 82880
31.3819, 82880
31.3831, 82880
31.3842, 82880
31.3854, 82448
31.3865, 82448
31.3876, 82448
31.3888, 82448
31.3899, 82448
31.3911, 82448
31.3922, 82448
31.3933, 82448
31.3944, 82232
31.3956, 82232
31.3968, 82232
31.3979, 82232
31.399, 82232
31.4001, 82232
31.4013, 82232
31.4024, 82664
31.4035, 82664
31.4046, 82664
31.4057, 82664
31.4068, 82664
31.4079, 82664
31.409, 82664
31.4102, 82664
31.4113, 82880
31.4124, 82880
31.4135, 82880
31.4146, 82880
31.4157, 82880
31.4168, 82880
31.4179, 82880
31.4191, 83096
31.4202, 83096
31.4213, 83096
31.4225, 83096
31.4236, 83096
31.4248, 83096
31.4259, 83096
31.427, 83096
31.4281, 83096
31.4292, 83096
31.4303, 83096
31.4314, 83096
31.4326, 83096
31.4338, 83096
31.4351, 83096
31.4363, 82664
31.4376, 82664
31.4388, 82664
31.44, 82664
31.4413, 82664
31.4425, 82664
31.4438, 82664
31.4451, 82448
31.4463, 82448
31.4476, 82448
31.4489, 82448
31.4501, 82448
31.4514, 82448
31.4526, 82448
31.454, 82664
31.4561, 82664
31.4578, 82664
31.4601, 82664
31.4616, 82448
31.463, 82448
31.4643, 82448
31.4655, 82448
31.4667, 82448
31.4679, 82448
31.4692, 82448
31.4705, 82232
31.4717, 82232
31.473, 82232
31.4743, 82232
31.4757, 82232
31.4769, 82232
31.4781, 82232
31.4793, 82016
31.4805, 82016
31.4817, 82016
31.4829, 82016
31.484, 82016
31.4852, 82016
31.4864, 82016
31.4876, 82016
31.4888, 82016
31.49, 82016
31.4912, 82016
31.4925, 82016
31.4936, 82016
31.495, 82016
31.4962, 82016
31.4973, 82016
31.4985, 82016
31.4996, 82016
31.5007, 82016
31.5019, 82016
31.5032, 82016
31.5044, 82232
31.5056, 82232
31.5068, 82232
31.5082, 82232
31.5094, 82232
31.5105, 82232
31.5117, 82232
31.5128, 82232
31.514, 82448
31.5152, 82448
31.5164, 82448
31.5177, 82448
31.5189, 82448
31.5203, 82448
31.5217, 82664
31.5229, 82664
31.5241, 82664
31.5253, 82664
31.5264, 82664
31.5276, 82664
31.5289, 82664
31.5301, 82448
31.5314, 82448
31.5326, 82448
31.5338, 82448
31.535, 82448
31.5362, 82448
31.5373, 82448
31.5385, 82448
31.5396, 82448
31.5408, 82448
31.5423, 82448
31.5435, 82448
31.5447, 82448
31.546, 82448
31.5474, 82232
31.5486, 82232
31.5497, 82232
31.5509, 82232
31.5526, 82232
31.5539, 82232
31.5554, 82232
31.5566, 82232
31.5578, 82232
31.559, 82232
31.5601, 82232
31.5613, 82232
31.5625, 82232
31.5637, 82232
31.5648, 82016
31.566, 82016
31.5672, 82016
31.5683, 82016
31.5695, 82016
31.5706, 82016
31.5718, 82016
31.5729, 82016
31.5741, 82016
31.5753, 82016
31.5764, 82016
31.5776, 82016
31.5787, 82016
31.5799, 82016
31.581, 82016
31.5822, 82016
31.5835, 82016
31.5847, 82016
31.5859, 82016
31.587, 82016
31.5882, 82016
31.5894, 82016
31.5906, 81800
31.5918, 81800
31.593, 81800
31.5941, 81800
31.5953, 81800
31.5965, 81800
31.5976, 81800
31.5988, 81800
31.6, 81800
31.6012, 81800
31.6024, 81800
31.6036, 81800
31.6047, 81800
31.6059, 81800
31.6071, 81800
31.6083, 81800
31.6094, 81800
31.6106, 81800
31.6118, 81800
31.613, 81800
31.6142, 81800
31.6155, 81584
31.6167, 81584
31.6179, 81584
31.6191, 81584
31.6203, 81584
31.6215, 81584
31.6227, 81584
31.6238, 81584
31.625, 81584
31.6261, 81584
31.6273, 81584
31.6285, 81584
31.6297, 81584
31.6309, 81584
31.632, 81584
31.6332, 81584
31.6343, 81584
31.6355, 81584
31.6366, 81584
31.6378, 81584
31.6389, 81584
31.64, 81584
31.6412, 81584
31.6423, 81584
31.6435, 81584
31.6446, 81584
31.6457, 81584
31.647, 81584
31.6481, 81584
31.6493, 81584
31.6504, 81584
31.6516, 81584
31.6527, 81584
31.6539, 81584
31.6551, 81584
31.6562, 81584
31.6574, 81584
31.6585, 81368
31.6597, 81368
31.6609, 81368
31.6621, 81368
31.6632, 81368
31.6644, 81368
31.6655, 81368
31.6667, 81368
31.6678, 81368
31.669, 81368
31.6701, 81368
31.6713, 81368
31.6725, 81368
31.6736, 81368
31.6747, 81368
31.6759, 81368
31.677, 81368
31.6782, 81368
31.6794, 81368
31.6806, 81368
31.6817, 81368
31.6829, 81368
31.684, 81368
31.6852, 81368
31.6863, 81368
31.6875, 81368
31.6887, 81368
31.6898, 81368
31.691, 81368
31.6922, 81368
31.6933, 81368
31.6945, 81368
31.6959, 81368
31.6972, 81368
31.6984, 81368
31.6996, 81368
31.7007, 81368
31.7019, 81368
31.703, 81368
31.7042, 81368
31.7053, 81368
31.7065, 81368
31.7078, 81368
31.709, 81368
31.7103, 81368
31.7116, 81368
31.7128, 81368
31.7141, 81368
31.7152, 81368
31.7164, 81368
31.7177, 81368
31.7189, 81368
31.7201, 81368
31.7213, 81368
31.7225, 81368
31.7241, 81368
31.7255, 81368
31.7269, 81368
31.7284, 81368
31.7298, 81368
31.7316, 81368
31.733, 81368
31.7344, 81368
31.7357, 81368
31.7371, 81368
31.7385, 81368
31.7398, 81368
31.7412, 81368
31.7425, 81368
31.7437, 81368
31.745, 81368
31.7462, 81368
31.748, 81368
31.7495, 81368
31.7512, 81368
31.7526, 81368
31.7537, 81368
31.7549, 81368
31.7562, 81368
31.7574, 81368
31.7586, 81368
31.7597, 81368
31.7609, 82016
31.762, 82016
31.7632, 82016
31.7643, 82016
31.7654, 82016
31.7665, 82016
31.7677, 82016
31.7688, 82016
31.7699, 82016
31.7711, 82016
31.7723, 82016
31.7734, 82016
31.7748, 82016
31.776, 82016
31.7772, 82016
31.7785, 82232
31.7804, 82232
31.7816, 82232
31.7827, 82232
31.7839, 82232
31.785, 82232
31.7861, 82448
31.7873, 82448
31.7885, 82448
31.7896, 82448
31.7908, 82448
31.7921, 82448
31.7933, 82448
31.7947, 82448
31.7959, 82448
31.7977, 82448
31.7991, 82448
31.8004, 82448
31.8017, 82448
31.8029, 82448
31.8041, 82880
31.8054, 82880
31.8067, 82880
31.8081, 82880
31.8093, 82880
31.8107, 82880
31.812, 83096
31.8142, 83096
31.8159, 83096
31.8176, 83096
31.819, 83096
31.8207, 82880
31.8223, 82880
31.8243, 82880
31.8266, 82880
31.8291, 82880
31.8304, 82880
31.8317, 82880
31.833, 82880
31.8343, 82880
31.8355, 82880
31.8366, 82880
31.8378, 82448
31.8389, 82448
31.84, 82448
31.8412, 82448
31.8423, 82448
31.8436, 82448
31.8448, 82448
31.8461, 82232
31.8473, 82232
31.8485, 82232
31.8496, 82232
31.8508, 82232
31.852, 82232
31.8532, 82232
31.8544, 81800
31.8556, 81800
31.8568, 81800
31.8581, 81800
31.8593, 81800
31.8606, 81800
31.8618, 81800
31.863, 81584
31.8642, 81584
31.8653, 81584
31.8665, 81584
31.8677, 81584
31.8689, 81584
31.87, 81584
31.8712, 81368
31.8724, 81368
31.8736, 81368
31.8748, 81368
31.8761, 81368
31.8773, 81368
31.8786, 81368
31.8797, 81368
31.8809, 81152
31.8821, 81152
31.8833, 81152
31.8845, 81152
31.8857, 81152
31.8869, 81152
31.8881, 81152
31.8893, 81152
31.8905, 81152
31.8918, 81152
31.893, 81152
31.8941, 81152
31.8953, 81152
31.8966, 81152
31.8978, 81152
31.8989, 81152
31.9, 81152
31.9012, 81152
31.9023, 81152
31.9034, 81152
31.9046, 81152
31.9057, 81152
31.9068, 81152
31.908, 81152
31.9091, 81152
31.9102, 81152
31.9113, 81152
31.9125, 81152
31.917, 81152
31.9238, 81368
31.9251, 81368
31.9288, 81368
31.9301, 81368
31.9333, 81584
31.938, 81584
31.9401, 81800
31.9415, 81800
31.9427, 81800
31.9439, 81800
31.9451, 81800
31.9463, 81800
31.9475, 81800
31.9487, 82016
31.9499, 82016
31.9511, 82016
31.9523, 82016
31.9535, 82016
31.9547, 82016
31.9559, 82016
31.957, 82016
31.9582, 82016
31.9594, 82016
31.9606, 82016
31.9619, 82016
31.964, 82016
31.9653, 82016
31.9665, 82016
31.9676, 82016
31.9688, 82016
31.97, 82016
31.9712, 82016
31.9726, 82016
31.9738, 81800
31.975, 81800
31.9762, 81800
31.9774, 81800
31.9787, 81800
31.9799, 81800
31.9812, 81800
31.9825, 81800
31.9837, 81800
31.9849, 81800
31.9862, 81800
31.9874, 81800
31.9885, 81800
31.9897, 81800
31.9909, 81584
31.9921, 81584
31.9932, 81584
31.9945, 81584
31.9957, 81584
31.9969, 81584
31.9981, 81584
31.9993, 81584
32.0005, 81584
32.0018, 81584
32.0036, 81584
32.0049, 81584
32.006, 81584
32.0072, 81584
32.0084, 81584
32.0096, 81584
32.0108, 81584
32.012, 81584
32.0131, 81584
32.0143, 81584
32.0155, 81584
32.0166, 81368
32.0178, 81368
32.019, 81368
32.0201, 81368
32.0228, 81368
32.0243, 81368
32.027, 81584
32.0286, 81584
32.0306, 81584
32.0325, 81584
32.0342, 82016
32.0361, 82016
32.0385, 82016
32.0399, 82016
32.0412, 82016
32.0424, 82448
32.0437, 82448
32.0449, 82448
32.0462, 82448
32.0474, 82448
32.0486, 82448
32.0498, 82448
32.051, 82016
32.0522, 82016
32.0533, 82016
32.0545, 82016
32.0579, 81584
32.0653, 81584
32.0667, 81584
32.068, 81152
32.0693, 81152
32.0709, 81152
32.075, 81152
32.0767, 81152
32.078, 81152
32.0793, 81152
32.0805, 81152
32.0818, 81152
32.083, 81152
32.0842, 81152
32.0854, 80936
32.0867, 80936
32.0879, 80936
32.0891, 80936
32.0903, 80936
32.0915, 80936
32.0928, 80936
32.094, 80936
32.0952, 80936
32.0964, 80936
32.0977, 80936
32.0989, 80936
32.1004, 80936
32.1027, 80936
32.1056, 80936
32.1075, 80936
32.1087, 80936
32.1099, 80936
32.1113, 80720
32.1125, 80720
32.1136, 80720
32.1148, 80720
32.116, 80720
32.1172, 80720
32.1208, 80504
32.1221, 80504
32.1233, 80504
32.1279, 80720
32.1296, 80720
32.1309, 80720
32.1325, 80720
32.134, 80720
32.1354, 80720
32.1368, 80720
32.138, 80720
32.1393, 80720
32.1405, 80720
32.1417, 80720
32.1429, 80720
32.144, 80720
32.1452, 80720
32.1463, 80720
32.1475, 80720
32.1486, 80720
32.1498, 80720
32.1509, 80720
32.1521, 80720
32.1532, 80720
32.1543, 80720
32.1555, 80720
32.1566, 80720
32.1578, 80720
32.1589, 80720
32.1601, 80720
32.1613, 80720
32.1625, 80504
32.1636, 80504
32.1648, 80504
32.1659, 80504
32.1671, 80504
32.1683, 80504
32.1694, 80504
32.1706, 80504
32.1717, 80504
32.1729, 80504
32.174, 80504
32.1752, 80504
32.1763, 80504
32.1775, 80504
32.1787, 80504
32.1799, 80504
32.181, 80504
32.1822, 80504
32.1833, 80504
32.1845, 80504
32.1856, 80504
32.1868, 80504
32.1879, 80504
32.1891, 80504
32.1903, 80504
32.1914, 80504
32.1926, 80504
32.1938, 80504
32.1949, 80504
32.1961, 80288
32.1973, 80288
32.1985, 80288
32.1997, 80288
32.2009, 80288
32.202, 80288
32.2032, 80288
32.2043, 80288
32.2055, 80288
32.2066, 80288
32.2078, 80288
32.2089, 80288
32.21, 80288
32.2112, 80288
32.2123, 80288
32.2135, 80288
32.2146, 80288
32.2158, 80288
32.2169, 80288
32.218, 80288
32.2192, 80288
32.2203, 80288
32.2245, 80288
32.2292, 80288
32.2308, 80288
32.2326, 80288
32.2343, 80288
32.2358, 80288
32.2373, 80288
32.2387, 80288
32.24, 80288
32.2412, 80288
32.2425, 80288
32.2437, 80288
32.2448, 80288
32.246, 80288
32.2472, 80072
32.2483, 80072
32.2494, 80072
32.2506, 80072
32.252, 80072
32.2532, 80072
32.2543, 80072
32.2555, 79856
32.2566, 79856
32.2578, 79856
32.2589, 79856
32.2601, 79856
32.2612, 79856
32.2623, 79856
32.2635, 79856
32.2646, 79856
32.2658, 79856
32.2669, 79856
32.2681, 79856
32.2692, 79856
32.2703, 79856
32.2715, 79856
32.2726, 79856
32.2738, 79856
32.2749, 79856
32.2761, 79856
32.2772, 79856
32.2784, 79856
32.2795, 79856
32.2807, 79856
32.2818, 79856
32.283, 79856
32.2841, 79856
32.2853, 79856
32.2864, 79856
32.2876, 79856
32.2887, 79856
32.2899, 79640
32.291, 79640
32.2922, 79640
32.2933, 79640
32.2945, 79640
32.2956, 79640
32.2967, 79640
32.2979, 79640
32.299, 79640
32.3002, 79640
32.3013, 79640
32.3025, 79640
32.3036, 79640
32.3048, 79640
32.3059, 79640
32.3072, 79640
32.3083, 79640
32.3095, 79640
32.3106, 79640
32.3118, 79640
32.3129, 79640
32.3141, 79640
32.3152, 79640
32.3164, 79640
32.3175, 79640
32.3187, 79640
32.3198, 79640
32.3209, 79640
32.3221, 79640
32.3233, 79640
32.3245, 79424
32.3256, 79424
32.3268, 79424
32.3279, 79424
32.3291, 79424
32.3333, 79424
32.3379, 79424
32.3462, 79640
32.3478, 79640
32.3491, 79640
32.3503, 79856
32.3514, 79856
32.3526, 79856
32.3539, 79856
32.3552, 79856
32.3565, 79856
32.3577, 80072
32.359, 80072
32.3604, 80072
32.3618, 80072
32.3632, 80072
32.3645, 80072
32.3658, 80072
32.367, 80072
32.3685, 80072
32.3698, 80072
32.371, 80072
32.3722, 80072
32.3735, 80072
32.3747, 80288
32.376, 80288
32.3772, 80288
32.3785, 80288
32.3798, 80288
32.381, 80288
32.3822, 80288
32.3835, 80072
32.3847, 80072
32.386, 80072
32.3874, 80072
32.3887, 80072
32.3899, 80072
32.3913, 80072
32.3925, 80072
32.3937, 80072
32.395, 80072
32.3963, 80072
32.3975, 80072
32.3987, 80072
32.4, 80072
32.4012, 80288
32.4025, 80288
32.4037, 80288
32.405, 80288
32.4062, 80288
32.4074, 80288
32.4086, 80288
32.4099, 80288
32.4113, 80288
32.4126, 80288
32.4139, 80288
32.4153, 80288
32.4166, 80288
32.4179, 80288
32.4192, 80288
32.4205, 80288
32.4217, 80288
32.4229, 80288
32.4242, 80288
32.4254, 80288
32.4267, 80072
32.4279, 80072
32.4291, 80072
32.4304, 80072
32.4317, 80072
32.4329, 80072
32.4342, 80072
32.4354, 80288
32.4367, 80288
32.4379, 80288
32.4394, 80288
32.4406, 80288
32.4419, 80288
32.4432, 80072
32.4445, 80072
32.4457, 80072
32.4468, 80072
32.448, 80072
32.4491, 80072
32.4502, 80072
32.4514, 80072
32.4525, 80072
32.4537, 80072
32.4548, 80072
32.4559, 80072
32.4571, 80072
32.4582, 80072
32.4594, 80072
32.4605, 79856
32.4616, 79856
32.4628, 79856
32.4639, 79856
32.4651, 79856
32.4662, 79856
32.4673, 79856
32.4685, 79856
32.4696, 79856
32.4708, 79856
32.4719, 79856
32.473, 79856
32.4742, 79856
32.4753, 79856
32.4765, 79856
32.4776, 79640
32.4788, 79640
32.4799, 79640
32.481, 79640
32.4822, 79640
32.4834, 79640
32.4845, 79640
32.4856, 79640
32.4868, 79640
32.488, 79640
32.4891, 79640
32.4902, 79640
32.4914, 79640
32.4925, 79640
32.4937, 79640
32.4948, 79640
32.496, 79640
32.4971, 79640
32.4982, 79640
32.4994, 79640
32.5005, 79640
32.5017, 79640
32.5028, 79424
32.504, 79424
32.5051, 79424
32.5063, 79424
32.5074, 79424
32.5086, 79424
32.5097, 79424
32.5108, 79424
32.512, 79424
32.5131, 79424
32.5143, 79424
32.5156, 79424
32.5168, 79424
32.518, 79424
32.5191, 79424
32.5203, 79424
32.5214, 79424
32.5226, 79424
32.5237, 79424
32.5249, 79424
32.526, 79424
32.5272, 79424
32.5283, 79424
32.5294, 79424
32.5306, 79424
32.5317, 79424
32.5329, 79424
32.534, 79424
32.5353, 79424
32.5364, 79424
32.5376, 79640
32.5387, 79640
32.5399, 79640
32.541, 79640
32.5422, 79640
32.5433, 79640
32.5445, 79640
32.5456, 79424
32.5467, 79424
32.5479, 79424
32.549, 79424
32.5502, 79424
32.5513, 79424
32.5524, 79424
32.5536, 79424
32.5547, 79208
32.5559, 79208
32.557, 79208
32.5581, 79208
32.5593, 79208
32.5604, 79208
32.5616, 79208
32.5627, 79208
32.5638, 79208
32.565, 79208
32.5661, 79208
32.5673, 79208
32.5684, 79208
32.5696, 79208
32.5707, 79208
32.5718, 79208
32.573, 79208
32.5741, 79208
32.5753, 79208
32.5765, 79208
32.5776, 79208
32.5787, 79208
32.5799, 79208
32.581, 79208
32.5822, 79208
32.5833, 79208
32.5845, 79208
32.5856, 79208
32.5868, 79208
32.588, 79208
32.5891, 79208
32.5903, 79208
32.5915, 79208
32.5926, 79208
32.5937, 79208
32.5949, 79208
32.596, 79208
32.5972, 79208
32.5983, 79208
32.5995, 79208
32.6006, 79208
32.6018, 79208
32.6029, 79208
32.604, 79208
32.6052, 78992
32.6063, 78992
32.6075, 78992
32.6086, 78992
32.6098, 78992
32.6109, 78992
32.612, 78992
32.6132, 78992
32.6143, 79208
32.6155, 79208
32.6166, 79208
32.6178, 79208
32.6189, 79208
32.6201, 79208
32.6212, 79208
32.6223, 78992
32.6235, 78992
32.6246, 78992
32.6257, 78992
32.6269, 78992
32.628, 78992
32.6292, 78992
32.6303, 78992
32.6314, 78992
32.6326, 78992
32.6337, 78992
32.6349, 78992
32.636, 78992
32.6371, 78992
32.6383, 78992
32.6394, 78992
32.6406, 78992
32.6417, 78992
32.6428, 78992
32.644, 78992
32.6451, 78992
32.6463, 78992
32.6474, 78992
32.6485, 78992
32.6497, 78992
32.6508, 78992
32.6519, 78992
32.6531, 78992
32.6542, 78992
32.6553, 78992
32.6565, 78992
32.6576, 78992
32.6588, 78992
32.6599, 78992
32.661, 78992
32.6622, 78992
32.6633, 78992
32.6644, 78992
32.6656, 78992
32.6667, 78992
32.6678, 78992
32.669, 78992
32.6701, 78992
32.6713, 78992
32.6724, 78992
32.6735, 78992
32.6747, 78992
32.6758, 78992
32.6769, 78992
32.6781, 78992
32.6792, 78992
32.6804, 78992
32.6815, 78992
32.6826, 78992
32.6838, 78992
32.6849, 78992
32.686, 78992
32.6872, 78992
32.6883, 78992
32.6894, 78992
32.6906, 78992
32.6917, 78992
32.6929, 78992
32.694, 78992
32.6952, 78992
32.6963, 78992
32.6975, 78992
32.6986, 78992
32.6997, 78776
32.7009, 78776
32.702, 78776
32.7031, 78776
32.7043, 78776
32.7054, 78776
32.7065, 78776
32.7077, 78992
32.7088, 78992
32.7099, 78992
32.7111, 78992
32.7122, 78992
32.7134, 78992
32.7145, 78992
32.7157, 78992
32.7168, 78992
32.718, 78992
32.7191, 78992
32.7203, 78992
32.7214, 78992
32.7226, 78992
32.7237, 78992
32.7248, 78776
32.726, 78776
32.7271, 78776
32.7283, 78776
32.7294, 78776
32.7305, 78776
32.7317, 78776
32.7328, 78776
32.734, 78776
32.7352, 78776
32.7363, 78776
32.7374, 78776
32.7386, 78776
32.7397, 78776
32.7409, 78776
32.742, 78776
32.7432, 78776
32.7443, 78776
32.7454, 78776
32.7466, 78776
32.7478, 78776
32.7489, 78776
32.75, 78776
32.7512, 78776
32.7523, 78776
32.7535, 78776
32.7546, 78776
32.7557, 78776
32.7569, 78776
32.758, 78776
32.7592, 78776
32.7603, 78776
32.7615, 78776
32.7626, 78776
32.7638, 78776
32.7649, 78776
32.766, 78776
32.7672, 78776
32.7683, 78776
32.7695, 78776
32.7706, 78776
32.7717, 78776
32.7729, 78776
32.774, 78776
32.7752, 78776
32.7763, 78776
32.7775, 78776
32.7786, 78776
32.7797, 78776
32.7809, 78776
32.782, 78776
32.7831, 78776
32.7843, 78776
32.7854, 78776
32.7866, 78776
32.7877, 78776
32.7888, 78776
32.79, 78776
32.7911, 78776
32.7923, 78776
32.7934, 78776
32.7946, 78776
32.7957, 78776
32.7968, 78776
32.798, 78776
32.7991, 78776
32.8003, 78776
32.8014, 78560
32.8026, 78560
32.8037, 78560
32.8048, 78560
32.806, 78560
32.8072, 78560
32.8083, 78560
32.8095, 78560
32.8106, 78776
32.8117, 78776
32.8129, 78776
32.814, 78776
32.8152, 78776
32.8163, 78776
32.8174, 78776
32.8185, 78560
32.8197, 78560
32.8208, 78560
32.8219, 78560
32.8231, 78560
32.8242, 78560
32.8254, 78560
32.8265, 78560
32.8277, 78560
32.8288, 78560
32.8299, 78560
32.8311, 78560
32.8322, 78560
32.8334, 78560
32.8345, 78560
32.8357, 78560
32.8368, 78560
32.8379, 78560
32.8391, 78560
32.8402, 78560
32.8414, 78560
32.8425, 78560
32.8437, 78560
32.8448, 78560
32.8459, 78560
32.8471, 78560
32.8482, 78560
32.8494, 78560
32.8505, 78560
32.8517, 78560
32.8528, 78560
32.854, 78560
32.8551, 78560
32.8563, 78560
32.8574, 78560
32.8585, 78560
32.8597, 78560
32.8608, 78560
32.8619, 78560
32.8633, 78560
32.8644, 78560
32.8656, 78560
32.8668, 78560
32.868, 78560
32.8692, 78560
32.8705, 78560
32.8717, 78560
32.873, 78560
32.8741, 78560
32.894, 78560
32.8954, 78992
32.8967, 78992
32.8979, 78992
32.8992, 78992
32.9003, 78992
32.9015, 78992
32.9027, 78992
32.9039, 79208
32.9055, 79208
32.907, 79208
32.9082, 79208
32.9094, 79208
32.9106, 79208
32.9119, 79208
32.9133, 79208
32.9146, 79208
32.9158, 79208
32.917, 79208
32.9181, 79208
32.9193, 79208
32.9205, 79208
32.9217, 79208
32.9229, 79208
32.9241, 79208
32.9253, 79208
32.9265, 79208
32.9277, 79208
32.9289, 79208
32.93, 79208
32.9312, 79208
32.9324, 79208
32.9336, 79208
32.9348, 79208
32.9364, 79208
32.944, 79424
32.9456, 79424
32.947, 79424
32.9481, 79424
32.9493, 79424
32.9505, 79424
32.9517, 79424
32.9529, 79424
32.954, 79424
32.9552, 79424
32.9563, 79424
32.9575, 79424
32.9586, 79424
32.9598, 79424
32.961, 79424
32.9622, 79424
32.9634, 79424
32.9647, 79424
32.9661, 79424
32.9676, 79424
32.9691, 79424
32.9704, 79424
32.9718, 79424
32.9732, 79424
32.9746, 79424
32.976, 79424
32.9773, 79424
32.9787, 79424
32.9801, 79424
32.9814, 79640
32.9827, 79640
32.984, 79640
32.9854, 79640
32.9865, 79640
32.9877, 79640
32.9888, 79640
32.99, 79640
32.9912, 79640
32.9923, 79640
32.9935, 79640
32.9948, 79640
32.9962, 79640
32.9975, 79640
32.9987, 79640
33, 79640
33.0013, 79640
33.0025, 79640
33.0037, 79640
33.005, 79640
33.0062, 79640
33.0075, 79640
33.0087, 79640
33.01, 79640
33.0112, 79640
33.0125, 79640
33.0137, 79640
33.015, 79424
33.0162, 79424
33.0174, 79424
33.0187, 79424
33.0199, 79424
33.0212, 79424
33.0224, 79424
33.0236, 79424
33.0249, 79424
33.0261, 79424
33.0275, 79424
33.0287, 79424
33.0299, 79424
33.0312, 79424
33.0325, 79640
33.0337, 79640
33.0349, 79640
33.0362, 79640
33.0374, 79640
33.0387, 79640
33.0399, 79640
33.0412, 79424
33.0424, 79424
33.0437, 79424
33.045, 79424
33.0463, 79424
33.0476, 79424
33.0488, 79640
33.0501, 79640
33.0514, 79640
33.0526, 79640
33.0538, 79640
33.0551, 79640
33.0563, 79640
33.0576, 79424
33.0587, 79424
33.06, 79424
33.0613, 79424
33.0625, 79424
33.0637, 79424
33.065, 79424
33.0662, 79424
33.0675, 79424
33.0688, 79424
33.07, 79424
33.0712, 79424
33.0723, 79424
33.0734, 79424
33.0746, 79424
33.0757, 79424
33.0769, 79424
33.078, 79424
33.0791, 79424
33.0803, 79424
33.0814, 79424
33.0825, 79424
33.0837, 79424
33.0848, 79424
33.0859, 79424
33.0871, 79424
33.0882, 79424
33.0894, 79424
33.0905, 79424
33.0917, 79424
33.0928, 79424
33.094, 79424
33.0952, 79424
33.0963, 79424
33.0974, 79424
33.0986, 79424
33.0997, 79424
33.1009, 79208
33.102, 79208
33.1031, 79208
33.1043, 79208
33.1054, 79208
33.1066, 79208
33.1077, 79208
33.1089, 79208
33.11, 79208
33.1112, 79208
33.1123, 79208
33.1135, 79208
33.1146, 79208
33.1158, 79208
33.1169, 79208
33.118, 79208
33.1192, 79208
33.1203, 79208
33.1215, 79208
33.1226, 79208
33.1237, 79208
33.1249, 79208
33.126, 79208
33.1272, 79208
33.1283, 79208
33.1295, 79208
33.1306, 79208
33.1318, 79208
33.1329, 79208
33.134, 79208
33.1352, 79208
33.1363, 79208
33.1375, 79208
33.1386, 79208
33.1397, 79208
33.1409, 79208
33.142, 79208
33.1432, 79208
33.1443, 79208
33.1455, 79208
33.1466, 79208
33.1478, 79208
33.1489, 79208
33.1501, 79208
33.1512, 79208
33.1523, 78992
33.1535, 78992
33.1546, 78992
33.1558, 78992
33.1569, 78992
33.158, 78992
33.1592, 78992
33.1603, 78992
33.1614, 78992
33.1626, 78992
33.1637, 78992
33.1649, 78992
33.166, 78992
33.1672, 78992
33.1683, 78992
33.1695, 78992
33.1706, 78992
33.1717, 78992
33.1729, 78992
33.174, 78992
33.1752, 78992
33.1763, 78992
33.1775, 78992
33.1786, 78992
33.1798, 78992
33.1809, 78992
33.1821, 78992
33.1832, 78992
33.1843, 78992
33.1855, 78992
33.1868, 78992
33.1879, 78992
33.1891, 78992
33.1902, 78992
33.1914, 78992
33.1925, 78992
33.1937, 78992
33.1949, 78992
33.1961, 78992
33.1972, 78992
33.1984, 78992
33.1995, 78992
33.2007, 78992
33.2018, 78992
33.203, 78992
33.2041, 78992
33.2053, 78992
33.2064, 78992
33.2076, 78992
33.2087, 78992
33.2099, 78992
33.211, 78992
33.2122, 78992
33.2133, 78992
33.2144, 78992
33.2156, 78992
33.2167, 78992
33.2179, 78992
33.2191, 78992
33.2202, 78992
33.2214, 78992
33.2225, 78992
33.2237, 78992
33.2248, 78992
33.2259, 78992
33.2271, 78992
33.2282, 78992
33.2294, 78992
33.2305, 78992
33.2317, 78992
33.2328, 78992
33.234, 78992
33.2351, 78992
33.2363, 78992
33.2374, 78776
33.2386, 78776
33.2397, 78776
33.2409, 78776
33.242, 78776
33.2432, 78776
33.2443, 78776
33.2455, 78776
33.2466, 78776
33.2478, 78776
33.2489, 78776
33.2501, 78776
33.2512, 78776
33.2523, 78776
33.2535, 78776
33.2546, 78776
33.2558, 78776
33.2569, 78776
33.2581, 78776
33.2592, 78776
33.2604, 78776
33.2615, 78776
33.2626, 78776
33.2638, 78776
33.2649, 78776
33.2661, 78776
33.2672, 78776
33.2684, 78776
33.2695, 78776
33.2707, 78776
33.2718, 78776
33.2729, 78776
33.2741, 78776
33.2753, 78776
33.2766, 78776
33.2779, 78776
33.2793, 78776
33.2806, 78776
33.2819, 78776
33.2832, 78776
33.2844, 78776
33.2856, 78776
33.2868, 78776
33.2879, 78776
33.2891, 78776
33.2902, 78776
33.2914, 78776
33.2925, 78776
33.2937, 78776
33.2949, 78776
33.296, 78776
33.2971, 78776
33.2983, 78776
33.2995, 78776
33.3006, 78776
33.3018, 78776
33.3029, 78776
33.3041, 78776
33.3052, 78776
33.3064, 78776
33.3075, 78776
33.3087, 78776
33.3098, 78776
33.3109, 78776
33.3121, 78776
33.3132, 78776
33.3144, 78776
33.3155, 78776
33.3167, 78776
33.3178, 78776
33.319, 78776
33.3202, 78776
33.3213, 78776
33.3225, 78776
33.3236, 78776
33.3248, 78776
33.3259, 78776
33.3271, 78776
33.3283, 78776
33.3294, 78776
33.3305, 78776
33.3317, 78776
33.3328, 78776
33.334, 78776
33.3351, 78776
33.3363, 78776
33.3374, 78776
33.3386, 78776
33.3397, 78560
33.3409, 78560
33.342, 78560
33.3433, 78560
33.3444, 78560
33.3456, 78560
33.3467, 78560
33.3479, 78776
33.3491, 78776
33.3502, 78776
33.3514, 78776
33.3525, 78776
33.3537, 78776
33.3548, 78776
33.3559, 78776
33.3571, 78560
33.3582, 78560
33.3594, 78560
33.3606, 78560
33.3618, 78560
33.3629, 78560
33.3641, 78560
33.3652, 78776
33.3664, 78776
33.3675, 78776
33.3687, 78776
33.3698, 78776
33.371, 78776
33.3721, 78776
33.3732, 78776
33.3744, 78776
33.3755, 78776
33.3766, 78776
33.3778, 78776
33.3789, 78776
33.38, 78776
33.3812, 78776
33.3823, 78776
33.3835, 78776
33.3846, 78776
33.3857, 78776
33.3869, 78776
33.388, 78776
33.3892, 78776
33.3903, 78776
33.3915, 78776
33.3926, 78776
33.3938, 78776
33.3949, 78776
33.3961, 78776
33.3972, 78776
33.3983, 78776
33.3995, 78776
33.4006, 78776
33.4017, 78776
33.4029, 78776
33.404, 78776
33.4052, 78776
33.4063, 78776
33.4075, 78776
33.4086, 78776
33.4098, 78776
33.4109, 78776
33.412, 78776
33.4132, 78776
33.4143, 78776
33.4155, 78776
33.4166, 78776
33.4178, 78776
33.4189, 78776
33.4201, 78776
33.4212, 78776
33.4223, 78776
33.4235, 78776
33.4246, 78560
33.4258, 78560
33.4269, 78560
33.428, 78560
33.4292, 78560
33.4303, 78560
33.4315, 78560
33.4326, 78560
33.4338, 78560
33.4349, 78560
33.436, 78560
33.4372, 78560
33.4383, 78560
33.4395, 78560
33.4406, 78560
33.4418, 78560
33.4429, 78560
33.444, 78560
33.4452, 78560
33.4463, 78560
33.4475, 78560
33.4486, 78560
33.4498, 78560
33.4509, 78776
33.452, 78776
33.4532, 78776
33.4543, 78776
33.4555, 78776
33.4566, 78776
33.4577, 78776
33.4589, 78560
33.46, 78560
33.4612, 78560
33.4623, 78560
33.4635, 78560
33.4646, 78560
33.478, 78560
33.4795, 78560
33.4808, 78560
33.4819, 78560
33.4832, 78560
33.4844, 78776
33.4856, 78776
33.4868, 78776
33.488, 78776
33.4892, 78776
33.4904, 78776
33.4916, 78776
33.4928, 78776
33.494, 78776
33.4952, 78776
33.4964, 78776
33.4976, 78776
33.4987, 78776
33.4999, 78776
33.5011, 78992
33.5023, 78992
33.5037, 78992
33.5051, 78992
33.5065, 78992
33.5081, 78992
33.5096, 79208
33.5109, 79208
33.5124, 79208
33.5138, 79208
33.5152, 79208
33.5166, 79208
33.518, 79208
33.5194, 79208
33.5207, 79208
33.5221, 79208
33.5234, 79208
33.5245, 79208
33.5257, 79208
33.5268, 79424
33.528, 79424
33.5292, 79424
33.5303, 79424
33.5316, 79424
33.533, 79424
33.5343, 79424
33.5356, 79208
33.5369, 79208
33.5381, 79208
33.5394, 79208
33.5407, 79208
33.542, 79208
33.5433, 79208
33.5445, 79208
33.5458, 79208
33.547, 79208
33.5482, 79208
33.5495, 79208
33.5507, 79208
33.5519, 79208
33.5532, 79208
33.5544, 79208
33.5557, 79208
33.557, 79208
33.5583, 79208
33.5596, 79208
33.5609, 79424
33.5621, 79424
33.5635, 79424
33.5648, 79424
33.566, 79424
33.5673, 79424
33.5685, 79424
33.5698, 79424
33.571, 79424
33.5722, 79424
33.5735, 79424
33.5748, 79424
33.576, 79424
33.5773, 79424
33.5785, 79424
33.5798, 79424
33.5812, 79424
33.5825, 79424
33.5839, 79424
33.5852, 79424
33.5864, 79424
33.5877, 79424
33.589, 79424
33.5903, 79424
33.5916, 79424
33.5929, 79424
33.5942, 79424
33.5954, 79424
33.5967, 79424
33.5979, 79424
33.5993, 79424
33.6006, 79424
33.6019, 79424
33.6033, 79424
33.6046, 79424
33.6059, 79424
33.6072, 79424
33.6084, 79424
33.6097, 79424
33.6109, 79424
33.6121, 79424
33.6132, 79424
33.6143, 79424
33.6155, 79424
33.6166, 79424
33.6178, 79424
33.6189, 79424
33.6201, 79424
33.6212, 79424
33.6224, 79424
33.6235, 79424
33.6247, 79424
33.6258, 79424
33.627, 79424
33.6281, 79424
33.6293, 79208
33.6304, 79208
33.6316, 79208
33.6327, 79208
33.6338, 79208
33.635, 79208
33.6361, 79208
33.6373, 79208
33.6384, 79208
33.6396, 79208
33.6407, 79208
33.6419, 79208
33.643, 79208
33.6442, 79208
33.6453, 79208
33.6465, 79208
33.6476, 79208
33.6487, 79208
33.6499, 79208
33.651, 79208
33.6522, 79208
33.6533, 79208
33.6545, 79208
33.6556, 79208
33.6568, 79208
33.6579, 79208
33.6591, 79208
33.6603, 79208
33.6614, 79208
33.6626, 79208
33.6637, 79208
33.6649, 79208
33.666, 79208
33.6671, 79208
33.6683, 79208
33.6694, 79208
33.6706, 79208
33.6717, 79208
33.6728, 78992
33.674, 78992
33.6751, 78992
33.6763, 78992
33.6774, 78992
33.6786, 78992
33.6797, 78992
33.6809, 78992
33.682, 78992
33.6832, 78992
33.6844, 78992
33.6857, 78992
33.687, 78992
33.6882, 78992
33.6894, 78992
33.6906, 78992
33.6917, 78992
33.6929, 78992
33.6941, 78992
33.6953, 78992
33.6964, 78992
33.6976, 78992
33.6988, 78992
33.6999, 78992
33.7011, 78992
33.7022, 78992
33.7034, 78992
33.7046, 78992
33.7057, 78992
33.7069, 78776
33.708, 78776
33.7092, 78776
33.7104, 78776
33.7115, 78776
33.7127, 78776
33.7138, 78776
33.7149, 78776
33.7161, 78776
33.7173, 78776
33.7184, 78776
33.7196, 78776
33.7207, 78776
33.7218, 78776
33.723, 78776
33.7241, 78776
33.7253, 78776
33.7264, 78776
33.7276, 78776
33.7287, 78776
33.7299, 78776
33.731, 78776
33.7322, 78776
33.7333, 78776
33.7345, 78776
33.7356, 78776
33.7368, 78776
33.7379, 78776
33.7391, 78776
33.7403, 78776
33.7414, 78776
33.7425, 78776
33.7437, 78776
33.7449, 78776
33.7461, 78776
33.7472, 78776
33.7484, 78776
33.7495, 78776
33.7507, 78776
33.7518, 78776
33.753, 78776
33.7541, 78776
33.7552, 78776
33.7564, 78776
33.7575, 78776
33.7587, 78776
33.7599, 78776
33.7611, 78776
33.7622, 78776
33.7634, 78776
33.7645, 78776
33.7657, 78560
33.7668, 78560
33.7679, 78560
33.7691, 78560
33.7702, 78560
33.7714, 78560
33.7725, 78560
33.7736, 78560
33.7748, 78560
33.7759, 78560
33.7771, 78560
33.7782, 78560
33.7794, 78560
33.7805, 78560
33.7817, 78560
33.7828, 78560
33.784, 78560
33.7851, 78560
33.7863, 78560
33.7874, 78560
33.7886, 78560
33.7897, 78560
33.7909, 78560
33.792, 78560
33.7932, 78560
33.7943, 78560
33.7955, 78560
33.7967, 78560
33.7979, 78560
33.799, 78560
33.8001, 78560
33.8013, 78560
33.8024, 78560
33.8036, 78560
33.8047, 78560
33.8059, 78560
33.807, 78560
33.8082, 78560
33.8093, 78560
33.8105, 78560
33.8116, 78560
33.8128, 78560
33.814, 78560
33.8151, 78560
33.8163, 78560
33.8174, 78560
33.8186, 78560
33.8197, 78560
33.8209, 78560
33.8221, 78560
33.8234, 78560
33.8245, 78560
33.8257, 78560
33.8268, 78560
33.828, 78560
33.8292, 78560
33.8304, 78560
33.8316, 78560
33.8327, 78560
33.8339, 78560
33.835, 78560
33.8362, 78560
33.8374, 78560
33.8386, 78560
33.8398, 78560
33.8409, 78560
33.8421, 78560
33.8432, 78560
33.8444, 78560
33.8455, 78560
33.8468, 78560
33.848, 78560
33.8491, 78560
33.8503, 78560
33.8515, 78560
33.8526, 78560
33.8538, 78560
33.8549, 78560
33.856, 78560
33.8572, 78560
33.8583, 78560
33.8595, 78560
33.8606, 78560
33.8618, 78560
33.8629, 78560
33.8641, 78560
33.8653, 78560
33.8664, 78560
33.8676, 78560
33.8687, 78560
33.8699, 78560
33.871, 78560
33.8722, 78560
33.8733, 78560
33.8744, 78560
33.8756, 78560
33.8767, 78560
33.8778, 78560
33.879, 78560
33.8801, 78560
33.8812, 78560
33.8823, 78560
33.8835, 78560
33.8846, 78560
33.8858, 78560
33.8869, 78560
33.8881, 78560
33.8892, 78560
33.8904, 78560
33.8915, 78560
33.8926, 78560
33.8938, 78560
33.8949, 78560
33.8961, 78560
33.8972, 78560
33.8983, 78560
33.8995, 78560
33.9006, 78560
33.9018, 78560
33.9029, 78560
33.9041, 78560
33.9053, 78560
33.9065, 78560
33.9076, 78560
33.9088, 78560
33.9099, 78560
33.9111, 78560
33.9123, 78560
33.9134, 78560
33.9146, 78560
33.9157, 78560
33.9168, 78560
33.918, 78560
33.9192, 78560
33.9203, 78560
33.9214, 78560
33.9226, 78560
33.9237, 78560
33.9249, 78560
33.926, 78560
33.9272, 78560
33.9283, 78560
33.9294, 78560
33.9306, 78560
33.9317, 78560
33.9329, 78560
33.934, 78560
33.9352, 78560
33.9363, 78560
33.9375, 78560
33.9386, 78560
33.9398, 78560
33.9409, 78560
33.9421, 78560
33.9432, 78560
33.9443, 78560
33.9455, 78344
33.9466, 78344
33.9478, 78344
33.9489, 78344
33.9501, 78344
33.9512, 78344
33.9523, 78344
33.9535, 78344
33.9546, 78344
33.9558, 78344
33.9569, 78344
33.9581, 78344
33.9593, 78344
33.9605, 78344
33.9616, 78344
33.9628, 78344
33.9639, 78344
33.9651, 78344
33.9662, 78344
33.9674, 78344
33.9685, 78344
33.9697, 78344
33.9708, 78344
33.972, 78344
33.9731, 78344
33.9743, 78344
33.9754, 78344
33.9766, 78344
33.9777, 78344
33.9789, 78344
33.98, 78344
33.9811, 78344
33.9823, 78344
33.9834, 78344
33.9846, 78344
33.9857, 78344
33.9869, 78344
33.988, 78344
33.9892, 78344
33.9903, 78344
33.9914, 78344
33.9926, 78344
33.9937, 78344
33.9949, 78344
33.996, 78344
33.9971, 78344
33.9983, 78344
33.9994, 78344
34.0006, 78344
34.0017, 78344
34.0028, 78344
34.0039, 78344
34.0051, 78344
34.0062, 78344
34.0074, 78344
34.0085, 78344
34.0144, 78344
34.022, 78344
34.0259, 78344
34.0273, 78344
34.0285, 78344
34.0297, 78344
34.0309, 78560
34.032, 78560
34.0332, 78560
34.0344, 78560
34.0356, 78560
34.0368, 78560
34.0379, 78560
34.0406, 78560
34.0461, 78560
34.0474, 78776
34.0487, 78776
34.05, 78776
34.0512, 78776
34.0525, 78776
34.0538, 78776
34.0551, 78776
34.0564, 78992
34.0577, 78992
34.059, 78992
34.0602, 78992
34.0614, 78992
34.0626, 78992
34.0638, 78992
34.065, 79208
34.0662, 79208
34.0673, 79208
34.0685, 79208
34.0697, 79208
34.0709, 79208
34.072, 79208
34.0732, 78992
34.0743, 78992
34.0755, 78992
34.0766, 78992
34.0778, 78992
34.079, 78992
34.0801, 78992
34.0813, 78992
34.0824, 78992
34.0836, 78992
34.0849, 78992
34.0862, 78992
34.0875, 78992
34.0888, 78992
34.0901, 79208
34.0912, 79208
34.0924, 79208
34.0935, 79208
34.0947, 79208
34.0958, 79208
34.097, 79208
34.0981, 79208
34.0992, 79424
34.1004, 79424
34.1015, 79424
34.1027, 79424
34.1038, 79424
34.1049, 79424
34.1061, 79424
34.1073, 79640
34.1084, 79640
34.1096, 79640
34.1107, 79640
34.1119, 79640
34.1132, 79640
34.1144, 79640
34.1156, 79640
34.1167, 79640
34.1179, 79640
34.119, 79640
34.1202, 79640
34.1214, 79640
34.1226, 79640
34.1238, 79640
34.125, 80072
34.1264, 80072
34.1277, 80072
34.129, 80072
34.1305, 80072
34.132, 80072
34.1333, 79856
34.1345, 79856
34.1357, 79856
34.1368, 79856
34.138, 79856
34.1392, 79856
34.1403, 79856
34.1415, 80072
34.1429, 80072
34.1442, 80072
34.1455, 80072
34.1467, 80072
34.148, 80072
34.1492, 80072
34.1505, 80288
34.1517, 80288
34.153, 80288
34.1542, 80288
34.1555, 80288
34.1567, 80288
34.1581, 80288
34.1595, 80288
34.161, 80288
34.1625, 80288
34.1639, 80288
34.1654, 80288
34.1668, 80288
34.1684, 80288
34.1699, 80288
34.1714, 80288
34.173, 80288
34.1745, 80288
34.1759, 80504
34.1771, 80504
34.1784, 80504
34.1796, 80504
34.1808, 80504
34.1821, 80504
34.1833, 80504
34.1845, 80288
34.1858, 80288
34.187, 80288
34.1882, 80288
34.1895, 80288
34.1907, 80288
34.1919, 80288
34.1932, 80288
34.1944, 80288
34.1956, 80288
34.1969, 80288
34.1981, 80288
34.1993, 80288
34.2006, 80288
34.2018, 80288
34.203, 80288
34.2043, 80288
34.2055, 80288
34.2067, 80288
34.208, 80288
34.2092, 80288
34.2104, 80288
34.2117, 80288
34.2129, 80288
34.2141, 80288
34.2154, 80288
34.2166, 80288
34.2179, 80288
34.2192, 80288
34.2208, 80288
34.2222, 80288
34.2239, 80288
34.2253, 80288
34.2267, 80288
34.228, 80288
34.2292, 80288
34.2305, 80288
34.2318, 80288
34.233, 80288
34.2342, 80288
34.2355, 80504
34.2367, 80504
34.238, 80504
34.2393, 80504
34.2405, 80504
34.2417, 80504
34.243, 80504
34.2442, 80504
34.2454, 80504
34.2467, 80504
34.248, 80504
34.2494, 80504
34.2508, 80504
34.2522, 80720
34.2537, 80720
34.2552, 80720
34.2566, 80720
34.258, 80720
34.2593, 80720
34.2605, 80720
34.2618, 80720
34.263, 80720
34.2643, 80720
34.2655, 80720
34.2669, 80720
34.2682, 80720
34.2694, 80720
34.2707, 80720
34.2719, 80720
34.2732, 80720
34.2744, 80720
34.2757, 80720
34.277, 80720
34.2901, 80720
34.2916, 80720
34.2931, 80720
34.2945, 80720
34.2958, 80936
34.297, 80936
34.2983, 80936
34.2995, 80936
34.3008, 80936
34.3021, 80936
34.3033, 80936
34.3045, 80936
34.3058, 80936
34.307, 80936
34.3083, 80936
34.3095, 80936
34.3108, 80936
34.312, 80720
34.3133, 80720
34.3145, 80720
34.3158, 80720
34.317, 80720
34.3183, 80720
34.3197, 80720
34.321, 80720
34.3223, 80720
34.3235, 80720
34.3248, 80720
34.3261, 80720
34.3273, 80720
34.3285, 80720
34.3298, 80720
34.331, 80720
34.3323, 80720
34.3335, 80720
34.3347, 80720
34.336, 80720
34.3372, 80720
34.3385, 80720
34.3397, 80720
34.3409, 80720
34.3421, 80720
34.3433, 80720
34.3445, 80720
34.3459, 80720
34.3472, 80720
34.3485, 80720
34.3498, 80720
34.351, 80720
34.3522, 80720
34.3535, 80720
34.3547, 80720
34.356, 80720
34.3572, 80720
34.3584, 80720
34.3597, 80720
34.3609, 80720
34.3622, 80720
34.3634, 80936
34.3647, 80936
34.3659, 80936
34.3672, 80936
34.3685, 80936
34.3698, 80936
34.3715, 80936
34.373, 80936
34.3744, 80936
34.3757, 80936
34.3771, 80936
34.3784, 80936
34.3797, 80936
34.3811, 80936
34.3826, 80936
34.3841, 80936
34.3854, 80936
34.3868, 80936
34.3882, 80936
34.3896, 80936
34.3909, 80936
34.3922, 80936
34.3935, 80936
34.3947, 80936
34.396, 80936
34.3973, 81152
34.3986, 81152
34.4, 81152
34.4013, 81152
34.4026, 81152
34.4038, 81152
34.405, 81152
34.4062, 81152
34.4074, 81152
34.4085, 81152
34.4097, 81152
34.4112, 81152
34.4124, 81152
34.4136, 81152
34.4148, 81152
34.416, 81152
34.4172, 81152
34.4184, 81152
34.4195, 81152
34.4207, 81152
34.4219, 81152
34.423, 81152
34.4243, 81152
34.4257, 81152
34.427, 81152
34.4284, 81152
34.4297, 81152
34.4309, 81152
34.4322, 81152
34.4334, 81152
34.4346, 81152
34.4358, 81152
34.437, 81152
34.4381, 81152
34.4393, 81152
34.4405, 81152
34.4417, 81152
34.4428, 81152
34.444, 81152
34.4451, 81152
34.4466, 81152
34.4478, 81152
34.4491, 80936
34.4502, 80936
34.4514, 80936
34.4526, 80936
34.4538, 80936
34.4552, 80936
34.4565, 80936
34.4577, 80936
34.4592, 80936
34.4605, 80936
34.4618, 80936
34.463, 80936
34.4643, 80936
34.4656, 81152
34.4668, 81152
34.468, 81152
34.4692, 81152
34.4703, 81152
34.4715, 81152
34.4726, 81152
34.4738, 81152
34.475, 81152
34.4762, 81152
34.4774, 81152
34.4786, 81152
34.4797, 81152
34.4809, 81152
34.4823, 81152
34.4836, 81152
34.4848, 81152
34.486, 81152
34.4872, 81152
34.4885, 81152
34.4898, 81152
34.4912, 81152
34.4925, 81152
34.4938, 81152
34.495, 81152
34.4963, 81152
34.4977, 81152
34.4988, 81152
34.5, 81152
34.5012, 81152
34.5023, 81152
34.5035, 81152
34.5047, 81152
34.5058, 81152
34.5072, 81152
34.5083, 81152
34.5095, 81152
34.5107, 81152
34.5118, 81152
34.513, 81152
34.5142, 81152
34.5153, 81152
34.5165, 81152
34.5177, 81368
34.519, 81368
34.5202, 81368
34.5214, 81368
34.5225, 81368
34.5237, 81368
34.5248, 81368
34.5261, 80936
34.5275, 80936
34.5289, 80936
34.5302, 80936
34.5313, 80936
34.5325, 80936
34.5338, 80720
34.5351, 80720
34.5363, 80720
34.5374, 80720
34.5386, 80720
34.5397, 80720
34.5409, 80720
34.5421, 80720
34.5435, 80720
34.545, 80720
34.5463, 80720
34.5478, 80720
34.5492, 80720
34.5505, 80720
34.5518, 80936
34.553, 80936
34.5543, 80936
34.5558, 80936
34.557, 80936
34.5583, 80936
34.5595, 80936
34.5606, 80936
34.5618, 80936
34.5629, 80936
34.5641, 80936
34.5652, 80936
34.5664, 80936
34.5676, 80936
34.5688, 80720
34.57, 80720
34.5712, 80720
34.5724, 80720
34.5737, 80720
34.5749, 80720
34.5762, 80720
34.5774, 80720
34.5787, 80720
34.581, 80720
34.5822, 80720
34.5835, 80720
34.5847, 80720
34.5861, 80936
34.5873, 80936
34.5886, 80936
34.5897, 80936
34.5909, 80936
34.592, 80936
34.5932, 80936
34.5943, 80936
34.5955, 80936
34.5966, 80936
34.5977, 80936
34.5989, 80936
34.6, 80936
34.6012, 80936
34.6023, 80504
34.6035, 80504
34.6047, 80504
34.6058, 80504
34.607, 80504
34.6082, 80504
34.6095, 80504
34.6107, 80288
34.6121, 80288
34.6134, 80288
34.6145, 80288
34.6157, 80288
34.6168, 80288
34.618, 80288
34.6191, 80504
34.6203, 80504
34.6214, 80504
34.6226, 80504
34.6237, 80504
34.6249, 80504
34.6263, 80504
34.6276, 80288
34.6289, 80288
34.6302, 80288
34.6315, 80288
34.6329, 80288
34.6343, 80288
34.6355, 80288
34.6368, 80720
34.6381, 80720
34.6393, 80720
34.6405, 80720
34.6417, 80720
34.6428, 80720
34.644, 80720
34.6451, 80936
34.6463, 80936
34.6474, 80936
34.6486, 80936
34.6497, 80936
34.6508, 80936
34.652, 80936
34.6532, 80936
34.6544, 80936
34.6556, 80936
34.6569, 80936
34.6581, 80936
34.6594, 80936
34.6606, 80936
34.6617, 80936
34.6628, 80936
34.6641, 80936
34.6653, 80936
34.6664, 80936
34.6676, 80936
34.6687, 80936
34.6699, 80936
34.671, 80936
34.6723, 80936
34.6736, 80936
34.675, 80936
34.6764, 80936
34.6778, 80936
34.6791, 80936
34.6804, 80936
34.6816, 80936
34.6829, 80936
34.6841, 80936
34.6854, 80936
34.6867, 80936
34.6879, 81152
34.6891, 81152
34.6902, 81152
34.6913, 81152
34.6925, 81152
34.6936, 81152
34.6948, 81152
34.6959, 81152
34.6971, 81152
34.6982, 81152
34.6994, 81152
34.7005, 81152
34.7018, 81152
34.7032, 81152
34.7046, 80936
34.706, 80936
34.7073, 80936
34.7088, 80936
34.7101, 80936
34.7113, 80936
34.7125, 80936
34.7136, 80936
34.7148, 80936
34.716, 80936
34.7171, 80936
34.7183, 80936
34.7194, 80936
34.7205, 80936
34.7217, 81152
34.7228, 81152
34.724, 81152
34.7251, 81152
34.7262, 81152
34.7274, 81152
34.7285, 81152
34.7297, 81152
34.7308, 80936
34.732, 80936
34.7331, 80936
34.7342, 80936
34.7354, 80936
34.7365, 80936
34.7377, 80936
34.7388, 80936
34.7399, 80936
34.7411, 80936
34.7422, 80936
34.7434, 80936
34.7445, 80936
34.7458, 80936
34.747, 80720
34.7483, 80720
34.7495, 80720
34.7508, 80720
34.752, 80720
34.7532, 80720
34.7544, 80720
34.7556, 80720
34.7568, 80720
34.7581, 80720
34.7593, 80720
34.7605, 80720
34.7617, 80720
34.763, 80720
34.7643, 80936
34.7656, 80936
34.7669, 80936
34.7681, 80936
34.7694, 80936
34.7706, 80936
34.7718, 80936
34.7729, 80720
34.7742, 80720
34.7755, 80720
34.7768, 80720
34.778, 80720
34.7792, 80720
34.7804, 80720
34.7816, 80720
34.7827, 80720
34.7839, 80720
34.7851, 80720
34.7862, 80720
34.7874, 80720
34.7885, 80720
34.7897, 80504
34.7909, 80504
34.7921, 80504
34.7933, 80504
34.7946, 80504
34.7958, 80504
34.7971, 80504
34.7984, 80288
34.7996, 80288
34.8009, 80288
34.8021, 80288
34.8033, 80288
34.8045, 80288
34.8056, 80288
34.8068, 80288
34.808, 80288
34.8092, 80288
34.8103, 80288
34.8114, 80288
34.8126, 80288
34.8137, 80288
34.8149, 80288
34.816, 80072
34.8172, 80072
34.8184, 80072
34.8197, 80072
34.8209, 80072
34.8223, 80072
34.8236, 80072
34.825, 80288
34.8264, 80288
34.8276, 80288
34.8289, 80288
34.8301, 80288
34.8313, 80288
34.8324, 80720
34.8336, 80720
34.8347, 80720
34.8358, 80720
34.837, 80720
34.8382, 80720
34.8395, 80720
34.8407, 80720
34.842, 80720
34.8433, 80720
34.8445, 80720
34.8458, 80720
34.8472, 80720
34.8484, 80720
34.8497, 81368
34.8508, 81368
34.852, 81368
34.8533, 81368
34.8544, 81368
34.8556, 81368
34.8567, 81368
34.8579, 82232
34.8593, 82232
34.8609, 82232
34.8624, 82232
34.8638, 82232
34.8652, 82232
34.8665, 83528
34.8679, 83528
34.8692, 83528
34.8704, 83528
34.8717, 83528
34.8729, 83528
34.8743, 83528
34.8755, 83528
34.8767, 83528
34.8778, 83528
34.8791, 83528
34.8803, 83528
34.8816, 83528
34.8829, 83528
34.884, 84608
34.8853, 84608
34.8867, 84608
34.888, 84608
34.8893, 84608
34.8906, 84608
34.8919, 85256
34.8933, 85256
34.8946, 85256
34.8958, 85256
34.897, 85256
34.8984, 85256
34.8996, 85256
34.9008, 84824
34.9021, 84824
34.9034, 84824
34.9046, 84824
34.9059, 84824
34.9072, 84824
34.9084, 84824
34.9098, 84824
34.9114, 84824
34.9127, 84824
34.9139, 84824
34.9152, 84824
34.9165, 84824
34.9177, 84392
34.9189, 84392
34.9201, 84392
34.9212, 84392
34.9225, 84392
34.9238, 84392
34.925, 84392
34.9264, 85040
34.9276, 85040
34.9288, 85040
34.93, 85040
34.9314, 85040
34.9331, 85040
34.9344, 85040
34.9359, 85256
34.9374, 85256
34.9391, 85256
34.9407, 85256
34.9422, 85256
34.9436, 85256
34.945, 85256
34.9466, 85256
34.9479, 85256
34.9493, 85256
34.9507, 85256
34.9521, 85472
34.9536, 85472
34.955, 85472
34.9564, 85472
34.9576, 85472
34.9589, 85472
34.9602, 85472
34.9615, 85472
34.9629, 85472
34.9644, 85472
34.9659, 85472
34.9676, 85472
34.9689, 85472
34.9704, 85472
34.9719, 85472
34.9734, 85472
34.9749, 85472
34.9764, 85472
34.9779, 85256
34.9793, 85256
34.9809, 85256
34.9824, 85256
34.9839, 85256
34.9855, 85256
34.987, 85472
34.9884, 85472
34.9898, 85472
34.9912, 85472
34.9926, 85472
34.994, 85472
34.9954, 84608
34.9968, 84608
34.9982, 84608
34.9996, 84608
35.0007, 84608
35.002, 84608
35.0033, 84176
35.0049, 84176
35.0065, 84176
35.0081, 84176
35.0096, 84176
35.0113, 84176
35.0128, 83960
35.0143, 83960
35.0157, 83960
35.0172, 83960
35.0187, 83960
35.0201, 83744
35.0217, 83744
35.0232, 83744
35.0247, 83744
35.0261, 83744
35.0279, 83744
35.0298, 84392
35.0316, 84392
35.0332, 84392
35.0348, 84392
35.0363, 84392
35.0378, 84824
35.0392, 84824
35.0407, 84824
35.0421, 84824
35.0438, 84824
35.0453, 84824
35.0466, 85040
35.0481, 85040
35.0495, 85040
35.0511, 85040
35.0526, 85040
35.0541, 85256
35.0557, 85256
35.0572, 85256
35.0586, 85256
35.0604, 85256
35.0621, 85256
35.064, 85040
35.0657, 85040
35.0674, 85040
35.0689, 85040
35.0703, 85040
35.0718, 85040
35.0732, 85040
35.0746, 85040
35.076, 85040
35.0775, 85040
35.0789, 85040
35.0805, 85040
35.0821, 85040
35.0835, 85040
35.0847, 85040
35.0858, 85040
35.0869, 85040
35.0881, 85040
35.0893, 84608
35.0904, 84608
35.0916, 84608
35.0931, 84608
35.0945, 84608
35.0956, 84608
35.0967, 84608
35.0979, 84176
35.0996, 84176
35.1011, 84176
35.1025, 84176
35.1039, 84176
35.1053, 84176
35.1066, 84176
35.108, 84176
35.1093, 84176
35.1104, 84176
35.1116, 84176
35.1127, 84176
35.1139, 84176
35.115, 84176
35.1162, 84176
35.1189, 84176
35.1205, 84176
35.122, 84176
35.1235, 84176
35.1249, 84176
35.1261, 84176
35.1273, 84176
35.1284, 84176
35.1296, 84176
35.1307, 84176
35.1318, 83744
35.133, 83744
35.1341, 83744
35.1373, 83744
35.1386, 83744
35.1398, 83528
35.141, 83528
35.1421, 83528
35.1433, 83528
35.1501, 83744
35.1514, 83744
35.1526, 83744
35.1539, 83744
35.1551, 83744
35.1563, 83744
35.1574, 85472
35.1599, 85472
35.1612, 85472
35.1624, 85472
35.1635, 85472
35.1647, 85472
35.1694, 85472
35.1715, 85472
35.1727, 85472
35.1739, 86336
35.175, 86336
35.1761, 86336
35.1773, 86336
35.1785, 86336
35.1798, 86336
35.1811, 86336
35.1824, 85904
35.1836, 85904
35.1848, 85904
35.1859, 85904
35.1872, 85904
35.1883, 85904
35.1895, 85904
35.1906, 85904
35.1918, 86120
35.1929, 86120
35.194, 86120
35.1953, 86120
35.1965, 86120
35.1977, 86120
35.1988, 86120
35.2, 86336
35.2012, 86336
35.2025, 86336
35.2037, 86336
35.205, 86336
35.2063, 86336
35.2075, 86336
35.2087, 86552
35.2099, 86552
35.2111, 86552
35.2122, 86552
35.2134, 86552
35.2146, 86552
35.2159, 86552
35.2172, 85688
35.2184, 85688
35.2197, 85688
35.2208, 85688
35.222, 85688
35.2232, 85688
35.2244, 85688
35.2255, 85040
35.2267, 85040
35.2279, 85040
35.2292, 85040
35.2307, 85040
35.2321, 85040
35.2336, 84608
35.2348, 84608
35.236, 84608
35.2372, 84608
35.2383, 84608
35.2395, 84608
35.2406, 84608
35.2418, 84608
35.243, 84608
35.2442, 84608
35.2456, 84608
35.247, 84608
35.2483, 84608
35.2496, 84608
35.2508, 84176
35.252, 84176
35.2533, 84176
35.2546, 84176
35.2563, 84176
35.2578, 84176
35.259, 84176
35.2602, 84176
35.2614, 84176
35.2626, 84176
35.2637, 84176
35.2649, 84176
35.2666, 84176
35.2685, 83960
35.2704, 83960
35.2721, 83960
35.274, 83960
35.2753, 83960
35.2766, 83744
35.2778, 83744
35.279, 83744
35.2801, 83744
35.2813, 83744
35.2825, 83744
35.2837, 83744
35.285, 83960
35.2863, 83960
35.2875, 83960
35.2887, 83960
35.2899, 83960
35.2912, 83960
35.2923, 83960
35.2935, 83960
35.2947, 83960
35.2961, 83960
35.2975, 83960
35.2988, 83960
35.3002, 83960
35.3016, 84176
35.303, 84176
35.3044, 84176
35.3057, 84176
35.307, 84176
35.3083, 84176
35.3095, 84176
35.3108, 83960
35.312, 83960
35.3132, 83960
35.3143, 83960
35.3155, 83960
35.3166, 83960
35.3178, 83960
35.319, 84176
35.3203, 84176
35.3216, 84176
35.3229, 84176
35.324, 84176
35.3253, 84176
35.3266, 84176
35.3278, 83960
35.3292, 83960
35.3307, 83960
35.3319, 83960
35.3333, 83960
35.3357, 83960
35.3376, 83960
35.3401, 83960
35.3419, 83960
35.3433, 83960
35.3446, 83744
35.3459, 83744
35.3474, 83744
35.3489, 83744
35.3503, 83744
35.3517, 83744
35.3531, 83744
35.3545, 83744
35.3559, 83744
35.3572, 83744
35.3585, 83744
35.3597, 83744
35.3608, 83744
35.362, 83960
35.3632, 83960
35.3644, 83960
35.3656, 83960
35.3668, 83960
35.3683, 83960
35.3697, 83960
35.3713, 83744
35.3726, 83744
35.3738, 83744
35.3754, 83744
35.3768, 83744
35.3781, 83744
35.3795, 83960
35.381, 83960
35.3825, 83960
35.384, 83960
35.3855, 83960
35.3869, 83960
35.3884, 83960
35.3899, 83960
35.3914, 83960
35.3929, 83960
35.3943, 83960
35.3957, 83960
35.3972, 83960
35.3986, 83960
35.4, 83960
35.4014, 83960
35.4028, 83960
35.4042, 83960
35.4054, 83960
35.4066, 83960
35.4078, 83960
35.4091, 83960
35.4106, 83960
35.4119, 83960
35.4133, 83960
35.4148, 83960
35.4162, 83960
35.4177, 83960
35.4192, 83960
35.4204, 83960
35.4223, 83960
35.4239, 83960
35.4254, 83960
35.427, 83960
35.4285, 83960
35.4301, 83960
35.4315, 83960
35.4327, 83960
35.434, 83960
35.4355, 83960
35.4368, 83960
35.4382, 83960
35.4396, 83960
35.441, 83960
35.4424, 83960
35.4438, 83960
35.4451, 83960
35.4465, 83960
35.4479, 83960
35.4493, 83960
35.4507, 83960
35.4522, 83960
35.4537, 83960
35.4552, 83960
35.4566, 83960
35.4581, 83960
35.4597, 83960
35.4612, 83960
35.4626, 83960
35.4638, 83960
35.4651, 83960
35.4664, 83960
35.4678, 83960
35.4691, 83960
35.4703, 83960
35.4715, 83960
35.4729, 83744
35.4743, 83744
35.4757, 83744
35.4769, 83744
35.4783, 83744
35.48, 83744
35.4825, 83960
35.4848, 83960
35.4867, 83960
35.4886, 83960
35.4906, 83744
35.4934, 83744
35.4961, 83744
35.4975, 83744
35.4988, 83528
35.5001, 83528
35.5014, 83528
35.503, 83528
35.5047, 83528
35.5066, 83312
35.5082, 83312
35.5097, 83312
35.5125, 83312
35.5142, 83312
35.5161, 83312
35.5186, 83312
35.5209, 83312
35.523, 83312
35.5245, 83096
35.5257, 83096
35.5272, 83096
35.5297, 83096
35.5327, 83096
35.5348, 83096
35.5377, 83096
35.5415, 83096
35.5505, 82880
35.5534, 82880
35.5557, 82880
35.5669, 82664
35.5712, 82664
35.5732, 82664
35.576, 82664
35.5818, 82664
35.5842, 82664
35.5858, 82664
35.5876, 82664
35.5891, 82664
35.5906, 82664
35.592, 82448
35.5935, 82448
35.6031, 82232
35.6052, 82232
35.6068, 82232
35.6085, 82232
35.6101, 82448
35.6116, 82448
35.6229, 82232
35.6259, 82232
35.6281, 82232
35.6293, 82232
35.6305, 82232
35.6318, 82232
35.633, 82232
35.6359, 82016
35.6418, 82016
35.6441, 81800
35.6457, 81800
35.6477, 81800
35.6496, 81800
35.6517, 82016
35.6533, 82016
35.6547, 82016
35.6636, 81800
35.6655, 81800
35.667, 81800
35.6685, 81584
35.6702, 81584
35.6719, 81584
35.6849, 81584
35.6894, 81584
35.6917, 81584
35.6934, 81584
35.695, 81584
35.6965, 81584
35.6984, 81584
35.7, 81584
35.7014, 81584
35.7028, 81800
35.7042, 81800
35.7055, 81800
35.7077, 81800
35.7096, 81800
35.7143, 81584
35.7159, 81584
35.7175, 81584
35.7189, 81584
35.7204, 81800
35.7218, 81800
35.7233, 81800
35.7244, 81800
35.7256, 81800
35.7267, 81800
35.7279, 81800
35.7291, 81800
35.7303, 81800
35.7314, 81800
35.7326, 81800
35.7337, 81800
35.7349, 81800
35.736, 81800
35.7371, 81800
35.7383, 81800
35.7394, 81800
35.7406, 81800
35.7417, 81800
35.7429, 81800
35.744, 81800
35.7452, 81800
35.7464, 82016
35.7476, 82016
35.7489, 82016
35.7502, 82016
35.7526, 82016
35.7539, 82016
35.7552, 82016
35.7565, 82016
35.7578, 82016
35.759, 82016
35.7601, 82016
35.7612, 82016
35.7624, 82016
35.7635, 82016
35.765, 82016
35.7742, 82016
35.7783, 82016
35.7831, 82016
35.7858, 82016
35.792, 82016
35.7945, 82016
35.7957, 82016
35.7969, 82232
35.7981, 82232
35.7993, 82232
35.8005, 82232
35.8017, 82232
35.8029, 82232
35.8041, 82232
35.8054, 81800
35.8066, 81800
35.8118, 81800
35.8132, 81800
35.8144, 82016
35.8156, 82016
35.8168, 82016
35.8182, 82016
35.8195, 82016
35.8206, 82016
35.8218, 82016
35.823, 81800
35.8242, 81800
35.8254, 81800
35.8271, 81800
35.8294, 81800
35.8353, 81800
35.8382, 81800
35.8422, 82016
35.845, 82016
35.8465, 82016
35.8527, 82016
35.8541, 82016
35.8553, 82016
35.8566, 82016
35.8578, 82016
35.859, 82016
35.8602, 82016
35.8614, 82016
35.8626, 82016
35.8637, 82016
35.8649, 82016
35.8662, 82016
35.8675, 82016
35.8688, 82016
35.8711, 82016
35.873, 82016
35.875, 82016
35.8771, 82016
35.8788, 82016
35.8827, 82016
35.8941, 82232
35.8981, 82232
35.9, 82664
35.9031, 82664
35.9043, 82664
35.9055, 82664
35.9078, 82664
35.9143, 82664
35.9155, 82664
35.917, 82880
35.9185, 82880
35.9225, 82880
35.9239, 82880
35.9261, 83096
35.9274, 83096
35.9333, 83096
35.9346, 83096
35.936, 83096
35.9371, 83096
35.9383, 83096
35.9395, 83096
35.9407, 83096
35.9419, 83096
35.9431, 83096
35.9443, 83096
35.9455, 83096
35.9466, 83096
35.9479, 83096
35.9491, 83096
35.9506, 83096
35.9538, 83096
35.9559, 83096
35.9577, 83096
35.9591, 82880
35.9604, 82880
35.9616, 82880
35.9634, 82880
35.9736, 82880
35.975, 82880
35.9863, 82880
35.9882, 82880
35.9898, 82880
35.9914, 82880
35.9977, 82664
36.0004, 82664
36.0136, 82448
36.0157, 82448
36.0183, 82448
36.0202, 82448
36.0219, 82448
36.0233, 82448
36.0246, 82448
36.0259, 82448
36.0273, 82448
36.0285, 82448
36.0297, 82448
36.0315, 82448
36.0353, 82448
36.0388, 82448
36.0402, 82448
36.0428, 82448
36.0462, 82448
36.0512, 82448
36.0538, 82232
36.0563, 82232
36.0586, 82232
36.0609, 82232
36.0629, 82232
36.0644, 82232
36.0657, 82232
36.067, 82232
36.0683, 82232
36.0721, 82016
36.0784, 82016
36.0805, 82016
36.0829, 82016
36.0857, 82016
36.0882, 82232
36.0906, 82232
36.0945, 82232
36.1104, 81800
36.1191, 82016
36.1213, 82016
36.1229, 82016
36.135, 82016
36.1369, 82016
36.1385, 82016
36.14, 82016
36.1416, 82016
36.1486, 82016
36.1506, 82016
36.1536, 82016
36.1668, 81800
36.1686, 81800
36.1713, 81800
36.1728, 82016
36.1809, 82016
36.1823, 82016
36.1836, 82016
36.1848, 82016
36.186, 82016
36.1872, 82016
36.1883, 82016
36.1895, 82016
36.1906, 82016
36.1917, 82016
36.1944, 82016
36.1957, 82016
36.2005, 81800
36.2021, 81800
36.2079, 82232
36.217, 82232
36.2183, 82232
36.2196, 82232
36.221, 82232
36.2223, 82232
36.2236, 82448
36.2249, 82448
36.2261, 82448
36.234, 82232
36.2354, 82232
36.2366, 82232
36.2379, 82232
36.2391, 82232
36.2404, 82232
36.2416, 82232
36.2428, 82232
36.244, 82232
36.2452, 82232
36.2463, 82232
36.2476, 82232
36.249, 82448
36.2504, 82448
36.2518, 82448
36.2531, 82448
36.2544, 82448
36.2557, 82448
36.257, 82448
36.2582, 82448
36.2595, 82448
36.2608, 82448
36.2621, 82448
36.2633, 82448
36.2645, 82448
36.2657, 82448
36.2669, 82664
36.2682, 82664
36.2696, 82664
36.271, 82664
36.2724, 82664
36.2739, 82664
36.2757, 82664
36.2771, 82664
36.2785, 82664
36.28, 82664
36.2814, 82664
36.2828, 82664
36.2841, 82664
36.2854, 82664
36.2867, 82664
36.288, 82664
36.2893, 82664
36.2907, 82664
36.292, 82664
36.2933, 82664
36.2945, 82664
36.2957, 82664
36.297, 82664
36.2982, 82664
36.2995, 82664
36.3007, 82880
36.3019, 82880
36.3032, 82880
36.3045, 82880
36.3059, 82880
36.3072, 82880
36.3085, 82880
36.3098, 82880
36.3111, 82880
36.3124, 82880
36.3137, 82880
36.3151, 82880
36.3164, 82880
36.3177, 82880
36.3191, 82880
36.3204, 82880
36.3216, 82880
36.3228, 82880
36.3241, 82880
36.3253, 82880
36.3267, 83096
36.3279, 83096
36.3292, 83096
36.3305, 83096
36.3319, 83096
36.3332, 83096
36.3345, 83096
36.3358, 83096
36.337, 83096
36.3385, 83096
36.3398, 83096
36.3411, 83096
36.3425, 83096
36.3439, 83096
36.3452, 83096
36.3464, 83096
36.3476, 83096
36.3489, 83096
36.3501, 83096
36.3514, 83096
36.3527, 83096
36.3539, 83096
36.3552, 83096
36.3565, 83096
36.3578, 83096
36.3589, 83096
36.3601, 82880
36.3612, 82880
36.3624, 82880
36.3636, 82880
36.3648, 82880
36.366, 82880
36.3672, 82880
36.3683, 82448
36.3696, 82448
36.3708, 82448
36.3721, 82448
36.3734, 82448
36.3747, 82448
36.3759, 82448
36.377, 82448
36.3782, 82448
36.3796, 82448
36.3809, 82448
36.3822, 82448
36.3836, 82448
36.3849, 82448
36.3862, 82664
36.3875, 82664
36.3888, 82664
36.39, 82664
36.3917, 82664
36.3931, 82664
36.3944, 82880
36.3956, 82880
36.3968, 82880
36.3979, 82880
36.3991, 82880
36.4002, 82880
36.4014, 82880
36.4025, 82448
36.4037, 82448
36.4048, 82448
36.4147, 82448
36.4159, 82448
36.4171, 82448
36.4182, 82448
36.4194, 82448
36.4205, 82664
36.4216, 82664
36.4228, 82664
36.4239, 82664
36.425, 82664
36.4262, 82664
36.4273, 82664
36.4285, 82232
36.4296, 82232
36.4307, 82232
36.4319, 82232
36.433, 82232
36.4341, 82232
36.4353, 82232
36.4364, 82232
36.4376, 82016
36.4387, 82016
36.4399, 82016
36.441, 82016
36.4422, 82016
36.4434, 82016
36.4446, 82016
36.4459, 82016
36.4472, 82016
36.4485, 82016
36.4497, 82016
36.4508, 82016
36.452, 82016
36.4531, 82016
36.4542, 82232
36.4554, 82232
36.4565, 82232
36.4576, 82232
36.4588, 82232
36.4599, 82232
36.4612, 82232
36.4625, 82016
36.4639, 82016
36.4652, 82016
36.4665, 82016
36.4681, 82016
36.4694, 82016
36.4706, 82448
36.472, 82448
36.4733, 82448
36.4745, 82448
36.4758, 82448
36.477, 82448
36.4781, 82448
36.4792, 82448
36.4804, 82448
36.4815, 82448
36.4827, 82448
36.4838, 82448
36.485, 82448
36.4861, 82448
36.4872, 82448
36.4884, 82232
36.4896, 82232
36.4909, 82232
36.4923, 82232
36.4936, 82232
36.4948, 82232
36.496, 82232
36.4972, 82448
36.4983, 82448
36.4995, 82448
36.5006, 82448
36.5017, 82448
36.5029, 82448
36.504, 82448
36.5051, 82448
36.5063, 82448
36.5075, 82448
36.5089, 82448
36.5102, 82448
36.5116, 82448
36.5129, 82448
36.5142, 82448
36.5155, 82448
36.5168, 82448
36.5181, 82448
36.5194, 82448
36.5207, 82448
36.5219, 82880
36.5231, 82880
36.5243, 82880
36.5254, 82880
36.5266, 82880
36.5277, 82880
36.5288, 82880
36.53, 82880
36.5311, 82664
36.5323, 82664
36.5334, 82664
36.5345, 82664
36.5357, 82664
36.537, 82664
36.5383, 82664
36.5399, 82664
36.5413, 82664
36.5427, 82664
36.544, 82664
36.5453, 82664
36.5464, 82664
36.5476, 83096
36.5488, 83096
36.55, 83096
36.5513, 83096
36.5525, 83096
36.5537, 83096
36.5548, 83096
36.5561, 83312
36.5574, 83312
36.5586, 83312
36.5599, 83312
36.561, 83312
36.5622, 83312
36.5634, 83312
36.5648, 83312
36.5661, 83312
36.5674, 83312
36.5687, 83312
36.57, 83312
36.5713, 83312
36.5726, 83312
36.5739, 83528
36.5752, 83528
36.5764, 83528
36.5777, 83528
36.579, 83528
36.5803, 83528
36.5817, 83744
36.583, 83744
36.5842, 83744
36.5854, 83744
36.5866, 83744
36.59, 83744
36.5912, 83744
36.5924, 83744
36.5936, 83744
36.5948, 83744
36.596, 83744
36.5973, 83744
36.5984, 83744
36.5997, 83744
36.6009, 83744
36.6021, 83744
36.6032, 83744
36.6044, 83744
36.6055, 83744
36.6067, 83744
36.6078, 83528
36.609, 83528
36.6101, 83528
36.6113, 83528
36.6125, 83528
36.6138, 83528
36.6151, 83528
36.6165, 83528
36.6178, 83528
36.6191, 83528
36.6203, 83528
36.6215, 83528
36.6226, 83528
36.6239, 83528
36.6251, 83528
36.6263, 83528
36.6274, 83528
36.6286, 83528
36.6299, 83528
36.6312, 83528
36.6324, 83528
36.6337, 83744
36.6349, 83744
36.6362, 83744
36.6374, 83744
36.6387, 83744
36.6398, 83744
36.641, 83744
36.6421, 83744
36.6433, 83744
36.6445, 83744
36.6456, 83744
36.6469, 83744
36.6483, 83744
36.6495, 83744
36.6509, 83744
36.6521, 83744
36.6533, 83744
36.6544, 83744
36.6557, 83744
36.6569, 83744
36.6582, 83744
36.6595, 83960
36.6609, 83960
36.6622, 83960
36.6634, 83960
36.6648, 83960
36.6661, 83960
36.6675, 84176
36.6688, 84176
36.6701, 84176
36.6715, 84176
36.6729, 84176
36.6742, 84176
36.6756, 84176
36.677, 84176
36.6784, 84176
36.6798, 84176
36.6813, 84176
36.6828, 84176
36.6842, 84176
36.6856, 84176
36.6869, 84176
36.6883, 84176
36.6895, 84176
36.6908, 84176
36.6921, 84176
36.6934, 84392
36.6947, 84392
36.696, 84392
36.6974, 84392
36.6987, 84392
36.7, 84392
36.7013, 84392
36.7026, 84392
36.7039, 84392
36.7051, 84392
36.7064, 84392
36.7077, 84392
36.7092, 84392
36.7104, 84608
36.7117, 84608
36.7133, 84608
36.7147, 84608
36.716, 84608
36.7174, 84608
36.7187, 84392
36.72, 84392
36.7212, 84392
36.7225, 84392
36.7237, 84392
36.725, 84392
36.7263, 84392
36.7276, 84608
36.7289, 84608
36.7302, 84608
36.7315, 84608
36.7328, 84608
36.734, 84608
36.7353, 84608
36.7366, 84608
36.7379, 84608
36.7392, 84608
36.7406, 84608
36.7419, 84608
36.7432, 84608
36.7445, 84608
36.7458, 84608
36.7471, 84608
36.7484, 84608
36.7496, 84608
36.7509, 84608
36.7522, 84608
36.7536, 84608
36.755, 84608
36.7563, 84608
36.7576, 84608
36.7589, 84608
36.7602, 84608
36.7616, 84608
36.763, 84608
36.7644, 84608
36.7657, 84608
36.7671, 84608
36.7684, 84608
36.7697, 84608
36.771, 84608
36.7723, 84608
36.7736, 84608
36.7748, 84608
36.7761, 84608
36.7774, 84608
36.7787, 84608
36.78, 84608
36.7813, 84608
36.7826, 84608
36.7838, 84608
36.7851, 84608
36.7866, 84608
36.788, 84608
36.7893, 84608
36.7906, 84608
36.792, 84608
36.7933, 84608
36.7947, 84608
36.796, 84608
36.7974, 84608
36.7987, 84608
36.7999, 84608
36.8011, 84608
36.8022, 84608
36.8034, 84608
36.8047, 84608
36.8059, 84608
36.8071, 84608
36.8084, 84608
36.8096, 84608
36.8109, 84608
36.8122, 84392
36.8133, 84392
36.8145, 84392
36.8156, 84392
36.8167, 84392
36.8179, 84392
36.8194, 84392
36.8207, 84176
36.822, 84176
36.8234, 84176
36.8248, 84176
36.8262, 84176
36.8275, 84176
36.8288, 84176
36.8301, 84392
36.8314, 84392
36.8327, 84392
36.8339, 84392
36.835, 84392
36.8363, 84392
36.8376, 84392
36.8388, 84392
36.8399, 84392
36.8411, 84392
36.8422, 84392
36.8433, 84392
36.8445, 84392
36.8457, 84392
36.8471, 84392
36.8485, 84392
36.8499, 84392
36.8513, 84392
36.8526, 84392
36.854, 84392
36.8553, 84392
36.8565, 84392
36.8577, 84392
36.8589, 84392
36.8601, 84392
36.8613, 84392
36.8626, 84392
36.8639, 84608
36.8651, 84608
36.8662, 84608
36.8674, 84608
36.8685, 84608
36.8697, 84608
36.871, 84608
36.8723, 84608
36.8736, 84608
36.8749, 84608
36.8762, 84608
36.8775, 84608
36.8789, 84608
36.8803, 84608
36.8816, 84608
36.8829, 84608
36.8843, 84608
36.8857, 84608
36.887, 84608
36.8884, 84608
36.8897, 84824
36.891, 84824
36.8923, 84824
36.8935, 84824
36.8948, 84824
36.896, 84824
36.8973, 84824
36.8988, 84824
36.9001, 84824
36.9014, 84824
36.9027, 84824
36.904, 84824
36.9053, 84824
36.9067, 84824
36.908, 84824
36.9092, 84824
36.9104, 84824
36.9116, 84824
36.9127, 84824
36.9139, 84824
36.9151, 84824
36.9164, 84824
36.9176, 84824
36.919, 84824
36.9203, 84824
36.9216, 84824
36.9229, 84824
36.9242, 84824
36.9255, 84824
36.9266, 84824
36.928, 84824
36.9293, 84824
36.9306, 84824
36.932, 84608
36.9333, 84608
36.9346, 84608
36.9358, 84608
36.937, 84608
36.9382, 84608
36.9393, 84608
36.9405, 84824
36.9416, 84824
36.9428, 84824
36.9441, 84824
36.9453, 84824
36.9465, 84824
36.9476, 84824
36.9488, 84608
36.95, 84608
36.9512, 84608
36.9523, 84608
36.9535, 84608
36.9547, 84608
36.956, 84608
36.9571, 84608
36.9583, 84608
36.9594, 84608
36.9605, 84608
36.9617, 84608
36.9628, 84608
36.9642, 84608
36.9654, 84608
36.9666, 84824
36.9677, 84824
36.9689, 84824
36.9703, 84824
36.9717, 84824
36.973, 84824
36.9742, 84824
36.9753, 84608
36.9765, 84608
36.9776, 84608
36.979, 84608
36.9804, 84608
36.9819, 84608
36.9833, 84392
36.9847, 84392
36.9861, 84392
36.9875, 84392
36.9887, 84392
36.99, 84392
36.9913, 84392
36.9925, 84392
36.9938, 84392
36.995, 84392
36.9961, 84392
36.9973, 84392
36.9984, 84392
36.9996, 84392
37.0007, 84176
37.0019, 84176
37.003, 84176
37.0042, 84176
37.0053, 84176
37.0065, 84176
37.0076, 84176
37.0088, 83960
37.0101, 83960
37.0114, 83960
37.0127, 83960
37.014, 83960
37.0153, 83960
37.0166, 83960
37.0179, 84392
37.0191, 84392
37.0203, 84392
37.0214, 84392
37.0225, 84392
37.0237, 84392
37.0248, 84392
37.026, 84392
37.0271, 84392
37.0283, 84392
37.0294, 84392
37.0305, 84392
37.0317, 84392
37.0328, 84392
37.034, 84176
37.0351, 84176
37.0363, 84176
37.0374, 84176
37.0386, 84176
37.0397, 84176
37.0409, 84176
37.042, 84176
37.0432, 84176
37.0445, 84176
37.0457, 84176
37.047, 84176
37.0482, 84176
37.0494, 84176
37.0506, 84176
37.0518, 84392
37.0529, 84392
37.0541, 84392
37.0552, 84392
37.0564, 84392
37.0575, 84392
37.0587, 84392
37.0599, 84608
37.0613, 84608
37.0626, 84608
37.064, 84608
37.0653, 84608
37.0667, 84608
37.068, 84608
37.0692, 84608
37.0704, 84608
37.0717, 84608
37.073, 84608
37.0743, 84608
37.0756, 84608
37.0769, 84608
37.0781, 84608
37.0793, 84608
37.0804, 84608
37.0816, 84608
37.0827, 84608
37.0839, 84608
37.085, 84608
37.0862, 84824
37.0874, 84824
37.0885, 84824
37.0897, 84824
37.0909, 84824
37.0921, 84824
37.0934, 84824
37.0948, 84824
37.0961, 84824
37.0973, 84824
37.0985, 84824
37.0996, 84824
37.1008, 84824
37.1019, 84824
37.103, 84608
37.1042, 84608
37.1053, 84608
37.1064, 84608
37.1076, 84608
37.1087, 84608
37.11, 84608
37.1114, 84176
37.1126, 84176
37.1139, 84176
37.1152, 84176
37.1165, 84176
37.1177, 84176
37.119, 84176
37.1203, 84392
37.1216, 84392
37.1229, 84392
37.1241, 84392
37.1254, 84392
37.1266, 84392
37.1279, 84608
37.1291, 84608
37.1302, 84608
37.1313, 84608
37.1325, 84608
37.1337, 84608
37.1349, 84608
37.1362, 84608
37.1376, 84392
37.1389, 84392
37.1402, 84392
37.1415, 84392
37.1428, 84392
37.1442, 84392
37.1455, 84392
37.1467, 84392
37.148, 84392
37.1493, 84392
37.1505, 84392
37.1517, 84392
37.153, 84392
37.1543, 84392
37.1555, 84392
37.1566, 84392
37.1578, 84392
37.1589, 84392
37.1601, 84392
37.1612, 84392
37.1624, 84176
37.1636, 84176
37.1649, 84176
37.1662, 84176
37.1674, 84176
37.1687, 84176
37.1701, 84176
37.1715, 84392
37.1729, 84392
37.1742, 84392
37.1756, 84392
37.1769, 84392
37.1782, 84392
37.1797, 84392
37.1811, 84392
37.1825, 84392
37.1838, 84392
37.1852, 84392
37.1865, 84392
37.1879, 84392
37.1893, 84392
37.1908, 84392
37.1923, 84392
37.1937, 84392
37.195, 84392
37.1962, 84392
37.1975, 84392
37.1988, 84392
37.2, 84392
37.2013, 84392
37.2025, 84392
37.2039, 84392
37.2052, 84392
37.2066, 84392
37.208, 84392
37.2093, 84392
37.2105, 84392
37.2118, 84392
37.213, 84392
37.2143, 84176
37.2157, 84176
37.2171, 84176
37.2184, 84176
37.2199, 84176
37.2212, 84176
37.2224, 84392
37.2237, 84392
37.2251, 84392
37.2264, 84392
37.2277, 84392
37.2289, 84392
37.2301, 84392
37.2313, 84392
37.2325, 84392
37.2336, 84392
37.2348, 84392
37.236, 84392
37.2371, 84392
37.2382, 84392
37.2394, 84608
37.2407, 84608
37.2421, 84608
37.2434, 84608
37.2448, 84608
37.2461, 84608
37.2474, 84608
37.2488, 84608
37.2502, 84608
37.2516, 84608
37.2528, 84608
37.2541, 84608
37.2554, 84608
37.2567, 84608
37.2581, 84608
37.2593, 84608
37.2606, 84608
37.2619, 84608
37.2633, 84608
37.2646, 84824
37.2659, 84824
37.2673, 84824
37.2688, 84824
37.2701, 84824
37.2717, 84824
37.2731, 84824
37.2743, 84824
37.2757, 84824
37.277, 84824
37.2784, 84824
37.2797, 84824
37.281, 84824
37.2823, 85040
37.2837, 85040
37.285, 85040
37.2863, 85040
37.2876, 85040
37.2889, 85040
37.2901, 84824
37.2915, 84824
37.2927, 84824
37.294, 84824
37.2953, 84824
37.2967, 84824
37.2984, 85040
37.2997, 85040
37.3011, 85040
37.3024, 85040
37.3038, 85040
37.305, 85040
37.3064, 85040
37.3077, 84824
37.309, 84824
37.3104, 84824
37.3118, 84824
37.3132, 84824
37.3145, 84824
37.316, 84824
37.3172, 84824
37.3183, 84824
37.3195, 84824
37.3207, 84824
37.3218, 84824
37.3261, 84824
37.3273, 84824
37.3286, 84824
37.3298, 84824
37.331, 84824
37.3322, 84824
37.3334, 84824
37.3346, 84824
37.3358, 84824
37.337, 84824
37.3382, 84824
37.3394, 84824
37.3407, 84824
37.3419, 84824
37.3432, 84824
37.3443, 84824
37.3455, 84824
37.3466, 84824
37.3478, 84824
37.3489, 84824
37.3501, 84608
37.3513, 84608
37.3527, 84608
37.354, 84608
37.3552, 84608
37.3564, 84608
37.3578, 84608
37.3592, 84608
37.3605, 84608
37.3618, 84608
37.3632, 84608
37.3645, 84608
37.3659, 84608
37.3672, 84824
37.3685, 84824
37.3697, 84824
37.3709, 84824
37.3721, 84824
37.3734, 84824
37.3746, 84824
37.3759, 84824
37.3775, 84824
37.3788, 84824
37.3801, 84824
37.3814, 84824
37.3827, 84824
37.384, 84824
37.3852, 84824
37.3865, 84824
37.3877, 84824
37.389, 84824
37.3903, 84824
37.3916, 84824
37.3929, 84824
37.394, 84824
37.3952, 84824
37.3964, 84824
37.3975, 84824
37.3987, 84824
37.3998, 84824
37.401, 84824
37.4021, 84824
37.4033, 84824
37.4044, 84824
37.4055, 84824
37.4067, 84824
37.4079, 84824
37.409, 84824
37.4102, 84824
37.4115, 84824
37.4128, 84824
37.4142, 84824
37.4155, 84824
37.4169, 84824
37.4182, 84824
37.4196, 84824
37.4209, 84824
37.4223, 84824
37.4235, 84824
37.4248, 84824
37.4261, 84824
37.4274, 84824
37.4287, 84824
37.43, 84824
37.4314, 84824
37.4327, 84824
37.434, 84824
37.4353, 84824
37.4366, 84824
37.4379, 84824
37.4393, 84824
37.4406, 84824
37.4419, 84824
37.4432, 84824
37.4445, 84824
37.4458, 84824
37.4472, 84824
37.4486, 84824
37.45, 84824
37.4514, 84824
37.4529, 85040
37.4541, 85040
37.4553, 85040
37.4565, 85040
37.4578, 85040
37.4591, 85040
37.4604, 85040
37.4618, 85040
37.4633, 85040
37.4647, 85040
37.466, 85040
37.4676, 85040
37.469, 84824
37.4704, 84824
37.4721, 84824
37.4736, 84824
37.475, 84824
37.4764, 84824
37.4776, 84824
37.4788, 84824
37.4801, 84824
37.4814, 84824
37.4827, 84824
37.4839, 84824
37.4853, 84824
37.4866, 85040
37.488, 85040
37.4893, 85040
37.4907, 85040
37.492, 85040
37.4934, 85040
37.4948, 84824
37.4961, 84824
37.4975, 84824
37.4988, 84824
37.5001, 84824
37.5014, 84824
37.5027, 84824
37.504, 85040
37.5053, 85040
37.5067, 85040
37.5081, 85040
37.5094, 85040
37.5107, 85040
37.512, 85040
37.5134, 85040
37.5148, 85040
37.5161, 85040
37.5174, 85040
37.5188, 85040
37.5201, 85040
37.5214, 85040
37.5227, 85040
37.524, 85040
37.5254, 85040
37.5267, 85040
37.5279, 85040
37.5291, 84824
37.5302, 84824
37.5314, 84824
37.5325, 84824
37.5336, 84824
37.5348, 84824
37.5361, 84824
37.5373, 84824
37.5385, 84608
37.5397, 84608
37.5408, 84608
37.5419, 84608
37.5431, 84608
37.5445, 84608
37.5457, 84608
37.547, 84392
37.5483, 84392
37.5495, 84392
37.5508, 84392
37.5522, 84392
37.5536, 84392
37.5552, 84176
37.5567, 84176
37.5581, 84176
37.5594, 84176
37.5606, 84176
37.5619, 84176
37.5632, 84392
37.5644, 84392
37.5657, 84392
37.5669, 84392
37.5681, 84392
37.5694, 84392
37.5707, 84392
37.5718, 84176
37.573, 84176
37.5741, 84176
37.5752, 84176
37.5764, 84176
37.5776, 84176
37.5789, 84176
37.5803, 83960
37.5816, 83960
37.583, 83960
37.5843, 83960
37.5857, 83960
37.5869, 83960
37.5882, 83960
37.5893, 84176
37.5906, 84176
37.5919, 84176
37.5931, 84176
37.5944, 84176
37.5958, 84176
37.5971, 83744
37.5983, 83744
37.5994, 83744
37.6006, 83744
37.6017, 83744
37.6028, 83744
37.604, 83744
37.6051, 83744
37.6063, 83528
37.6074, 83528
37.6086, 83528
37.6097, 83528
37.6109, 83528
37.612, 83528
37.6132, 83528
37.6145, 83528
37.6157, 83528
37.617, 83528
37.6182, 83528
37.6195, 83528
37.6207, 83528
37.622, 83528
37.6233, 83528
37.6246, 83528
37.6259, 83528
37.627, 83528
37.6282, 83528
37.6293, 83528
37.6305, 83528
37.6316, 83312
37.6329, 83312
37.6344, 83312
37.6359, 83312
37.6373, 83312
37.6386, 83312
37.6399, 83528
37.6411, 83528
37.6424, 83528
37.6461, 83528
37.6474, 83528
37.6485, 83744
37.6496, 83744
37.6508, 83744
37.6519, 83744
37.653, 83744
37.6542, 83744
37.6553, 83744
37.6565, 83744
37.6576, 83312
37.6587, 83312
37.6599, 83312
37.6612, 83312
37.6625, 83312
37.6638, 83312
37.6651, 83312
37.6662, 83312
37.6674, 83312
37.6685, 83312
37.6696, 83312
37.6708, 83312
37.6719, 83312
37.6731, 83312
37.6742, 83096
37.6754, 83096
37.6766, 83096
37.6781, 83096
37.6796, 83096
37.6809, 83096
37.6822, 83096
37.6835, 83312
37.6848, 83312
37.6861, 83312
37.6874, 83312
37.6886, 83312
37.6898, 83312
37.6912, 83528
37.6925, 83528
37.6937, 83528
37.6949, 83528
37.6961, 83528
37.6972, 83528
37.6984, 83528
37.6995, 83528
37.7007, 83528
37.7018, 83528
37.703, 83528
37.7042, 83528
37.7055, 83528
37.7069, 83528
37.7083, 83312
37.7096, 83312
37.711, 83312
37.7123, 83312
37.7135, 83312
37.7147, 83312
37.7159, 83312
37.7172, 83744
37.7184, 83744
37.7196, 83744
37.7208, 83744
37.722, 83744
37.7234, 83744
37.7246, 83744
37.7258, 83960
37.7269, 83960
37.7281, 83960
37.7293, 83960
37.7305, 83960
37.7316, 83960
37.7329, 83960
37.7348, 84176
37.7359, 84176
37.7371, 84176
37.7382, 84176
37.7394, 84176
37.7407, 84176
37.742, 84176
37.7433, 84176
37.7446, 84176
37.7459, 84176
37.7471, 84176
37.7482, 84176
37.7494, 84176
37.7508, 84176
37.7523, 84176
37.7536, 84176
37.7549, 84176
37.7562, 84176
37.7575, 84176
37.7589, 84176
37.7602, 84176
37.7616, 84176
37.763, 84176
37.7643, 84176
37.7656, 84176
37.767, 84176
37.7682, 84176
37.7694, 84176
37.7708, 84176
37.7721, 84176
37.7734, 84176
37.7746, 84176
37.7759, 84176
37.7771, 84176
37.7783, 84176
37.7795, 84176
37.7807, 84176
37.7818, 84176
37.783, 84176
37.7842, 84176
37.7854, 84176
37.7866, 84176
37.7878, 84176
37.789, 84176
37.7902, 84176
37.7914, 84176
37.7927, 84176
37.7939, 84176
37.7952, 84176
37.7966, 84176
37.7979, 84176
37.7992, 84176
37.8005, 84176
37.8018, 84176
37.8032, 84176
37.8047, 84176
37.8061, 84176
37.8076, 84176
37.8089, 84176
37.8101, 84176
37.8114, 84392
37.8126, 84392
37.8139, 84392
37.8152, 84392
37.8165, 84392
37.8178, 84392
37.819, 84392
37.8203, 84392
37.8215, 84392
37.8228, 84392
37.8242, 84392
37.8256, 84392
37.8269, 84392
37.8282, 84392
37.8295, 84392
37.8309, 84392
37.8322, 84392
37.8336, 84392
37.8349, 84392
37.8363, 84608
37.8376, 84608
37.8389, 84608
37.8402, 84608
37.8415, 84608
37.8428, 84608
37.844, 84608
37.8452, 84608
37.8466, 84608
37.8479, 84608
37.8492, 84608
37.8504, 84608
37.8517, 84608
37.853, 84608
37.8544, 84608
37.8557, 84608
37.857, 84608
37.8584, 84608
37.8598, 84608
37.8611, 84608
37.8625, 84824
37.8637, 84824
37.8649, 84824
37.8662, 84824
37.8675, 84824
37.8688, 84824
37.8701, 84824
37.8714, 84824
37.8727, 84824
37.8741, 84824
37.8754, 84824
37.8767, 84824
37.878, 84824
37.8794, 84824
37.8807, 84824
37.8821, 84824
37.8834, 84824
37.8848, 84824
37.8861, 84824
37.8874, 85040
37.8887, 85040
37.8901, 85040
37.8914, 85040
37.8929, 85040
37.8944, 85040
37.8958, 85040
37.8971, 85040
37.8983, 85040
37.8996, 85040
37.901, 85040
37.9022, 85040
37.9035, 85040
37.9046, 85040
37.9057, 85040
37.907, 85040
37.9082, 85040
37.9095, 85040
37.9108, 85040
37.9121, 85040
37.9133, 84824
37.9147, 84824
37.916, 84824
37.9172, 84824
37.9185, 84824
37.9197, 84824
37.9209, 84824
37.9222, 84824
37.9235, 84824
37.9249, 84824
37.9262, 84824
37.9275, 84824
37.9288, 84824
37.9301, 84824
37.9315, 84824
37.9328, 84824
37.9342, 84824
37.9354, 84824
37.9368, 84824
37.9381, 84824
37.9395, 85040
37.9408, 85040
37.9421, 85040
37.9435, 85040
37.9449, 85040
37.9465, 85040
37.948, 85040
37.9493, 85040
37.9508, 85040
37.9522, 85040
37.9536, 85040
37.9549, 85040
37.9565, 85040
37.9579, 85040
37.9593, 85040
37.9605, 85040
37.9618, 85040
37.9633, 85040
37.9645, 85040
37.9658, 85040
37.9671, 85040
37.9684, 85040
37.9697, 85040
37.971, 85040
37.9724, 85040
37.9738, 85040
37.9751, 85040
37.9765, 85040
37.9778, 85040
37.9793, 85040
37.9806, 85040
37.9819, 85040
37.9833, 85040
37.9846, 85040
37.9859, 85040
37.9873, 85040
37.9886, 85040
37.99, 85040
37.9914, 85040
37.9926, 85040
37.9941, 85040
37.9954, 85040
37.9968, 85040
37.9982, 85256
37.9995, 85256
38.0008, 85256
38.0021, 85256
38.0034, 85256
38.0047, 85256
38.0061, 85256
38.0073, 85256
38.0086, 85256
38.0099, 85256
38.0113, 85256
38.0126, 85256
38.0139, 85256
38.0154, 85256
38.0168, 85256
38.0181, 85256
38.0194, 85256
38.0207, 85256
38.022, 85256
38.0233, 85256
38.0246, 85256
38.0258, 85256
38.0271, 85256
38.0285, 85256
38.0299, 85256
38.0313, 85256
38.0327, 85256
38.034, 85256
38.0353, 85256
38.0365, 85256
38.0378, 85256
38.0391, 85256
38.0404, 85256
38.0417, 85256
38.043, 85256
38.0443, 85256
38.0456, 85256
38.047, 85256
38.0482, 85256
38.0494, 85256
38.0505, 85256
38.0517, 85256
38.0528, 85256
38.054, 85256
38.0552, 85256
38.0565, 85256
38.0579, 85256
38.0594, 85256
38.0607, 85256
38.062, 85256
38.0633, 85256
38.0645, 85256
38.0658, 85256
38.0672, 85256
38.0686, 85256
38.0699, 85256
38.0712, 85256
38.0727, 85256
38.0741, 85256
38.0753, 85256
38.0766, 85256
38.0779, 85256
38.0792, 85256
38.0804, 85256
38.0818, 85256
38.0832, 85256
38.0846, 85256
38.0859, 85256
38.0872, 85256
38.0885, 85256
38.0898, 85256
38.0912, 85256
38.0925, 85040
38.0938, 85040
38.0952, 85040
38.0965, 85040
38.0977, 85040
38.099, 85040
38.1002, 85040
38.1013, 85040
38.1025, 85040
38.1036, 85040
38.1049, 85040
38.1062, 85040
38.1074, 85040
38.1087, 85040
38.11, 84608
38.1113, 84608
38.1125, 84608
38.1138, 84608
38.115, 84608
38.1164, 84608
38.1176, 84608
38.1189, 84608
38.1205, 84608
38.122, 84608
38.1236, 84608
38.1252, 84608
38.1266, 84608
38.1279, 84608
38.1292, 84608
38.1305, 84608
38.1317, 84608
38.133, 84608
38.1343, 84608
38.1355, 84608
38.1368, 84608
38.1379, 84608
38.1391, 84608
38.1403, 84608
38.1414, 84608
38.1425, 84608
38.1437, 84176
38.1448, 84176
38.146, 84176
38.1472, 84176
38.1486, 84176
38.1502, 84176
38.1516, 84176
38.1529, 84176
38.1542, 84176
38.1555, 84176
38.1568, 84176
38.158, 84176
38.1592, 84176
38.1603, 84176
38.1614, 84392
38.1626, 84392
38.1637, 84392
38.1649, 84392
38.166, 84392
38.1671, 84392
38.1683, 84392
38.1694, 84176
38.1705, 84176
38.1717, 84176
38.1728, 84176
38.174, 84176
38.1751, 84176
38.1762, 84176
38.1774, 83960
38.1785, 83960
38.1797, 83960
38.1808, 83960
38.1819, 83960
38.1831, 83960
38.1843, 83960
38.1856, 83960
38.1868, 83960
38.1881, 83960
38.1894, 83960
38.1905, 83960
38.1917, 83960
38.1928, 83960
38.194, 83960
38.1951, 84392
38.1963, 84392
38.1974, 84392
38.1986, 84392
38.1997, 84392
38.2009, 84392
38.2022, 84392
38.2036, 84176
38.2051, 84176
38.2064, 84176
38.2078, 84176
38.2092, 84176
38.2105, 84176
38.2118, 84608
38.213, 84608
38.2143, 84608
38.2157, 84608
38.217, 84608
38.2182, 84608
38.2193, 84608
38.2205, 85040
38.2216, 85040
38.2228, 85040
38.2239, 85040
38.225, 85040
38.2262, 85040
38.2273, 85040
38.2285, 85040
38.2296, 85040
38.2308, 85040
38.2321, 85040
38.2333, 85040
38.2346, 85040
38.2358, 85040
38.2371, 85040
38.2383, 85040
38.2394, 85040
38.2406, 85040
38.2417, 85040
38.2428, 85040
38.244, 85040
38.2451, 85040
38.2462, 85040
38.2474, 85040
38.2485, 85040
38.2499, 85040
38.2515, 85040
38.253, 85040
38.2546, 85040
38.2561, 85040
38.2574, 85040
38.2589, 85040
38.2603, 85040
38.2616, 85040
38.263, 85040
38.2642, 85040
38.2655, 85040
38.2667, 85040
38.2679, 85040
38.2691, 85040
38.2702, 85040
38.2713, 85040
38.2725, 85040
38.2736, 85040
38.2747, 85040
38.2759, 85040
38.277, 85040
38.2781, 85040
38.2793, 85040
38.2806, 84824
38.2819, 84824
38.2832, 84824
38.2845, 84824
38.2858, 84824
38.2872, 84824
38.2885, 84824
38.2896, 84824
38.2908, 84824
38.2919, 84824
38.2932, 84824
38.2944, 84824
38.2955, 84824
38.2967, 84824
38.298, 84824
38.2992, 84824
38.3004, 84824
38.3015, 84824
38.3027, 84824
38.3038, 84824
38.305, 84824
38.3062, 84824
38.3073, 84824
38.3085, 84824
38.3098, 84824
38.3112, 84824
38.3125, 84824
38.3138, 84824
38.3152, 84824
38.3164, 84824
38.3176, 84824
38.3189, 84824
38.3203, 84824
38.3218, 84824
38.3233, 84824
38.3246, 84824
38.3261, 84824
38.3275, 84824
38.3289, 84824
38.3303, 84824
38.3315, 84824
38.3329, 84824
38.3343, 84824
38.3357, 84824
38.3371, 84824
38.3386, 84824
38.3399, 84608
38.3412, 84608
38.3425, 84608
38.3439, 84608
38.3454, 84608
38.3469, 84608
38.3484, 84608
38.35, 84608
38.3514, 84608
38.3526, 84608
38.3537, 84608
38.3549, 84608
38.3562, 84608
38.3576, 84608
38.3589, 84608
38.3603, 84608
38.3616, 84608
38.3629, 84608
38.3643, 84608
38.3657, 84392
38.3672, 84392
38.3687, 84392
38.3701, 84392
38.3716, 84392
38.3731, 84392
38.3746, 84608
38.376, 84608
38.3774, 84608
38.3788, 84608
38.3804, 84608
38.3821, 84608
38.3837, 84608
38.3852, 84608
38.3865, 84608
38.3938, 84608
38.3952, 84608
38.3966, 84608
38.3979, 84608
38.3993, 84608
38.4006, 84608
38.4019, 84608
38.4033, 84608
38.4048, 84608
38.4063, 84608
38.4078, 84608
38.4093, 84608
38.4107, 84608
38.4122, 84608
38.4138, 84608
38.4155, 84608
38.417, 84608
38.4183, 84608
38.4197, 84608
38.4211, 84608
38.4226, 84608
38.4241, 84608
38.4255, 84824
38.4269, 84824
38.4284, 84824
38.4299, 84824
38.4315, 84824
38.433, 84824
38.4345, 84824
38.4361, 84824
38.4376, 84824
38.4387, 84824
38.4399, 84824
38.441, 84824
38.4424, 84824
38.4439, 84824
38.4453, 84824
38.4464, 84824
38.4477, 84824
38.4491, 84824
38.4504, 84392
38.4518, 84392
38.4532, 84392
38.4546, 84392
38.456, 84392
38.4574, 84392
38.4588, 84392
38.4602, 84608
38.4615, 84608
38.4626, 84608
38.4638, 84608
38.4649, 84608
38.4661, 84608
38.4672, 84608
38.4685, 84608
38.4699, 84608
38.4715, 84608
38.473, 84608
38.4744, 84608
38.4756, 84608
38.4767, 84608
38.4779, 84608
38.4792, 84608
38.4805, 84608
38.4817, 84608
38.4828, 84608
38.4854, 84824
38.4867, 84824
38.4879, 84824
38.489, 84824
38.4903, 84824
38.4914, 84824
38.4927, 84824
38.494, 85256
38.4973, 85256
38.4987, 85256
38.5, 85256
38.5013, 85256
38.5025, 85256
38.5037, 85256
38.5049, 85256
38.5061, 85256
38.5074, 85256
38.5087, 85256
38.5101, 85688
38.5116, 85688
38.513, 85688
38.5142, 85688
38.5154, 85688
38.5221, 86120
38.5235, 86120
38.5247, 86120
38.5259, 86120
38.5272, 86120
38.5284, 85904
38.5297, 85904
38.531, 85904
38.5324, 85904
38.5341, 85904
38.5356, 85904
38.537, 85688
38.5383, 85688
38.5397, 85688
38.5411, 85688
38.5422, 85688
38.5436, 85688
38.545, 85472
38.5463, 85472
38.5478, 85472
38.5492, 85472
38.5508, 85472
38.5522, 85472
38.5557, 85688
38.557, 85688
38.5583, 85688
38.5595, 85688
38.5609, 85688
38.5623, 85688
38.5638, 85688
38.5652, 85688
38.5667, 85688
38.5681, 85688
38.5696, 85688
38.5755, 85688
38.5769, 85688
38.5782, 85688
38.5794, 85688
38.5806, 85688
38.5819, 85688
38.5869, 85904
38.5884, 85904
38.5898, 85904
38.5913, 85904
38.5928, 85904
38.5942, 85904
38.5956, 85904
38.5971, 85904
38.5985, 85904
38.6031, 85904
38.6047, 86120
38.6064, 86120
38.608, 86120
38.6095, 86120
38.6134, 85904
38.6149, 85904
38.6164, 85904
38.6178, 85904
38.6195, 85904
38.6277, 85472
38.634, 85256
38.6355, 85256
38.637, 85256
38.6384, 85040
38.6398, 85040
38.6412, 85040
38.6426, 85040
38.6439, 85040
38.645, 85040
38.6462, 85040
38.6474, 84608
38.6485, 84608
38.6497, 84608
38.651, 84608
38.6524, 84608
38.6539, 84608
38.6553, 84608
38.6566, 84608
38.6578, 84608
38.659, 84608
38.6601, 84608
38.6612, 84608
38.6623, 84608
38.6635, 84608
38.6647, 84392
38.6658, 84392
38.667, 84392
38.6681, 84392
38.6693, 84392
38.6704, 84392
38.6715, 84392
38.6727, 84392
38.6738, 84392
38.675, 84392
38.6761, 84392
38.6773, 84392
38.6784, 84392
38.6796, 84392
38.6807, 84392
38.6819, 84608
38.683, 84608
38.6843, 84608
38.6855, 84608
38.6866, 84608
38.6878, 84608
38.689, 84608
38.6902, 85040
38.6913, 85040
38.6925, 85040
38.6936, 85040
38.6948, 85040
38.696, 85040
38.6972, 85040
38.6984, 85472
38.6995, 85472
38.7007, 85472
38.7018, 85472
38.7029, 85472
38.704, 85472
38.7052, 85472
38.7063, 85472
38.7074, 85040
38.7085, 85040
38.7096, 85040
38.7107, 85040
38.7119, 85040
38.713, 85040
38.7141, 85040
38.7153, 84608
38.7164, 84608
38.7175, 84608
38.7187, 84608
38.7198, 84608
38.721, 84608
38.7221, 84608
38.7232, 84608
38.7244, 85040
38.7256, 85040
38.7267, 85040
38.7278, 85040
38.7289, 85040
38.73, 85040
38.7311, 85040
38.7322, 84608
38.7334, 84608
38.7345, 84608
38.7356, 84608
38.7367, 84608
38.7378, 84608
38.739, 84608
38.7401, 84608
38.7412, 85256
38.7423, 85256
38.7434, 85256
38.7445, 85256
38.7456, 85256
38.7467, 85256
38.7479, 85256
38.7491, 86552
38.7503, 86552
38.7515, 86552
38.7526, 86552
38.7537, 86552
38.7548, 86552
38.7615, 87200
38.764, 87200
38.7652, 87200
38.7663, 87200
38.7675, 87200
38.7686, 87200
38.7697, 87200
38.7726, 87200
38.7739, 87200
38.775, 87200
38.7761, 87200
38.7773, 87200
38.7784, 87200
38.7795, 87200
38.7812, 87200
38.7823, 87200
38.7835, 86768
38.7847, 86768
38.786, 86768
38.7872, 86768
38.7883, 86768
38.7895, 86768
38.7906, 86768
38.7917, 86768
38.7928, 86120
38.7939, 86120
38.795, 86120
38.7972, 86120
38.7993, 86120
38.8061, 85472
38.8074, 85472
38.8086, 85472
38.8097, 85904
38.8108, 85904
38.8119, 85904
38.813, 85904
38.8142, 85904
38.8153, 85904
38.8164, 85904
38.8175, 86552
38.8187, 86552
38.8198, 86552
38.821, 86552
38.8221, 86552
38.8232, 86552
38.8243, 86552
38.8254, 86552
38.8266, 86552
38.8277, 86552
38.8288, 86552
38.8299, 86552
38.8311, 86552
38.8322, 86552
38.8333, 86552
38.8344, 86552
38.8355, 86120
38.8366, 86120
38.8378, 86120
38.8389, 86120
38.84, 86120
38.8411, 86120
38.8422, 86120
38.8433, 85040
38.8444, 85040
38.8455, 85040
38.8466, 85040
38.8477, 85040
38.8488, 85040
38.85, 85040
38.8511, 85040
38.8522, 85040
38.8534, 85040
38.8545, 85040
38.8556, 85040
38.8567, 85040
38.8578, 85040
38.8589, 85040
38.8601, 85040
38.8612, 84824
38.8623, 84824
38.8635, 84824
38.8647, 84824
38.8658, 84824
38.8669, 84824
38.868, 84824
38.8692, 84608
38.8703, 84608
38.8714, 84608
38.8725, 84608
38.8737, 84608
38.8748, 84608
38.8759, 84608
38.877, 84608
38.8781, 84392
38.8792, 84392
38.8803, 84392
38.8815, 84392
38.8826, 84392
38.8837, 84392
38.8848, 84392
38.8859, 84392
38.887, 84392
38.8882, 84392
38.8894, 84392
38.8909, 84392
38.8926, 84392
38.8939, 84392
38.8952, 84176
38.8967, 84176
38.898, 84176
38.8993, 84176
38.9007, 84176
38.9023, 84176
38.9036, 84176
38.9141, 84176
38.9155, 84176
38.9169, 84176
38.9193, 84176
38.9261, 84176
38.9276, 84176
38.9288, 84392
38.93, 84392
38.9312, 84392
38.9324, 84392
38.9336, 84392
38.9349, 84392
38.9361, 84392
38.9374, 84176
38.9387, 84176
38.94, 84176
38.9413, 84176
38.9426, 84176
38.9439, 84176
38.9454, 84176
38.9474, 84176
38.9488, 84176
38.9501, 84176
38.9514, 84176
38.9525, 84176
38.9539, 84176
38.9553, 84176
38.9566, 84176
38.958, 84176
38.9593, 84176
38.9607, 84176
38.962, 84176
38.9634, 84176
38.9646, 84176
38.9659, 84176
38.9672, 84176
38.9685, 84176
38.9698, 84176
38.9711, 84176
38.9723, 84176
38.9736, 84176
38.975, 84176
38.9763, 84176
38.9776, 84176
38.9789, 84176
38.9802, 84176
38.9814, 84176
38.9827, 84176
38.984, 84176
38.9852, 84176
38.9864, 84176
38.9877, 84176
38.9889, 84176
38.9902, 84176
38.9913, 84176
38.9925, 84176
38.9937, 84176
38.9952, 84176
38.9968, 84392
38.9981, 84392
38.9994, 84392
39.0007, 84392
39.0021, 84392
39.0033, 84392
39.0047, 84392
39.006, 84176
39.0073, 84176
39.0086, 84176
39.0099, 84176
39.0113, 84176
39.0125, 84176
39.0137, 84176
39.015, 84176
39.0163, 84176
39.0177, 84176
39.0189, 84176
39.0202, 84176
39.0215, 84176
39.0227, 84176
39.024, 84176
39.0253, 84176
39.0266, 84176
39.0279, 84176
39.0292, 84176
39.0305, 84176
39.0318, 84176
39.033, 84176
39.0342, 84176
39.0356, 84176
39.0369, 84176
39.0381, 84176
39.0394, 84176
39.0407, 84176
39.042, 84176
39.0433, 84176
39.0445, 84176
39.0457, 84176
39.0469, 84176
39.0481, 84176
39.0493, 84176
39.0505, 84176
39.0517, 84176
39.0529, 84176
39.0541, 84176
39.0553, 84176
39.0565, 84176
39.0577, 84176
39.0589, 84176
39.0601, 84176
39.0613, 84176
39.0625, 84176
39.0637, 84176
39.0648, 84176
39.066, 84176
39.0672, 84176
39.0683, 84176
39.0695, 84176
39.0707, 84176
39.072, 84176
39.0732, 84176
39.0744, 84176
39.0757, 84176
39.077, 84176
39.0782, 84176
39.0794, 84176
39.0805, 84176
39.0817, 84176
39.0828, 84176
39.0841, 84176
39.0853, 84176
39.0876, 84176
39.0904, 84176
39.092, 84176
39.0935, 84176
39.095, 84176
39.0965, 84176
39.0979, 84176
39.0994, 83960
39.1008, 83960
39.1022, 83960
39.1034, 83960
39.1045, 83960
39.1057, 83960
39.1069, 83960
39.1081, 83960
39.1096, 83960
39.1122, 83960
39.1141, 83960
39.1154, 83960
39.1174, 83960
39.1201, 83960
39.1224, 83960
39.1242, 83960
39.1381, 83744
39.142, 83744
39.1442, 83744
39.1589, 83528
39.1608, 83528
39.1639, 83528
39.1673, 83528
39.1689, 83528
39.1703, 83528
39.1718, 83528
39.1863, 83528
39.1902, 83528
39.1915, 83528
39.1928, 83528
39.1943, 83528
39.1971, 83312
39.2055, 83312
39.2081, 83312
39.2098, 83096
39.2116, 83096
39.2128, 83096
39.214, 83096
39.2152, 83096
39.2163, 83096
39.2175, 83096
39.2187, 83096
39.223, 83096
39.2248, 83096
39.2263, 83096
39.2275, 82880
39.2287, 82880
39.2298, 82880
39.2324, 82880
39.2339, 82880
39.2353, 82880
39.2365, 82664
39.2383, 82664
39.2414, 82664
39.243, 82664
39.2443, 82880
39.2455, 82880
39.2467, 82880
39.2484, 82880
39.2496, 82880
39.251, 82880
39.2523, 82880
39.2536, 83096
39.255, 83096
39.2564, 83096
39.2579, 83096
39.2594, 83096
39.2607, 83096
39.2621, 82880
39.2635, 82880
39.2649, 82880
39.2662, 82880
39.2681, 82880
39.2742, 82880
39.2754, 82880
39.2766, 82880
39.2778, 82880
39.279, 82880
39.2802, 82880
39.2814, 82880
39.2825, 82880
39.2837, 82880
39.2848, 82880
39.286, 82880
39.2871, 82448
39.2886, 82448
39.29, 82448
39.2912, 82448
39.2924, 82448
39.2937, 82448
39.295, 82448
39.2963, 82664
39.2975, 82664
39.2988, 82664
39.2999, 82664
39.3011, 82664
39.3022, 82664
39.3034, 82664
39.3045, 82664
39.3056, 82664
39.3068, 82664
39.3079, 82664
39.3091, 82664
39.3102, 82664
39.3114, 82664
39.3125, 82232
39.3137, 82232
39.3148, 82232
39.316, 82232
39.3172, 82232
39.3183, 82232
39.3195, 82232
39.3206, 82232
39.3218, 82232
39.3229, 82232
39.3241, 82232
39.3252, 82232
39.3305, 82232
39.3318, 82232
39.3329, 82232
39.3341, 82232
39.3352, 82232
39.3364, 82232
39.3375, 82232
39.3386, 82232
39.3398, 82232
39.3409, 82232
39.342, 82232
39.3432, 82232
39.3449, 82232
39.3469, 82232
39.3482, 82232
39.3493, 82232
39.3505, 82232
39.3517, 82232
39.3529, 82232
39.3543, 82232
39.356, 82448
39.3575, 82448
39.359, 82448
39.3609, 82448
39.3628, 82448
39.3644, 82448
39.366, 82448
39.3676, 82448
39.3692, 82448
39.3712, 82448
39.3771, 82448
39.3794, 82448
39.3808, 82016
39.3822, 82016
39.3878, 82016
39.3892, 82232
39.3905, 82232
39.3916, 82232
39.3928, 82232
39.394, 82232
39.3953, 82232
39.3965, 82232
39.3976, 82232
39.3989, 82232
39.4001, 82232
39.4144, 82016
39.4191, 82016
39.421, 82016
39.4225, 82016
39.4241, 82232
39.4258, 82232
39.4274, 82232
39.4318, 82232
39.4345, 82232
39.4358, 82232
39.437, 82232
39.4382, 82232
39.4394, 82232
39.4406, 82232
39.4418, 82232
39.443, 82232
39.4442, 82232
39.4453, 82232
39.4466, 82232
39.4501, 81800
39.4555, 81800
39.4611, 82232
39.4633, 82232
39.465, 82232
39.4666, 82232
39.4681, 82232
39.4696, 82232
39.4708, 82232
39.4744, 82448
39.483, 82664
39.4892, 82664
39.4941, 82448
39.4965, 82448
39.4996, 82448
39.5024, 82664
39.508, 82664
39.5098, 82664
39.5184, 82664
39.5198, 82664
39.521, 82664
39.5224, 82664
39.5261, 82880
39.5275, 82880
39.5286, 82880
39.5298, 82880
39.531, 82880
39.5324, 82880
39.5337, 82880
39.5352, 82880
39.5366, 82880
39.5381, 82880
39.5394, 82880
39.5407, 82880
39.542, 82880
39.5454, 82880
39.548, 82880
39.5494, 82880
39.5521, 82880
39.5534, 82880
39.5559, 82880
39.5673, 82880
39.5688, 82880
39.5703, 82880
39.5716, 82880
39.5793, 82880
39.5818, 82880
39.5846, 82880
39.5863, 82448
39.588, 82448
39.5895, 82448
39.5908, 82448
39.5939, 82664
39.5966, 82664
39.6033, 82664
39.6047, 82664
39.606, 82664
39.6073, 82664
39.6085, 82664
39.6097, 82664
39.6114, 82880
39.6139, 82880
39.6155, 82880
39.6172, 82880
39.6187, 82880
39.62, 82880
39.6212, 82880
39.6225, 82880
39.6238, 82880
39.6251, 82880
39.6265, 82880
39.6278, 82880
39.6291, 82880
39.6304, 82880
39.6317, 82880
39.6329, 82880
39.6344, 82880
39.6356, 82880
39.6369, 82880
39.6382, 82880
39.6395, 82880
39.6407, 82880
39.6419, 82880
39.6469, 82664
39.6487, 82664
39.6624, 82880
39.6657, 82880
39.6693, 82880
39.6713, 82880
39.68, 82880
39.6825, 82880
39.6904, 83096
39.6925, 83096
39.6952, 83096
39.6977, 83096
39.7052, 83096
39.7065, 83096
39.7109, 83096
39.7138, 83312
39.7179, 83312
39.7205, 83312
39.7218, 83312
39.723, 83312
39.7271, 83312
39.7284, 83312
39.7297, 83312
39.7309, 83312
39.7321, 83312
39.7333, 83312
39.7345, 83312
39.7357, 83312
39.7369, 83312
39.7381, 83312
39.7392, 83528
39.7404, 83528
39.7416, 83528
39.7427, 83528
39.7439, 83528
39.745, 83528
39.7462, 83528
39.7474, 83528
39.7486, 83312
39.7499, 83312
39.7513, 83312
39.7525, 83312
39.7537, 83312
39.7549, 83312
39.7561, 83312
39.7573, 83312
39.7585, 83312
39.7601, 83312
39.7615, 83312
39.7629, 83312
39.7642, 83312
39.7655, 83312
39.7668, 83312
39.768, 83312
39.7692, 83312
39.7704, 83312
39.7716, 83312
39.7727, 83312
39.774, 83312
39.7751, 83312
39.7764, 83312
39.7777, 83312
39.7791, 83312
39.7805, 83312
39.7817, 83312
39.783, 83312
39.7842, 83312
39.7855, 83312
39.7868, 83312
39.7881, 83312
39.7894, 83312
39.7908, 83312
39.7921, 83312
39.7934, 83312
39.7947, 83312
39.796, 83312
39.7973, 83312
39.7986, 83528
39.8, 83528
39.8012, 83528
39.8025, 83528
39.8038, 83528
39.8051, 83528
39.8063, 83528
39.8076, 83744
39.8089, 83744
39.8101, 83744
39.8114, 83744
39.8126, 83744
39.8139, 83744
39.8151, 83744
39.8164, 83744
39.8177, 83744
39.8191, 83744
39.8204, 83744
39.8217, 83744
39.823, 83744
39.8244, 83744
39.8258, 83744
39.8272, 83744
39.8286, 83744
39.8299, 83744
39.8313, 83744
39.8326, 83744
39.8338, 83960
39.8351, 83960
39.8363, 83960
39.8376, 83960
39.8389, 83960
39.8402, 83960
39.8415, 83960
39.8428, 83960
39.8442, 83960
39.8455, 83960
39.8467, 83960
39.848, 83960
39.8493, 83960
39.8507, 83960
39.8522, 83960
39.8535, 83960
39.8547, 83960
39.8561, 83960
39.8574, 83960
39.8587, 84176
39.86, 84176
39.8613, 84176
39.8626, 84176
39.8638, 84176
39.865, 84176
39.8662, 84176
39.8675, 83960
39.8688, 83960
39.8699, 83960
39.8713, 83960
39.8726, 83960
39.8739, 83960
39.8752, 83960
39.8765, 83960
39.8777, 83960
39.879, 83960
39.8803, 83960
39.8816, 83960
39.8829, 83960
39.8842, 83960
39.8855, 83960
39.8869, 83960
39.8882, 83960
39.8894, 83960
39.8907, 83960
39.892, 83960
39.8934, 83960
39.8947, 83960
39.896, 83960
39.8972, 83960
39.8984, 83960
39.8996, 83960
39.9009, 83960
39.9021, 83960
39.9033, 83960
39.9047, 83960
39.906, 83960
39.9072, 83960
39.9084, 83960
39.9095, 83960
39.9107, 83744
39.9118, 83744
39.913, 83744
39.9142, 83744
39.9154, 83744
39.9165, 83744
39.9177, 83744
39.9189, 83312
39.9201, 83312
39.9213, 83312
39.9225, 83312
39.9236, 83312
39.9248, 83312
39.9259, 83312
39.9271, 83528
39.9282, 83528
39.9296, 83528
39.931, 83528
39.9324, 83528
39.9337, 83528
39.9351, 83528
39.9364, 83312
39.9377, 83312
39.9389, 83312
39.9401, 83312
39.9414, 83312
39.9426, 83312
39.9439, 83744
39.9451, 83744
39.9463, 83744
39.9474, 83744
39.9486, 83744
39.9497, 83744
39.9508, 83744
39.952, 83744
39.9531, 83312
39.9542, 83312
39.9554, 83312
39.9566, 83312
39.9579, 83312
39.959, 83312
39.9602, 83312
39.9615, 83312
39.9626, 83312
39.9638, 83312
39.9651, 83312
39.9662, 83312
39.9674, 83312
39.9686, 83312
39.9698, 83744
39.9709, 83744
39.9721, 83744
39.9732, 83744
39.9743, 83744
39.9755, 83744
39.9766, 83744
39.9777, 83744
39.9789, 83096
39.98, 83096
39.9812, 83096
39.9823, 83096
39.9834, 83096
39.9846, 83096
39.9857, 83096
39.9869, 83096
39.988, 83096
39.9891, 83096
39.9903, 83096
39.9914, 83096
39.9926, 83096
39.9938, 83096
39.995, 83096
39.9963, 83096
39.9976, 83096
39.9989, 83096
40, 83096
40.0013, 83096
40.0024, 83096
40.0036, 83312
40.0047, 83312
40.0058, 83312
40.007, 83312
40.0081, 83312
40.0092, 83312
40.0104, 83312
40.0117, 83312
40.013, 83312
40.0143, 83312
40.0157, 83312
40.017, 83312
40.0183, 83312
40.0196, 83312
40.0209, 83744
40.0222, 83744
40.0235, 83744
40.0248, 83744
40.0259, 83744
40.0272, 83744
40.0283, 83744
40.0294, 83744
40.0306, 83744
40.0317, 83744
40.0329, 83744
40.034, 83744
40.0351, 83744
40.0363, 83744
40.0374, 83744
40.0386, 83312
40.0398, 83312
40.041, 83312
40.0423, 83312
40.0436, 83312
40.0449, 83312
40.0461, 83528
40.0474, 83528
40.0486, 83528
40.0497, 83528
40.0508, 83528
40.052, 83528
40.0531, 83528
40.0542, 83528
40.0554, 83312
40.0566, 83312
40.0579, 83312
40.0592, 83312
40.0605, 83312
40.0618, 83312
40.0632, 83528
40.0645, 83528
40.0658, 83528
40.0671, 83528
40.0685, 83528
40.0698, 83528
40.0712, 83528
40.0725, 83744
40.0736, 83744
40.0748, 83744
40.0759, 83744
40.077, 83744
40.0782, 83744
40.0793, 83744
40.0804, 83528
40.0816, 83528
40.0827, 83528
40.0838, 83528
40.085, 83528
40.0863, 83528
40.0878, 83528
40.089, 83528
40.0902, 83528
40.0914, 83528
40.0926, 83528
40.0937, 83528
40.0949, 83528
40.096, 83528
40.0971, 83528
40.0983, 83528
40.0994, 83528
40.1005, 83528
40.1017, 83528
40.1028, 83528
40.1039, 83528
40.1051, 83528
40.1062, 83528
40.1074, 83528
40.1085, 83528
40.1097, 83528
40.1108, 83528
40.112, 83528
40.1131, 83528
40.1143, 83528
40.1154, 83528
40.1166, 83528
40.1177, 83528
40.1188, 83528
40.12, 83528
40.1211, 83528
40.1223, 83528
40.1234, 83528
40.1246, 83528
40.1257, 83528
40.1269, 83528
40.128, 83528
40.1291, 83528
40.1303, 83528
40.1314, 83528
40.1326, 83528
40.1337, 83528
40.1348, 83528
40.136, 83528
40.1371, 83528
40.1383, 83528
40.1394, 83528
40.1406, 83528
40.1417, 83528
40.1429, 83528
40.144, 83528
40.1452, 83528
40.1463, 83528
40.1475, 83528
40.1486, 83528
40.1498, 83528
40.1509, 83528
40.152, 83528
40.1531, 83528
40.1543, 83528
40.1555, 83528
40.1566, 83528
40.1577, 83528
40.1589, 83528
40.16, 83528
40.1612, 83528
40.1623, 83528
40.1635, 83528
40.1646, 83528
40.1658, 83528
40.1669, 83528
40.1681, 83528
40.1692, 83528
40.1704, 83528
40.1715, 83528
40.1727, 83528
40.1738, 83528
40.1749, 83528
40.1761, 83528
40.1772, 83528
40.1783, 83528
40.1795, 83528
40.1807, 83528
40.1819, 83528
40.183, 83528
40.1842, 83528
40.1853, 83528
40.1864, 83528
40.1876, 83528
40.1888, 83528
40.19, 83528
40.1912, 83528
40.1924, 83528
40.1936, 83528
40.1949, 83528
40.1961, 83528
40.1973, 83528
40.1985, 83528
40.1997, 83528
40.2009, 83528
40.2021, 83528
40.2033, 83528
40.2045, 83528
40.2056, 83528
40.2069, 83528
40.2081, 83528
40.2092, 83528
40.2104, 83528
40.2115, 83528
40.2127, 83528
40.2138, 83528
40.215, 83528
40.2161, 83528
40.2173, 83528
40.2185, 83528
40.2196, 83528
40.2208, 83528
40.222, 83528
40.2232, 83528
40.2243, 83528
40.2255, 83528
40.2267, 83528
40.2278, 83528
40.229, 83528
40.2302, 83528
40.2313, 83528
40.2325, 83528
40.2336, 83528
40.2348, 83744
40.2359, 83744
40.2371, 83744
40.2382, 83744
40.2394, 83744
40.2406, 83744
40.2417, 83744
40.2429, 83744
40.2442, 83744
40.2454, 83744
40.2466, 83744
40.2478, 83744
40.249, 83744
40.2501, 83744
40.2512, 83960
40.2524, 83960
40.2535, 83960
40.2547, 83960
40.2559, 83960
40.257, 83960
40.2582, 83960
40.2594, 83960
40.2614, 83744
40.2629, 83744
40.2641, 83744
40.2653, 83744
40.2665, 83744
40.2676, 83744
40.2688, 83960
40.2699, 83960
40.2711, 83960
40.2723, 83960
40.2735, 83960
40.2746, 83960
40.2758, 83960
40.277, 83960
40.2782, 83960
40.2794, 83960
40.2806, 83960
40.2818, 83960
40.2829, 83960
40.2841, 83960
40.2853, 83960
40.2865, 83960
40.2876, 83960
40.2888, 83960
40.29, 83960
40.2916, 83960
40.2938, 83960
40.2954, 83960
40.2975, 83960
40.2987, 83960
40.3001, 83960
40.3013, 83960
40.3025, 84176
40.3038, 84176
40.305, 84176
40.3062, 84176
40.3074, 84176
40.3086, 84176
40.3097, 84176
40.3109, 84176
40.312, 84176
40.3131, 84176
40.3143, 84176
40.3154, 84176
40.3166, 84176
40.3177, 84176
40.3189, 84176
40.32, 83960
40.3211, 83960
40.3223, 83960
40.3234, 83960
40.3246, 83960
40.3257, 83960
40.3269, 83960
40.3281, 83960
40.3292, 83960
40.3303, 83960
40.3315, 83960
40.3326, 83960
40.3338, 83960
40.335, 83960
40.3361, 83960
40.3373, 83960
40.3384, 83960
40.3396, 83960
40.3407, 83960
40.3418, 83960
40.343, 83960
40.3441, 83960
40.3453, 83528
40.3465, 83528
40.3476, 83528
40.3488, 83528
40.3499, 83528
40.3511, 83528
40.3522, 83528
40.3534, 83528
40.3545, 83528
40.3557, 83528
40.3568, 83528
40.358, 83528
40.3591, 83528
40.3603, 83528
40.3614, 83528
40.3626, 83312
40.3637, 83312
40.3649, 83312
40.366, 83312
40.3671, 83312
40.3683, 83312
40.3694, 83312
40.3706, 83312
40.3717, 83312
40.3729, 83312
40.374, 83312
40.3751, 83312
40.3763, 83312
40.3774, 83312
40.3786, 83312
40.3797, 83312
40.3809, 83312
40.382, 83312
40.3832, 83312
40.3843, 83312
40.3855, 83312
40.3866, 83312
40.3877, 83312
40.3889, 83312
40.3901, 83312
40.3912, 83312
40.3924, 83312
40.3935, 83312
40.3947, 83312
40.3958, 83312
40.397, 83312
40.3981, 83312
40.3993, 83312
40.4005, 83312
40.4016, 83312
40.4028, 83312
40.4039, 83312
40.4051, 83312
40.4062, 83312
40.4074, 83312
40.4085, 83312
40.4097, 83312
40.4108, 83312
40.4119, 83312
40.4131, 83312
40.4168, 83312
40.4181, 83312
40.4193, 83312
40.4249, 83528
40.4262, 83528
40.4275, 83528
40.4288, 83528
40.4301, 83744
40.4315, 83744
40.4328, 83744
40.4341, 83744
40.4354, 83744
40.4366, 83744
40.4379, 83744
40.4392, 83960
40.4407, 83960
40.4419, 83960
40.443, 83960
40.4441, 83960
40.4452, 83960
40.4464, 83960
40.4475, 83744
40.4486, 83744
40.4498, 83744
40.4509, 83744
40.452, 83744
40.4532, 83744
40.4543, 83744
40.4555, 83744
40.4566, 83744
40.4577, 83744
40.4589, 83744
40.46, 83744
40.4612, 83744
40.4623, 83744
40.4635, 83744
40.4646, 83312
40.4657, 83312
40.4668, 83312
40.468, 83312
40.4691, 83312
40.4703, 83312
40.4714, 83312
40.4726, 83312
40.4737, 83096
40.4748, 83096
40.476, 83096
40.4771, 83096
40.4783, 83096
40.4794, 83096
40.4806, 83096
40.4817, 83096
40.4828, 83096
40.484, 83096
40.4851, 83096
40.4863, 83096
40.4874, 83096
40.4886, 83096
40.4897, 83096
40.4908, 82880
40.492, 82880
40.4932, 82880
40.4944, 82880
40.4956, 82880
40.4968, 82880
40.4981, 82880
40.4993, 82664
40.5006, 82664
40.5019, 82664
40.5032, 82664
40.5044, 82664
40.5056, 82664
40.5068, 82664
40.508, 82880
40.5092, 82880
40.5104, 82880
40.5115, 82880
40.5127, 82880
40.5138, 82880
40.515, 82880
40.5162, 82664
40.5173, 82664
40.5185, 82664
40.5196, 82664
40.5208, 82664
40.5219, 82664
40.5231, 82664
40.5243, 82664
40.5255, 82664
40.5266, 82664
40.5278, 82664
40.5289, 82664
40.53, 82664
40.5312, 82664
40.5323, 82664
40.5335, 82448
40.5346, 82448
40.5358, 82448
40.5369, 82448
40.5381, 82448
40.5393, 82448
40.5405, 82448
40.5417, 82448
40.5429, 82448
40.5441, 82448
40.5452, 82448
40.5464, 82448
40.5475, 82448
40.5501, 82448
40.5513, 82448
40.5526, 82448
40.5539, 82448
40.5553, 82448
40.5567, 82448
40.558, 82664
40.5595, 82664
40.5608, 82664
40.5621, 82664
40.5635, 82664
40.5648, 82664
40.5662, 82664
40.5674, 82448
40.5685, 82448
40.5697, 82448
40.5708, 82448
40.572, 82448
40.5731, 82448
40.5743, 82448
40.5755, 82448
40.5766, 82448
40.5778, 82448
40.5789, 82448
40.5801, 82448
40.5812, 82448
40.5824, 82448
40.5835, 82448
40.5847, 82448
40.5858, 82448
40.587, 82448
40.5881, 82448
40.5893, 82448
40.5904, 82448
40.5916, 82448
40.5927, 82664
40.5939, 82664
40.595, 82664
40.5962, 82664
40.5974, 82664
40.5985, 82664
40.5997, 82664
40.6009, 82664
40.602, 82664
40.6032, 82664
40.6043, 82664
40.6055, 82664
40.6067, 82664
40.6078, 82664
40.609, 82664
40.6101, 82664
40.6113, 82664
40.6125, 82664
40.6136, 82664
40.6174, 82664
40.6187, 82880
40.623, 82880
40.6246, 82880
40.6259, 82880
40.6272, 83096
40.6285, 83096
40.6298, 83096
40.6312, 83096
40.6324, 83096
40.6336, 83096
40.6348, 83096
40.6359, 83312
40.637, 83312
40.6382, 83312
40.6393, 83312
40.6405, 83312
40.6416, 83312
40.6427, 83312
40.6439, 83096
40.645, 83096
40.6462, 83096
40.6473, 83096
40.6484, 83096
40.6496, 83096
40.6507, 83096
40.6518, 83096
40.653, 83096
40.6541, 83096
40.6553, 83096
40.6564, 83096
40.6576, 83096
40.6587, 83096
40.6599, 83096
40.661, 83096
40.6621, 83096
40.6633, 83096
40.6644, 83096
40.6656, 83096
40.6667, 83096
40.6678, 83096
40.669, 83096
40.6701, 82880
40.6713, 82880
40.6724, 82880
40.6736, 82880
40.6747, 82880
40.6759, 82880
40.677, 82880
40.6781, 82880
40.6793, 82880
40.6804, 82880
40.6816, 82880
40.6827, 82880
40.6839, 82880
40.685, 82880
40.6862, 82880
40.6873, 82664
40.6885, 82664
40.6896, 82664
40.6907, 82664
40.6919, 82664
40.693, 82664
40.6942, 82664
40.6953, 82664
40.6964, 82664
40.6976, 82664
40.6987, 82664
40.6999, 82664
40.701, 82664
40.7021, 82664
40.7033, 82664
40.7044, 82664
40.7056, 82664
40.7067, 82664
40.7079, 82664
40.709, 82664
40.7102, 82664
40.7114, 82664
40.7125, 82664
40.7136, 82664
40.7148, 82664
40.7159, 82664
40.7171, 82664
40.7182, 82664
40.7194, 82664
40.7205, 82664
40.7216, 82664
40.7228, 82664
40.7239, 82664
40.7251, 82664
40.7262, 82664
40.7273, 82664
40.7285, 82664
40.7296, 82664
40.7308, 82664
40.7319, 82664
40.7331, 82664
40.7342, 82664
40.7354, 82664
40.7366, 82664
40.7377, 82664
40.7389, 82664
40.74, 82664
40.7412, 82664
40.7423, 82664
40.7434, 82664
40.7473, 82664
40.7485, 82664
40.7498, 82664
40.751, 82664
40.7523, 82664
40.7535, 82664
40.7549, 83096
40.7561, 83096
40.7574, 83096
40.7586, 83096
40.7599, 83096
40.7612, 83096
40.7624, 83096
40.7635, 83312
40.7647, 83312
40.7658, 83312
40.767, 83312
40.7681, 83312
40.7693, 83312
40.7704, 83312
40.7715, 83312
40.7727, 83312
40.7738, 83312
40.775, 83312
40.7761, 83312
40.7772, 83312
40.7784, 83312
40.7795, 83312
40.7807, 83096
40.7818, 83096
40.7829, 83096
40.7841, 83096
40.7852, 83096
40.7863, 83096
40.7875, 83096
40.7886, 83096
40.7898, 83096
40.7909, 83096
40.7921, 83096
40.7932, 83096
40.7944, 83096
40.7955, 83096
40.7967, 83096
40.7978, 83312
40.799, 83312
40.8001, 83312
40.8013, 83312
40.8024, 83312
40.8036, 83312
40.8048, 83312
40.8059, 83096
40.8071, 83096
40.8085, 83096
40.8098, 83096
40.8111, 83096
40.8123, 83096
40.8134, 83096
40.8146, 83096
40.8158, 83096
40.817, 83096
40.8181, 83096
40.8193, 83096
40.8204, 83096
40.8215, 83096
40.8227, 83096
40.8239, 83096
40.825, 83096
40.8262, 83096
40.8273, 83096
40.8285, 83096
40.8299, 83096
40.8311, 83096
40.8322, 83096
40.8334, 83096
40.8346, 83096
40.8357, 83096
40.8369, 83096
40.838, 83096
40.8392, 83096
40.8403, 83096
40.8415, 83096
40.8426, 83096
40.8438, 83096
40.8449, 83096
40.8501, 83096
40.8513, 83096
40.8526, 83096
40.8538, 83096
40.8549, 83096
40.8561, 83096
40.8572, 82880
40.8584, 82880
40.8597, 82880
40.8609, 82880
40.862, 82880
40.8632, 82880
40.8645, 82880
40.8657, 82880
40.8694, 82880
40.8739, 83096
40.8781, 83096
40.884, 83528
40.8854, 83528
40.8867, 83528
40.888, 83528
40.8892, 83528
40.8905, 83528
40.8918, 83744
40.8931, 83744
40.8981, 83744
40.8995, 83744
40.9008, 83744
40.9021, 83744
40.9035, 83744
40.9051, 83744
40.9066, 83744
40.908, 83960
40.9094, 83960
40.9107, 83960
40.9121, 83960
40.9143, 83960
40.9156, 83960
40.9169, 83744
40.9181, 83744
40.9194, 83744
40.9207, 83744
40.9221, 83744
40.9234, 83744
40.9247, 83744
40.926, 83744
40.9278, 83744
40.9291, 83744
40.9304, 83744
40.9317, 83744
40.933, 83744
40.9342, 83528
40.9357, 83528
40.937, 83528
40.9382, 83528
40.9395, 83528
40.9408, 83528
40.942, 83528
40.9433, 83528
40.9445, 83528
40.9457, 83528
40.947, 83528
40.9483, 83528
40.9495, 83528
40.9508, 83528
40.9521, 83528
40.9533, 83528
40.9545, 83528
40.9561, 83528
40.9573, 83528
40.9585, 83528
40.9599, 83312
40.9611, 83312
40.9624, 83312
40.9636, 83312
40.9651, 83312
40.9663, 83312
40.9677, 83312
40.9689, 83312
40.9703, 83312
40.9717, 83312
40.973, 83312
40.9742, 83312
40.9755, 83312
40.9768, 83312
40.9781, 83312
40.9794, 83312
40.9807, 83312
40.9819, 83312
40.9837, 83312
40.985, 83312
40.9862, 83312
40.9875, 83312
40.9888, 83312
40.99, 83312
40.9913, 83312
40.9924, 83312
40.9936, 83312
40.9948, 83312
40.9959, 83312
40.9971, 83312
40.9982, 83312
40.9994, 83312
41.0006, 83312
41.0017, 83312
41.0028, 83312
41.004, 83312
41.0052, 83312
41.0063, 83312
41.0075, 83312
41.0087, 83312
41.0098, 83312
41.011, 83096
41.0121, 83096
41.0133, 83096
41.0144, 83096
41.0156, 83096
41.0168, 83096
41.0179, 83096
41.0191, 83096
41.0203, 83096
41.0215, 83096
41.0226, 83096
41.0238, 83096
41.025, 83096
41.0261, 83096
41.0272, 83096
41.0284, 82880
41.0296, 82880
41.0307, 82880
41.0319, 82880
41.0331, 82880
41.0342, 82880
41.0356, 82880
41.0369, 82880
41.038, 82880
41.0392, 82880
41.0404, 82880
41.0415, 82880
41.0427, 82880
41.0438, 82880
41.045, 82664
41.0462, 82664
41.0473, 82664
41.0485, 82664
41.0497, 82664
41.0508, 82664
41.052, 82664
41.0532, 82664
41.0543, 82664
41.0555, 82664
41.0567, 82664
41.0578, 82664
41.059, 82664
41.0602, 82664
41.0613, 82664
41.0625, 82664
41.0637, 82664
41.0649, 82664
41.066, 82664
41.0672, 82664
41.0683, 82664
41.0831, 82880
41.0861, 82880
41.0874, 82880
41.1016, 82880
41.1032, 82880
41.1044, 83096
41.1056, 83096
41.1067, 83096
41.1079, 83096
41.1091, 83096
41.1103, 83096
41.1141, 82880
41.1157, 82880
41.1221, 82880
41.1301, 83096
41.1369, 83096
41.1399, 83096
41.146, 83096
41.1479, 83096
41.1496, 83096
41.157, 83096
41.1609, 83096
41.1645, 82880
41.1668, 82880
41.1685, 82880
41.17, 82880
41.1712, 82880
41.1726, 82880
41.1739, 82880
41.1751, 82880
41.1763, 82880
41.1774, 82880
41.1786, 82880
41.1798, 82880
41.181, 82880
41.1822, 82880
41.1834, 82880
41.1846, 82880
41.1858, 82880
41.187, 82880
41.1887, 82880
41.1941, 82880
41.2084, 83096
41.21, 83096
41.2112, 83096
41.2124, 83096
41.2135, 83096
41.2147, 83096
41.2159, 83096
41.2171, 83096
41.2184, 83096
41.2197, 83096
41.221, 83096
41.2222, 83096
41.2235, 83096
41.2249, 83096
41.2261, 83096
41.2275, 83096
41.2288, 83096
41.2301, 83096
41.2314, 83096
41.2327, 83096
41.234, 83096
41.2353, 83096
41.2368, 83096
41.238, 83096
41.2393, 83096
41.2405, 83096
41.2418, 83312
41.243, 83312
41.2443, 83312
41.2455, 83312
41.2468, 83312
41.2481, 83312
41.2494, 83096
41.2506, 83096
41.2519, 83096
41.2532, 83096
41.2545, 83096
41.2557, 83096
41.257, 83096
41.2583, 83096
41.2595, 83096
41.2608, 83096
41.262, 83096
41.2633, 83096
41.2645, 83096
41.2658, 83096
41.267, 83096
41.2685, 83096
41.2697, 83096
41.271, 83096
41.2723, 83096
41.2735, 83096
41.2748, 83096
41.2761, 83096
41.2774, 83096
41.2786, 83096
41.2799, 83096
41.2812, 83096
41.2825, 83096
41.2837, 83096
41.285, 83096
41.2862, 83096
41.2875, 83096
41.2888, 83096
41.2901, 83096
41.2914, 83096
41.2927, 83096
41.2939, 83096
41.2954, 83096
41.2967, 83096
41.298, 83096
41.2993, 83096
41.3008, 83096
41.302, 83096
41.3032, 83096
41.3043, 83096
41.3055, 83096
41.3066, 83096
41.3078, 83096
41.3089, 83096
41.3101, 82880
41.3112, 82880
41.3124, 82880
41.3135, 82880
41.3146, 82880
41.3158, 82880
41.3169, 82880
41.3181, 82880
41.3192, 82880
41.3203, 82880
41.3215, 82880
41.3226, 82880
41.3238, 82880
41.3249, 82880
41.3261, 82880
41.3272, 82664
41.3284, 82664
41.3296, 82664
41.3308, 82664
41.3321, 82664
41.3333, 82664
41.3345, 82664
41.3356, 82664
41.3368, 82664
41.3379, 82664
41.3392, 82664
41.3403, 82664
41.3415, 82664
41.3427, 82664
41.3439, 82664
41.345, 82664
41.3462, 82664
41.3474, 82664
41.3485, 82664
41.3497, 82664
41.3508, 82664
41.352, 82664
41.3532, 82664
41.3543, 82664
41.3555, 82664
41.3566, 82664
41.3578, 82664
41.359, 82664
41.3601, 82664
41.3613, 82664
41.3624, 82664
41.3636, 82664
41.3647, 82664
41.3659, 82664
41.3672, 82664
41.3683, 82664
41.3695, 82664
41.3706, 82664
41.3718, 82664
41.3729, 82664
41.3741, 82664
41.3752, 82664
41.3764, 82664
41.3775, 82448
41.3787, 82448
41.3798, 82448
41.381, 82448
41.3821, 82448
41.3833, 82448
41.3844, 82448
41.3855, 82448
41.3867, 82448
41.3878, 82448
41.389, 82448
41.3901, 82448
41.3913, 82448
41.3924, 82448
41.3936, 82448
41.3948, 82448
41.396, 82448
41.3971, 82448
41.3983, 82448
41.3994, 82448
41.4006, 82448
41.4017, 82448
41.4029, 82448
41.404, 82448
41.4052, 82448
41.4064, 82448
41.4075, 82448
41.4087, 82448
41.4098, 82448
41.411, 82448
41.4121, 82232
41.4133, 82232
41.4144, 82232
41.4156, 82232
41.4167, 82232
41.4179, 82232
41.4191, 82232
41.4202, 82232
41.4214, 82232
41.4225, 82232
41.4236, 82232
41.4248, 82232
41.4259, 82232
41.4271, 82232
41.4283, 82232
41.4294, 82232
41.4305, 82232
41.4317, 82232
41.4328, 82232
41.4341, 82232
41.4353, 82232
41.4365, 82232
41.4377, 82232
41.4389, 82232
41.4401, 82232
41.4413, 82232
41.4425, 82232
41.4437, 82232
41.4449, 82232
41.4461, 82232
41.4472, 82232
41.4484, 82232
41.4496, 82232
41.4507, 82232
41.4519, 82232
41.4531, 82232
41.4542, 82016
41.4554, 82016
41.4565, 82016
41.4576, 82016
41.4588, 82016
41.4599, 82016
41.4611, 82016
41.4623, 82016
41.4634, 82016
41.4646, 82016
41.4657, 82016
41.4669, 82016
41.468, 82016
41.4692, 82016
41.4703, 82016
41.4715, 82016
41.4727, 82016
41.4738, 82016
41.475, 82016
41.4761, 82016
41.4772, 82016
41.4784, 82016
41.4796, 82016
41.4807, 82232
41.4819, 82232
41.483, 82232
41.4842, 82232
41.4853, 82232
41.4864, 82232
41.4876, 82232
41.4888, 82016
41.4899, 82016
41.4911, 82016
41.4923, 82016
41.4934, 82016
41.4946, 82016
41.4957, 82016
41.4968, 82016
41.498, 81800
41.4992, 81800
41.5003, 81800
41.5014, 81800
41.5026, 81800
41.5037, 81800
41.5048, 81800
41.506, 81800
41.5071, 81800
41.5083, 81800
41.5094, 81800
41.5106, 81800
41.5117, 81800
41.5128, 81800
41.514, 81584
41.5152, 81584
41.5163, 81584
41.5175, 81584
41.5186, 81584
41.5197, 81584
41.5209, 81584
41.522, 81584
41.5232, 81584
41.5243, 81584
41.5255, 81584
41.5266, 81584
41.5278, 81584
41.5289, 81584
41.53, 81584
41.5312, 81584
41.5323, 81584
41.5335, 81584
41.5347, 81584
41.5358, 81584
41.537, 81584
41.5382, 81584
41.5393, 81584
41.5404, 81584
41.5416, 81584
41.5427, 81584
41.5439, 81584
41.545, 81584
41.5462, 81584
41.5473, 81584
41.5484, 81584
41.5496, 81584
41.5507, 81584
41.5519, 81584
41.553, 81584
41.5541, 81584
41.5553, 81584
41.5564, 81584
41.5576, 81368
41.5587, 81368
41.5599, 81368
41.561, 81368
41.5621, 81368
41.5633, 81368
41.5645, 81368
41.5657, 81368
41.5669, 81368
41.568, 81368
41.5692, 81368
41.5703, 81368
41.5715, 81368
41.5726, 81368
41.5738, 81368
41.5749, 81368
41.5761, 81368
41.5772, 81368
41.5784, 81368
41.5795, 81368
41.5806, 81368
41.5818, 81368
41.5829, 81584
41.5841, 81584
41.5978, 81584
41.5998, 81800
41.6085, 82016
41.6139, 82016
41.6156, 82016
41.6168, 82016
41.618, 82016
41.6192, 82016
41.6204, 82016
41.6216, 82016
41.6228, 82016
41.6262, 82232
41.6341, 82232
41.6359, 82232
41.6374, 82232
41.6388, 82232
41.6403, 82232
41.6418, 82448
41.6433, 82448
41.6447, 82448
41.6461, 82448
41.6475, 82448
41.6488, 82448
41.65, 82448
41.6512, 82448
41.6523, 82448
41.6535, 82448
41.6546, 82448
41.6558, 82448
41.6573, 82448
41.6589, 82664
41.6603, 82664
41.6616, 82664
41.6628, 82664
41.6641, 82664
41.6653, 82664
41.6666, 82664
41.6679, 82448
41.6691, 82448
41.6704, 82448
41.6723, 82448
41.6737, 82448
41.675, 82448
41.6763, 82664
41.6776, 82664
41.6788, 82664
41.6802, 82664
41.6815, 82664
41.6828, 82664
41.684, 82664
41.6853, 82664
41.6866, 82664
41.6879, 82664
41.6891, 82664
41.6903, 82664
41.6916, 82664
41.6929, 82664
41.6942, 82664
41.6955, 82664
41.6968, 82664
41.6981, 82664
41.6995, 82664
41.7007, 82664
41.7023, 82664
41.7035, 82664
41.7048, 82664
41.706, 82664
41.7073, 82664
41.7086, 82664
41.7099, 82664
41.7114, 82664
41.7126, 82664
41.7139, 82664
41.7152, 82664
41.7165, 82664
41.7178, 82664
41.719, 82664
41.7203, 82664
41.7215, 82664
41.7227, 82664
41.724, 82664
41.7252, 82664
41.7264, 82664
41.7277, 82664
41.7289, 82664
41.7302, 82664
41.7314, 82664
41.7327, 82664
41.7339, 82664
41.7352, 82664
41.7365, 82664
41.7383, 82664
41.7396, 82664
41.741, 82664
41.7422, 82664
41.7435, 82664
41.7447, 82664
41.7458, 82664
41.747, 82664
41.7481, 82664
41.7492, 82664
41.7504, 82664
41.7515, 82664
41.7526, 82664
41.7538, 82664
41.7549, 82664
41.756, 82664
41.7572, 82664
41.7583, 82664
41.7594, 82664
41.7606, 82664
41.7617, 82664
41.7628, 82664
41.764, 82664
41.7651, 82664
41.7663, 82664
41.7674, 82664
41.7686, 82664
41.7697, 82664
41.7708, 82664
41.772, 82664
41.7732, 82664
41.7743, 82664
41.7754, 82664
41.7766, 82664
41.7777, 82664
41.7788, 82664
41.78, 82664
41.7811, 82664
41.7823, 82664
41.7834, 82664
41.7845, 82664
41.7857, 82664
41.7868, 82664
41.788, 82664
41.7891, 82664
41.7902, 82664
41.7914, 82664
41.7925, 82664
41.7936, 82664
41.7948, 82664
41.7959, 82664
41.7971, 82664
41.7982, 82664
41.7994, 82664
41.8005, 82664
41.8016, 82664
41.8028, 82664
41.8039, 82664
41.805, 82448
41.8062, 82448
41.8073, 82448
41.8084, 82448
41.8096, 82448
41.8107, 82448
41.8119, 82448
41.813, 82448
41.8141, 82448
41.8153, 82448
41.8166, 82448
41.8177, 82448
41.8188, 82448
41.82, 82448
41.8211, 82448
41.8223, 82448
41.8234, 82448
41.8245, 82448
41.8257, 82448
41.8268, 82448
41.828, 82448
41.8292, 82448
41.8303, 82448
41.8315, 82448
41.8326, 82448
41.8337, 82448
41.8349, 82448
41.836, 82448
41.8372, 82448
41.8384, 82448
41.8395, 82448
41.8407, 82448
41.8418, 82448
41.843, 82448
41.8442, 82448
41.8454, 82448
41.8465, 82448
41.8476, 82448
41.8488, 82448
41.85, 82448
41.8512, 82448
41.8523, 82448
41.8536, 82448
41.8548, 82448
41.856, 82448
41.8571, 82448
41.8583, 82448
41.8594, 82448
41.8606, 82448
41.8617, 82448
41.8629, 82448
41.864, 82448
41.8652, 82448
41.8663, 82448
41.8675, 82448
41.8686, 82448
41.8697, 82448
41.8709, 82448
41.872, 82448
41.8732, 82448
41.8743, 82448
41.8755, 82448
41.8766, 82448
41.8778, 82448
41.8789, 82448
41.88, 82448
41.8812, 82448
41.8823, 82448
41.8835, 82448
41.8846, 82448
41.8858, 82448
41.8869, 82448
41.8881, 82448
41.8892, 82448
41.8904, 82448
41.8915, 82448
41.8927, 82448
41.8939, 82448
41.8952, 82448
41.8963, 82448
41.8976, 82448
41.8987, 82664
41.8999, 82664
41.9011, 82664
41.9022, 82664
41.9034, 82664
41.9045, 82664
41.9057, 82664
41.9068, 82664
41.908, 82664
41.9091, 82664
41.9103, 82664
41.9114, 82664
41.9126, 82664
41.9137, 82664
41.9149, 82664
41.916, 82448
41.9172, 82448
41.9183, 82448
41.9195, 82448
41.9206, 82448
41.9217, 82448
41.9229, 82448
41.924, 82448
41.9252, 82448
41.9263, 82448
41.9274, 82448
41.9286, 82448
41.9298, 82448
41.9309, 82448
41.9321, 82448
41.9332, 82448
41.9344, 82448
41.9355, 82448
41.9367, 82448
41.9378, 82448
41.939, 82448
41.9402, 82448
41.9413, 82448
41.9425, 82448
41.9436, 82448
41.9448, 82448
41.9459, 82448
41.947, 82448
41.9482, 82448
41.9493, 82232
41.9505, 82232
41.9516, 82232
41.9528, 82232
41.9539, 82232
41.9551, 82232
41.9562, 82232
41.9574, 82232
41.9585, 82232
41.9596, 82232
41.9608, 82232
41.9619, 82232
41.9631, 82232
41.9642, 82232
41.9654, 82232
41.9665, 82232
41.9676, 82232
41.9688, 82232
41.9699, 82232
41.9711, 82232
41.9722, 82232
41.9734, 82232
41.9745, 82232
41.9756, 82232
41.9768, 82232
41.978, 82232
41.9792, 82232
41.9803, 82232
41.9815, 82232
41.9826, 82232
41.9838, 82232
41.9849, 82232
41.986, 82232
41.9872, 82232
41.9883, 82232
41.9895, 82232
41.9906, 82232
41.9917, 82232
41.9929, 82016
41.994, 82016
41.9952, 82016
41.9963, 82016
41.9975, 82016
41.9986, 82016
41.9997, 82016
42.0009, 82016
42.002, 82016
42.0031, 82016
42.0043, 82016
42.0054, 82016
42.0065, 82016
42.0077, 82016
42.0088, 82016
42.01, 82016
42.0112, 82016
42.0123, 82016
42.0135, 82016
42.0147, 82016
42.0161, 82016
42.0174, 82016
42.0186, 82016
42.0199, 82016
42.0211, 82016
42.0224, 82016
42.0236, 82016
42.0248, 82016
42.0261, 82016
42.0273, 82016
42.0286, 82016
42.0297, 82016
42.0309, 82016
42.032, 82016
42.0332, 82016
42.0343, 82016
42.0355, 81800
42.0366, 81800
42.0378, 81800
42.0389, 81800
42.0401, 81800
42.0413, 81800
42.0426, 81800
42.0438, 81800
42.045, 81800
42.0463, 81800
42.0475, 81800
42.0487, 81800
42.0499, 81800
42.0511, 81800
42.0523, 81800
42.0534, 81800
42.0546, 81800
42.0557, 81800
42.0569, 81800
42.0581, 81800
42.0594, 81800
42.0606, 81584
42.0618, 81584
42.063, 81584
42.0642, 81584
42.0654, 81584
42.0666, 81584
42.0679, 81584
42.0691, 81584
42.0703, 81584
42.0716, 81584
42.0728, 81584
42.0739, 81584
42.0751, 81584
42.0765, 81584
42.0777, 81584
42.0789, 81584
42.0801, 81584
42.0813, 81584
42.0826, 81584
42.0838, 81584
42.0849, 81584
42.0862, 81584
42.0874, 81584
42.0885, 81584
42.0897, 81584
42.0908, 81584
42.092, 81584
42.0931, 81584
42.0943, 81584
42.0954, 81584
42.0965, 81584
42.0977, 81584
42.0988, 81584
42.1, 81584
42.1011, 81584
42.1023, 81584
42.1034, 81584
42.1046, 81584
42.1057, 81584
42.1069, 81584
42.108, 81584
42.1092, 81584
42.1103, 81584
42.1115, 81584
42.1126, 81584
42.1137, 81584
42.1149, 81584
42.1163, 81584
42.1175, 81584
42.1186, 81584
42.1199, 81800
42.1211, 81800
42.1222, 81800
42.1234, 81800
42.1245, 81800
42.1257, 81800
42.1268, 81800
42.1279, 81800
42.1291, 81584
42.1302, 81584
42.1314, 81584
42.1325, 81584
42.1337, 81584
42.1348, 81584
42.1359, 81584
42.1371, 81800
42.1382, 81800
42.1394, 81800
42.1405, 81800
42.1417, 81800
42.1428, 81800
42.144, 81800
42.1451, 81800
42.1462, 81800
42.1474, 81800
42.1486, 81800
42.1498, 81800
42.1509, 81800
42.1522, 81800
42.1534, 81800
42.1545, 81800
42.1557, 81800
42.1568, 81800
42.1579, 81800
42.1591, 81800
42.1603, 81800
42.1614, 81800
42.1626, 81800
42.1637, 81800
42.1649, 81800
42.166, 81800
42.1781, 82016
42.1797, 82016
42.1816, 82016
42.1832, 82016
42.1846, 82016
42.1858, 82016
42.19, 82016
42.1935, 82016
42.1949, 82016
42.1961, 82016
42.1973, 82016
42.1985, 82016
42.1996, 82016
42.2008, 82016
42.202, 82016
42.2033, 82016
42.2045, 82016
42.2056, 82232
42.2133, 82232
42.2147, 82448
42.2159, 82448
42.2172, 82448
42.2185, 82448
42.2197, 82448
42.221, 82448
42.2223, 82664
42.2235, 82664
42.2248, 82664
42.2261, 82664
42.2274, 82664
42.2286, 82664
42.2299, 82664
42.2311, 82664
42.2322, 82664
42.2334, 82664
42.2346, 82664
42.2357, 82664
42.2369, 82664
42.238, 82664
42.2392, 82664
42.2403, 82448
42.2415, 82448
42.2429, 82448
42.2441, 82448
42.2452, 82448
42.2464, 82448
42.2475, 82448
42.2487, 82448
42.2498, 82448
42.251, 82448
42.2522, 82448
42.2533, 82448
42.2545, 82448
42.2557, 82448
42.2568, 82664
42.2581, 82664
42.2593, 82664
42.2607, 82664
42.262, 82664
42.2634, 82664
42.2647, 82664
42.2659, 82880
42.2671, 82880
42.2683, 82880
42.2695, 82880
42.2706, 82880
42.2718, 82880
42.273, 82880
42.2741, 83312
42.2753, 83312
42.2764, 83312
42.2775, 83312
42.2787, 83312
42.2798, 83312
42.2809, 83312
42.2821, 83528
42.2833, 83528
42.2844, 83528
42.2856, 83528
42.2867, 83528
42.288, 83528
42.2892, 83528
42.2904, 83528
42.2917, 83528
42.2928, 83528
42.294, 83528
42.2952, 83528
42.2966, 83528
42.2978, 83528
42.299, 83528
42.3001, 83744
42.3014, 83744
42.3026, 83744
42.3038, 83744
42.3049, 83744
42.3061, 83744
42.3074, 83744
42.3086, 83960
42.3098, 83960
42.311, 83960
42.3121, 83960
42.3133, 83960
42.3144, 83960
42.3156, 83960
42.3167, 83960
42.3179, 83960
42.3193, 83960
42.3206, 83960
42.3217, 83960
42.3229, 83960
42.324, 83960
42.3252, 83744
42.3263, 83744
42.3275, 83744
42.3286, 83744
42.3298, 83744
42.331, 83744
42.3323, 83744
42.3336, 83744
42.335, 83744
42.3362, 83744
42.3375, 83744
42.3387, 83744
42.3398, 83744
42.3411, 83744
42.3423, 83960
42.3435, 83960
42.3446, 83960
42.3458, 83960
42.3472, 83960
42.3485, 83960
42.3498, 83960
42.351, 83744
42.3521, 83744
42.3533, 83744
42.3546, 83744
42.3558, 83744
42.3571, 83744
42.3583, 83744
42.3594, 83744
42.3606, 83744
42.3618, 83744
42.3632, 83744
42.3645, 83744
42.3658, 83744
42.3673, 83744
42.3687, 83744
42.3702, 83744
42.3715, 83744
42.3727, 83744
42.3738, 83744
42.375, 83744
42.3763, 83744
42.3776, 83744
42.3788, 83744
42.3801, 83744
42.3814, 83744
42.3827, 83744
42.3839, 83744
42.3851, 83744
42.3864, 83744
42.3877, 83744
42.389, 83744
42.3903, 83744
42.3916, 83744
42.3929, 83960
42.3943, 83960
42.3956, 83960
42.3968, 83960
42.3979, 83960
42.3992, 83960
42.4005, 83960
42.4017, 83960
42.4028, 83960
42.4041, 83960
42.4053, 83960
42.4064, 83960
42.4076, 83960
42.4087, 83960
42.41, 83960
42.4112, 83960
42.4123, 83960
42.4136, 83960
42.4148, 83960
42.416, 83960
42.4173, 83960
42.4184, 83960
42.4197, 83960
42.4209, 83960
42.4222, 83960
42.4235, 83960
42.4247, 83960
42.4261, 83960
42.4273, 83960
42.4285, 83960
42.4298, 83960
42.4311, 83960
42.4323, 83960
42.4336, 83960
42.4349, 83960
42.4362, 83960
42.4375, 83960
42.4387, 83960
42.44, 83960
42.4413, 83960
42.4426, 83960
42.4439, 83960
42.4452, 83960
42.4465, 83960
42.4478, 83960
42.449, 83960
42.4503, 83960
42.4517, 83960
42.453, 83960
42.4543, 83960
42.4556, 83960
42.4569, 83960
42.4582, 83960
42.4595, 83960
42.4608, 83960
42.4622, 83744
42.4637, 83744
42.4651, 83744
42.4666, 83744
42.4681, 83744
42.4695, 83744
42.4709, 83744
42.4722, 83744
42.4734, 83744
42.4747, 83744
42.4759, 83744
42.4771, 83744
42.4784, 83744
42.4796, 83744
42.4809, 83744
42.4822, 83744
42.4836, 83744
42.4849, 83744
42.4862, 83744
42.4875, 83744
42.4887, 83744
42.4901, 83744
42.4913, 83744
42.4927, 83744
42.4943, 83744
42.4956, 83744
42.4969, 83744
42.4982, 83744
42.4995, 83744
42.5007, 83744
42.5019, 83744
42.5032, 83744
42.5045, 83744
42.5057, 83744
42.5069, 83744
42.5082, 83744
42.5094, 83744
42.5107, 83744
42.5121, 83744
42.5134, 83744
42.5147, 83744
42.516, 83744
42.5172, 83744
42.5185, 83744
42.5198, 83744
42.5211, 83744
42.5225, 83744
42.5238, 83744
42.5251, 83744
42.5263, 83744
42.5276, 83744
42.5289, 83744
42.5302, 83744
42.5316, 83744
42.5329, 83744
42.5342, 83744
42.5355, 83744
42.5368, 83744
42.5381, 83744
42.5394, 83744
42.5407, 83744
42.5419, 83744
42.5432, 83744
42.5445, 83744
42.5457, 83744
42.547, 83960
42.5484, 83960
42.5498, 83960
42.551, 83960
42.5523, 83960
42.5536, 83960
42.5549, 83960
42.5562, 83960
42.5576, 83960
42.5589, 83960
42.5603, 83960
42.5618, 83960
42.5632, 83960
42.5645, 83960
42.5658, 83960
42.5672, 83960
42.5686, 83960
42.5698, 83960
42.5712, 83960
42.5725, 83960
42.5738, 83960
42.5749, 83960
42.5761, 83960
42.5773, 83960
42.5785, 83960
42.5797, 83960
42.5808, 84176
42.582, 84176
42.5833, 84176
42.5846, 84176
42.5858, 84176
42.5871, 84176
42.5884, 84176
42.5899, 84392
42.5915, 84392
42.5932, 84392
42.5946, 84392
42.596, 84392
42.5972, 84392
42.5983, 84392
42.5995, 84392
42.6007, 84392
42.6018, 84392
42.6031, 84392
42.6046, 84392
42.606, 84392
42.6074, 84392
42.6086, 84392
42.6099, 84392
42.6112, 84392
42.6124, 84392
42.6136, 84392
42.6148, 84608
42.616, 84608
42.6171, 84608
42.6182, 84608
42.6194, 84608
42.6206, 84608
42.622, 84608
42.6234, 84392
42.6248, 84392
42.6261, 84392
42.6274, 84392
42.629, 84392
42.6303, 84392
42.6318, 84392
42.6332, 84392
42.6344, 84392
42.6356, 84392
42.6369, 84392
42.6382, 84392
42.6395, 84392
42.6407, 84608
42.642, 84608
42.6433, 84608
42.6447, 84608
42.646, 84608
42.6474, 84608
42.6486, 84608
42.6498, 84608
42.6509, 84608
42.6521, 84608
42.6533, 84608
42.6544, 84608
42.6556, 84608
42.6568, 84608
42.658, 84608
42.6593, 84608
42.6606, 84608
42.6618, 84608
42.6629, 84608
42.6641, 84608
42.6652, 84608
42.6663, 84392
42.6675, 84392
42.6688, 84392
42.67, 84392
42.6712, 84392
42.6723, 84392
42.6736, 84392
42.6748, 84176
42.6759, 84176
42.6771, 84176
42.6782, 84176
42.6794, 84176
42.6806, 84176
42.6817, 84176
42.6829, 83960
42.6843, 83960
42.6858, 83960
42.6874, 83960
42.6888, 83960
42.6901, 83960
42.6915, 84176
42.6928, 84176
42.6941, 84176
42.6955, 84176
42.6968, 84176
42.6981, 84176
42.6993, 84176
42.7005, 84176
42.7017, 84176
42.7028, 84176
42.704, 84176
42.7051, 84176
42.7062, 84176
42.7074, 84176
42.7085, 84176
42.7097, 83960
42.7108, 83960
42.7119, 83960
42.7131, 83960
42.7143, 83960
42.7156, 83960
42.7169, 83960
42.7183, 83960
42.7195, 83960
42.7208, 83960
42.722, 83960
42.7232, 83960
42.7244, 83960
42.7255, 83960
42.7266, 84176
42.7278, 84176
42.7289, 84176
42.7301, 84176
42.7312, 84176
42.7323, 84176
42.7334, 84176
42.7346, 83960
42.7357, 83960
42.7369, 83960
42.738, 83960
42.7392, 83960
42.7404, 83960
42.7415, 83960
42.7426, 83960
42.7438, 83744
42.7449, 83744
42.7461, 83744
42.7472, 83744
42.7484, 83744
42.7495, 83744
42.7507, 83744
42.752, 83744
42.7533, 83744
42.7546, 83744
42.7559, 83744
42.7571, 83744
42.7582, 83744
42.7594, 83744
42.7605, 83744
42.7617, 83744
42.7628, 83744
42.764, 83744
42.7651, 83744
42.7663, 83744
42.7674, 83744
42.7689, 83744
42.7702, 83744
42.7717, 83744
42.773, 83744
42.7743, 83744
42.7757, 83744
42.777, 83960
42.7782, 83960
42.7794, 83960
42.7807, 83960
42.7819, 83960
42.7832, 83960
42.7843, 83960
42.7855, 84176
42.7866, 84176
42.7878, 84176
42.7889, 84176
42.79, 84176
42.7912, 84176
42.7923, 84176
42.7935, 84176
42.7946, 83960
42.7958, 83960
42.7971, 83960
42.7985, 83960
42.7998, 83960
42.8011, 83960
42.8023, 83960
42.8035, 83960
42.8047, 83960
42.8058, 83960
42.8069, 83960
42.8081, 83960
42.8092, 83960
42.8104, 83960
42.8115, 83744
42.8127, 83744
42.8139, 83744
42.8154, 83744
42.8169, 83744
42.8184, 83744
42.8198, 83744
42.8211, 83744
42.8225, 83744
42.8238, 83744
42.825, 83744
42.8263, 83744
42.8275, 83744
42.8288, 84392
42.8299, 84392
42.8311, 84392
42.8322, 84392
42.8334, 84392
42.8345, 84392
42.8357, 84392
42.8368, 84176
42.8379, 84176
42.839, 84176
42.8402, 84176
42.8414, 84176
42.8425, 84176
42.8438, 84176
42.8451, 84176
42.8464, 84176
42.8478, 84176
42.8491, 84176
42.8504, 84176
42.8517, 84176
42.8528, 84176
42.854, 84608
42.8552, 84608
42.8564, 84608
42.8576, 84608
42.8587, 84608
42.8599, 84608
42.861, 84608
42.8623, 84824
42.8635, 84824
42.8646, 84824
42.8658, 84824
42.8669, 84824
42.8681, 84824
42.8692, 84824
42.8704, 84824
42.8715, 84824
42.8727, 84824
42.8739, 84824
42.8752, 84824
42.8764, 84824
42.8777, 84824
42.879, 84824
42.8804, 84824
42.8817, 84824
42.883, 84824
42.8843, 84824
42.8857, 84824
42.887, 84824
42.8884, 85040
42.8901, 85040
42.8917, 85040
42.8931, 85040
42.8945, 85040
42.8958, 85040
42.8971, 85040
42.8983, 85040
42.8996, 85040
42.9008, 85040
42.9021, 85040
42.9033, 85040
42.9046, 85040
42.9061, 85040
42.9074, 85040
42.9087, 85040
42.91, 85040
42.9113, 85040
42.9126, 85040
42.9141, 85040
42.9155, 85040
42.9169, 85040
42.9183, 85040
42.9196, 85040
42.9209, 85040
42.9222, 85040
42.9234, 85040
42.9247, 85040
42.9259, 85040
42.9272, 85040
42.9285, 85040
42.9298, 85040
42.9311, 85040
42.9325, 85040
42.9338, 85040
42.9352, 85040
42.9365, 85040
42.9378, 85040
42.939, 84824
42.9403, 84824
42.9417, 84824
42.943, 84824
42.9444, 84824
42.9457, 84824
42.9469, 84824
42.9482, 84824
42.9496, 84824
42.9512, 84824
42.9526, 84824
42.954, 84824
42.9554, 84824
42.9568, 84824
42.9581, 84824
42.9594, 84824
42.9607, 84824
42.9619, 84824
42.9632, 84824
42.9644, 84824
42.9657, 84824
42.9671, 84824
42.9684, 84824
42.9697, 84824
42.971, 84824
42.9724, 84824
42.9737, 84824
42.9751, 84824
42.9765, 84824
42.9781, 84824
42.9795, 84824
42.9809, 84824
42.9822, 84824
42.9836, 84824
42.985, 84824
42.9864, 84824
42.9878, 84824
42.9891, 84824
42.9905, 84824
42.9918, 84824
42.9932, 84824
42.9945, 84824
42.9958, 84824
42.997, 84824
42.9982, 84824
42.9993, 84824
43.0006, 84824
43.0019, 84824
43.0032, 84824
43.0045, 84824
43.0059, 84824
43.0074, 84824
43.0086, 84824
43.0099, 84824
43.0112, 84824
43.0125, 84824
43.0138, 84824
43.015, 84824
43.0161, 84824
43.0172, 84824
43.0183, 84824
43.0194, 84824
43.0206, 84824
43.0217, 84824
43.0228, 84824
43.0239, 84824
43.025, 84608
43.0262, 84608
43.0276, 84608
43.0289, 84608
43.0304, 84608
43.0322, 84608
43.0343, 84608
43.036, 84608
43.0377, 84608
43.0393, 84608
43.0407, 84608
43.0425, 84392
43.0441, 84392
43.0457, 84392
43.0473, 84392
43.049, 84392
43.0545, 84392
43.056, 84392
43.0572, 84392
43.0584, 84608
43.0597, 84608
43.0611, 84608
43.0625, 84608
43.0641, 84608
43.0655, 84608
43.0669, 84608
43.0682, 84176
43.0695, 84176
43.0709, 84176
43.0722, 84176
43.0735, 84176
43.075, 84176
43.0764, 84392
43.0778, 84392
43.0792, 84392
43.0804, 84392
43.0818, 84392
43.0832, 84392
43.0845, 84392
43.0861, 84392
43.0876, 84392
43.089, 84392
43.0908, 84392
43.0925, 84392
43.094, 84392
43.0954, 84392
43.0968, 84392
43.0981, 84392
43.0994, 84392
43.1006, 84392
43.1021, 84392
43.1035, 84392
43.1049, 84392
43.1062, 84392
43.1076, 84392
43.109, 84392
43.1103, 84392
43.1118, 84392
43.1132, 84392
43.1146, 84392
43.116, 84392
43.1174, 84392
43.1186, 84392
43.12, 84392
43.1214, 84392
43.1228, 84392
43.1241, 84392
43.1254, 84392
43.1266, 84392
43.128, 84608
43.1293, 84608
43.1305, 84608
43.132, 84608
43.1334, 84608
43.1347, 84608
43.1362, 84392
43.1378, 84392
43.1396, 84392
43.1411, 84392
43.1426, 84392
43.144, 84392
43.1454, 84392
43.1467, 84392
43.148, 84392
43.1494, 84392
43.1508, 84392
43.1522, 84392
43.1535, 84392
43.1548, 84392
43.1561, 84392
43.1574, 84392
43.1588, 84392
43.16, 84392
43.1611, 84392
43.1622, 84392
43.1634, 84392
43.1647, 84392
43.1661, 84392
43.1674, 84392
43.1686, 84392
43.1698, 84608
43.1713, 84608
43.1726, 84608
43.1741, 84608
43.1755, 84608
43.1769, 84608
43.1783, 84392
43.1797, 84392
43.1811, 84392
43.1823, 84392
43.1836, 84392
43.1848, 84392
43.1859, 84392
43.1872, 84608
43.1885, 84608
43.1899, 84608
43.1915, 84608
43.1929, 84608
43.1943, 84608
43.1955, 84608
43.1969, 84608
43.1982, 84608
43.1995, 84608
43.2008, 84608
43.2022, 84608
43.2036, 84608
43.2051, 84608
43.2064, 84608
43.2076, 84608
43.2088, 84608
43.21, 84608
43.2112, 84608
43.2125, 84608
43.2138, 84608
43.2156, 84608
43.217, 84608
43.2181, 84608
43.2193, 84608
43.2207, 84392
43.2221, 84392
43.2236, 84392
43.225, 84392
43.2263, 84392
43.2275, 84392
43.229, 84392
43.2306, 84392
43.2321, 84392
43.2336, 84392
43.2351, 84392
43.2366, 84392
43.2381, 84392
43.2396, 84392
43.241, 84392
43.2424, 84392
43.2436, 84392
43.245, 84392
43.2463, 84392
43.2476, 84392
43.249, 84392
43.2503, 84392
43.2515, 84392
43.2529, 84392
43.2542, 84392
43.2555, 83744
43.2567, 83744
43.2581, 83744
43.2594, 83744
43.2609, 83744
43.2624, 83744
43.2637, 83744
43.2649, 83744
43.2661, 83744
43.2675, 83744
43.2689, 83744
43.2703, 83744
43.2718, 83528
43.2734, 83528
43.275, 83528
43.2763, 83528
43.2776, 83528
43.2788, 83528
43.2801, 83528
43.2813, 84392
43.2825, 84392
43.2837, 84392
43.2849, 84392
43.2861, 84392
43.2874, 84392
43.2887, 84392
43.2899, 84824
43.2913, 84824
43.2925, 84824
43.2938, 84824
43.295, 84824
43.2962, 84824
43.2974, 84824
43.2985, 85040
43.2997, 85040
43.3008, 85040
43.302, 85040
43.3031, 85040
43.3043, 85040
43.3055, 85040
43.3068, 84608
43.308, 84608
43.3092, 84608
43.3104, 84608
43.3116, 84608
43.3128, 84608
43.3139, 84608
43.3151, 84608
43.3166, 84608
43.3181, 84608
43.3197, 84608
43.3212, 84608
43.3226, 84608
43.324, 84824
43.3253, 84824
43.3266, 84824
43.3279, 84824
43.3292, 84824
43.3304, 84824
43.3315, 84824
43.3326, 85040
43.3338, 85040
43.3349, 85040
43.3361, 85040
43.3374, 85040
43.3387, 85040
43.3399, 85040
43.3412, 85040
43.3423, 85040
43.3434, 85040
43.3446, 85040
43.346, 85040
43.3473, 85040
43.3487, 85904
43.35, 85904
43.3513, 85904
43.3526, 85904
43.3538, 85904
43.3551, 85904
43.3563, 85904
43.3574, 85688
43.3585, 85688
43.3597, 85688
43.3609, 85688
43.3623, 85688
43.3636, 85688
43.3649, 85688
43.3662, 85472
43.3676, 85472
43.3689, 85472
43.3702, 85472
43.3713, 85472
43.3725, 85472
43.3738, 85472
43.3752, 85904
43.3765, 85904
43.3777, 85904
43.379, 85904
43.3803, 85904
43.3816, 85904
43.3829, 86120
43.3841, 86120
43.3853, 86120
43.3867, 86120
43.3879, 86120
43.3891, 86120
43.3904, 86120
43.3916, 86120
43.3929, 86120
43.3942, 86120
43.3956, 86120
43.3971, 86120
43.3986, 86120
43.4001, 85904
43.4016, 85904
43.4032, 85904
43.4047, 85904
43.4063, 85904
43.4078, 85904
43.4093, 85256
43.4107, 85256
43.4119, 85256
43.4133, 85256
43.4146, 85256
43.416, 85256
43.4175, 85256
43.4192, 85256
43.4207, 85256
43.4223, 85256
43.4239, 85256
43.4261, 85040
43.4277, 85040
43.429, 85040
43.4306, 85040
43.432, 85040
43.4334, 85040
43.4348, 84824
43.4361, 84824
43.4375, 84824
43.4389, 84824
43.4402, 84824
43.4416, 84824
43.443, 84824
43.4445, 84824
43.446, 84824
43.4474, 84824
43.4489, 84824
43.4503, 84824
43.4516, 84608
43.453, 84608
43.4543, 84608
43.4556, 84608
43.457, 84608
43.4584, 84608
43.4598, 84608
43.4612, 84608
43.4626, 84608
43.4641, 84608
43.4655, 84608
43.4668, 84608
43.4682, 84392
43.4695, 84392
43.4709, 84392
43.4724, 84392
43.4737, 84392
43.4752, 84392
43.4766, 84176
43.478, 84176
43.4794, 84176
43.4807, 84176
43.482, 84176
43.4834, 84176
43.4847, 84176
43.4861, 84176
43.4875, 84176
43.4889, 84176
43.4904, 84176
43.492, 84176
43.4936, 84176
43.4951, 84176
43.4965, 84176
43.4979, 84176
43.4995, 84176
43.5011, 84176
43.5026, 84176
43.5041, 84176
43.5056, 84176
43.507, 84176
43.5084, 84176
43.5098, 84176
43.5111, 84176
43.5125, 84176
43.5138, 84176
43.5152, 84176
43.5165, 84176
43.5178, 84176
43.5193, 84176
43.5207, 84176
43.5222, 84176
43.5239, 84176
43.5253, 84176
43.5267, 84176
43.5281, 83960
43.5296, 83960
43.5313, 83960
43.533, 83960
43.5347, 83960
43.5364, 83960
43.5379, 83960
43.5394, 83960
43.5408, 83960
43.5424, 83960
43.5441, 83960
43.5457, 83960
43.5473, 83960
43.5489, 83960
43.5505, 83960
43.5522, 83960
43.5535, 83744
43.5549, 83744
43.5562, 83744
43.5575, 83744
43.5588, 83744
43.5602, 83744
43.5615, 83744
43.563, 83960
43.5645, 83960
43.5659, 83960
43.5673, 83960
43.5686, 83960
43.57, 83960
43.5713, 83744
43.5727, 83744
43.5742, 83744
43.5756, 83744
43.5771, 83744
43.5785, 83744
43.5801, 83744
43.5815, 83744
43.5829, 83744
43.5843, 83744
43.5857, 83744
43.5871, 83744
43.5885, 83744
43.5897, 83744
43.5909, 83744
43.5921, 83744
43.5934, 83744
43.5947, 83744
43.5959, 83744
43.5971, 83960
43.5982, 83960
43.5994, 83960
43.6006, 83960
43.6018, 83960
43.6029, 83960
43.6041, 83960
43.6054, 83960
43.6068, 83960
43.6083, 83960
43.6097, 83960
43.6111, 83960
43.6125, 83960
43.6139, 83960
43.6154, 83960
43.6168, 83960
43.6182, 83960
43.6195, 83960
43.6209, 83960
43.6222, 83960
43.6234, 83960
43.6248, 83960
43.6262, 83960
43.6275, 83960
43.6287, 83960
43.6299, 83960
43.6311, 83960
43.6323, 83960
43.634, 83960
43.6358, 83960
43.6373, 83960
43.6388, 83960
43.6402, 83960
43.6415, 83960
43.6429, 83960
43.6443, 83960
43.6461, 83960
43.6477, 83960
43.6492, 83960
43.6509, 83960
43.6523, 83960
43.6538, 83960
43.6552, 83960
43.6565, 83960
43.658, 83960
43.6595, 83960
43.661, 83960
43.6624, 83960
43.6638, 83960
43.6652, 83960
43.6666, 83960
43.668, 83960
43.6694, 83960
43.6708, 83960
43.6721, 83960
43.6734, 83960
43.6747, 83960
43.6761, 83960
43.6775, 83960
43.6789, 83960
43.6801, 83960
43.6814, 83960
43.6827, 83960
43.6838, 83960
43.6849, 83960
43.6865, 83960
43.6881, 83960
43.6901, 83960
43.6921, 83960
43.6938, 83960
43.6957, 83960
43.6973, 83960
43.6987, 83744
43.7001, 83744
43.7017, 83744
43.7033, 83744
43.7047, 83744
43.7061, 83744
43.7075, 83744
43.7089, 83744
43.7103, 83744
43.7118, 83744
43.7132, 83744
43.7146, 83744
43.7161, 83960
43.7176, 83960
43.719, 83960
43.7204, 83960
43.7218, 83960
43.7233, 83960
43.7247, 83744
43.7261, 83744
43.7274, 83744
43.7286, 83744
43.7299, 83744
43.7314, 83744
43.7327, 83960
43.734, 83960
43.7354, 83960
43.7367, 83960
43.738, 83960
43.7394, 83960
43.7408, 83960
43.7421, 83960
43.7434, 83960
43.7447, 83960
43.7459, 83960
43.7473, 83960
43.7486, 83960
43.7499, 83960
43.7513, 83960
43.7526, 83960
43.754, 83960
43.7554, 83960
43.7566, 83960
43.7577, 83960
43.7588, 83960
43.7599, 83960
43.7611, 83960
43.7625, 83960
43.7639, 83960
43.7653, 83960
43.7664, 83960
43.7676, 83528
43.7689, 83528
43.7703, 83528
43.7716, 83528
43.7729, 83528
43.7741, 83528
43.7753, 83312
43.7772, 83312
43.7816, 83312
43.7849, 83312
43.7872, 83312
43.7897, 83312
43.792, 83312
43.7945, 83312
43.7986, 83312
43.8027, 83096
43.8062, 83096
43.8083, 83096
43.811, 82880
43.8199, 82880
43.8216, 82880
43.8232, 82880
43.8244, 82880
43.8261, 82880
43.8275, 82880
43.8289, 82880
43.8302, 82880
43.8315, 82880
43.8327, 82880
43.8339, 82880
43.8356, 82664
43.8369, 82664
43.839, 82664
43.8465, 82664
43.8584, 82664
43.8612, 82664
43.8649, 82664
43.8676, 82448
43.8724, 82448
43.8772, 82448
43.8794, 82232
43.8807, 82232
43.8822, 82232
43.8836, 82232
43.8849, 82232
43.8862, 82232
43.8874, 82232
43.8887, 82232
43.8903, 82232
43.8977, 82232
43.8995, 82232
43.9008, 82232
43.9022, 82232
43.9034, 82448
43.9047, 82448
43.9059, 82448
43.9072, 82448
43.9084, 82448
43.9097, 82448
43.911, 82448
43.9126, 82232
43.9265, 82232
43.9296, 82448
43.9329, 82448
43.9349, 82448
43.9369, 82448
43.9389, 82448
43.9414, 82448
43.9437, 82448
43.9454, 82448
43.9468, 82232
43.9495, 82232
43.9529, 82232
43.9559, 82232
43.9586, 82232
43.9607, 82232
43.9632, 82232
43.9645, 82232
43.9658, 82232
43.967, 82232
43.9684, 82232
43.9696, 82232
43.9708, 82232
43.9731, 82016
43.9791, 82016
43.9809, 82232
43.9823, 82232
43.9837, 82232
43.9849, 82232
43.9862, 82232
43.9875, 82232
43.9887, 82016
43.9899, 82016
43.9913, 82016
43.9929, 82016
44.0031, 82016
44.006, 82016
44.0088, 82016
44.0131, 82016
44.0211, 82232
44.0234, 82232
44.0259, 82232
44.0322, 82016
44.0336, 82016
44.0348, 82016
44.036, 82016
44.0371, 82016
44.0382, 82016
44.0394, 82016
44.0405, 82016
44.0417, 82016
44.0428, 82016
44.044, 82016
44.0451, 82016
44.0462, 82016
44.0489, 82016
44.0523, 82016
44.0596, 82448
44.061, 82448
44.0623, 82448
44.0635, 82448
44.0647, 82448
44.066, 82664
44.0685, 82664
44.0698, 82664
44.0719, 82664
44.0732, 82664
44.0744, 82880
44.0758, 82880
44.0771, 82880
44.0783, 82880
44.0812, 82880
44.0837, 83096
44.085, 83096
44.0878, 83096
44.089, 83096
44.0902, 83096
44.0923, 83312
44.0936, 83312
44.095, 83312
44.0963, 83312
44.0976, 83312
44.0988, 83312
44.1001, 83096
44.1017, 83096
44.103, 83096
44.1044, 83096
44.1079, 83096
44.1093, 83096
44.1107, 83096
44.1121, 83096
44.1134, 83096
44.1148, 83096
44.1167, 83096
44.1182, 83096
44.1194, 83096
44.1206, 83096
44.1236, 83096
44.1285, 82664
44.1327, 82664
44.1347, 82664
44.137, 82664
44.1392, 82664
44.1411, 82664
44.1431, 82880
44.1449, 82880
44.1465, 82880
44.149, 82880
44.1519, 82664
44.1564, 82664
44.1591, 82448
44.1609, 82448
44.1628, 82448
44.1645, 82448
44.1661, 82448
44.1689, 82664
44.1722, 82664
44.1773, 82448
44.1804, 82448
44.1867, 82448
44.1893, 82448
44.1911, 82448
44.193, 82448
44.1955, 82664
44.1977, 82664
44.1998, 82664
44.2014, 82664
44.2029, 82448
44.2083, 82448
44.2135, 82232
44.2165, 82232
44.2184, 82232
44.22, 82232
44.2216, 82232
44.2236, 82232
44.2281, 82448
44.2335, 82448
44.2367, 82232
44.2402, 82232
44.2431, 82232
44.2453, 82448
44.2477, 82448
44.2631, 82448
44.2668, 82448
44.2694, 82448
44.2719, 82448
44.2748, 82448
44.2774, 82448
44.28, 82448
44.2824, 82448
44.2845, 82448
44.2932, 82664
44.2957, 82664
44.2979, 82664
44.3005, 82664
44.3023, 82664
44.3047, 82448
44.3128, 82448
44.3226, 82448
44.3247, 82448
44.3307, 82448
44.335, 82448
44.3378, 82448
44.3442, 82448
44.3516, 82448
44.3545, 82448
44.3595, 82448
44.3621, 82448
44.3636, 82448
44.3708, 82664
44.3723, 82664
44.3738, 82664
44.3752, 82664
44.3783, 82664
44.3848, 82664
44.3862, 82664
44.3875, 82664
44.3888, 82664
44.39, 82880
44.3914, 82880
44.3926, 82880
44.3938, 82880
44.395, 82880
44.3976, 82880
44.3989, 83096
44.4001, 83096
44.402, 83096
44.4033, 83096
44.4046, 83096
44.4058, 83096
44.4069, 83312
44.4081, 83312
44.4096, 83312
44.4119, 83312
44.4145, 83312
44.4195, 83312
44.4281, 83312
44.4353, 83312
44.4375, 83312
44.4401, 83312
44.4502, 83312
44.4519, 83312
44.4532, 83312
44.4543, 83312
44.4555, 83312
44.4568, 83312
44.4583, 83312
44.46, 83312
44.4629, 83312
44.4668, 83312
44.4683, 83312
44.4707, 83312
44.4747, 83096
44.4772, 83096
44.4854, 83096
44.4889, 83096
44.4948, 83096
44.4967, 83096
44.499, 83096
44.5038, 83096
44.5068, 83096
44.5093, 82880
44.5134, 82880
44.5149, 82880
44.5176, 82880
44.5209, 82880
44.5284, 82880
44.5379, 82880
44.5393, 82880
44.5408, 82880
44.5485, 82664
44.5501, 82664
44.5514, 82664
44.5531, 82664
44.5618, 82664
44.5632, 82664
44.5645, 82664
44.5658, 82664
44.5671, 82664
44.5684, 82664
44.5696, 82880
44.5708, 82880
44.5721, 82880
44.5734, 82880
44.5747, 82880
44.5759, 82880
44.5777, 82664
44.579, 82664
44.5803, 82664
44.5815, 82664
44.5826, 82664
44.5838, 82664
44.5849, 82664
44.5861, 82664
44.5874, 82664
44.5886, 82664
44.5899, 82664
44.5912, 82664
44.5923, 82664
44.5935, 82664
44.5946, 82448
44.5958, 82448
44.597, 82448
44.5982, 82448
44.5994, 82448
44.6007, 82448
44.6019, 82448
44.6032, 82232
44.6045, 82232
44.6058, 82232
44.6071, 82232
44.6084, 82232
44.6095, 82232
44.6107, 82232
44.6119, 82448
44.6132, 82448
44.6145, 82448
44.6159, 82448
44.6173, 82448
44.6186, 82448
44.6199, 82448
44.6212, 82448
44.6224, 82448
44.6237, 82448
44.625, 82448
44.6262, 82448
44.6275, 82448
44.6287, 82664
44.6299, 82664
44.631, 82664
44.6322, 82664
44.6333, 82664
44.6345, 82664
44.6356, 82664
44.6368, 82664
44.6379, 82232
44.6391, 82232
44.6403, 82232
44.6414, 82232
44.6427, 82232
44.644, 82232
44.6453, 82232
44.6465, 82016
44.6478, 82016
44.6492, 82016
44.6505, 82016
44.6517, 82016
44.6529, 82016
44.6541, 82016
44.6552, 82448
44.6564, 82448
44.6575, 82448
44.6587, 82448
44.6598, 82448
44.661, 82448
44.6621, 82448
44.6633, 82016
44.6644, 82016
44.6655, 82016
44.6667, 82016
44.6678, 82016
44.669, 82016
44.6701, 82016
44.6713, 82016
44.6724, 81800
44.6735, 81800
44.6747, 81800
44.6758, 81800
44.677, 81800
44.6782, 81800
44.6794, 81800
44.6807, 81800
44.6821, 81800
44.6833, 81800
44.6845, 81800
44.6856, 81800
44.6867, 81800
44.6879, 81800
44.689, 82016
44.6902, 82016
44.6913, 82016
44.6924, 82016
44.6936, 82016
44.6948, 82016
44.696, 82016
44.6974, 82016
44.6987, 82016
44.7, 82016
44.7014, 82016
44.7029, 82016
44.7042, 82016
44.7054, 82232
44.7067, 82232
44.708, 82232
44.7093, 82232
44.7105, 82232
44.7117, 82232
44.7128, 82232
44.714, 82448
44.7152, 82448
44.7163, 82448
44.7174, 82448
44.7186, 82448
44.7197, 82448
44.7209, 82448
44.722, 82448
44.7233, 82016
44.7247, 82016
44.7261, 82016
44.7274, 82016
44.7286, 82016
44.7298, 82016
44.731, 82016
44.7321, 82232
44.7333, 82232
44.7344, 82232
44.7355, 82232
44.7367, 82232
44.7378, 82232
44.739, 82232
44.7402, 82016
44.7415, 82016
44.7429, 82016
44.7442, 82016
44.7456, 82016
44.7469, 82016
44.7482, 82232
44.7494, 82232
44.7507, 82232
44.752, 82232
44.7533, 82232
44.7547, 82232
44.756, 82232
44.7572, 82448
44.7585, 82448
44.7598, 82448
44.761, 82448
44.7622, 82448
44.7633, 82448
44.7645, 82448
44.7656, 82448
44.7667, 82448
44.7679, 82448
44.7691, 82448
44.7703, 82448
44.7717, 82448
44.773, 82448
44.7743, 82232
44.7756, 82232
44.777, 82232
44.7783, 82232
44.7794, 82232
44.7806, 82232
44.7818, 82232
44.783, 82664
44.7842, 82664
44.7855, 82664
44.7867, 82664
44.7879, 82664
44.789, 82664
44.7902, 82664
44.7913, 82664
44.7926, 82664
44.7939, 82664
44.7951, 82664
44.7962, 82664
44.7974, 82664
44.7986, 82664
44.7998, 82664
44.801, 82664
44.8022, 82664
44.8034, 82664
44.8046, 82664
44.8057, 82664
44.8069, 82664
44.8081, 82880
44.8093, 82880
44.8105, 82880
44.8118, 82880
44.813, 82880
44.8142, 82880
44.8154, 82880
44.8166, 83096
44.8178, 83096
44.8194, 83096
44.8208, 83096
44.8221, 83096
44.8232, 83096
44.8244, 83096
44.8256, 82880
44.8267, 82880
44.8279, 82880
44.8291, 82880
44.8304, 82880
44.8317, 82880
44.833, 82880
44.8342, 82880
44.8354, 82880
44.8366, 82880
44.8378, 82880
44.8389, 82880
44.8403, 82880
44.8416, 82880
44.8429, 82880
44.8442, 82880
44.8454, 82880
44.8467, 82880
44.848, 82880
44.8493, 82880
44.8506, 82880
44.852, 82880
44.8533, 82880
44.8545, 82880
44.8558, 82880
44.857, 82880
44.8582, 82880
44.8594, 82880
44.8606, 82880
44.8619, 82880
44.8634, 82880
44.8646, 82880
44.8659, 82880
44.8672, 82880
44.8685, 82880
44.8697, 82880
44.871, 82880
44.8723, 82880
44.8737, 82880
44.8753, 82880
44.8767, 82880
44.878, 82880
44.8793, 82880
44.8805, 82880
44.8816, 82880
44.8828, 82880
44.884, 82880
44.8851, 82664
44.8863, 82664
44.8875, 82664
44.8886, 82664
44.8897, 82664
44.8909, 82664
44.892, 82664
44.8931, 82664
44.8944, 82664
44.8958, 82664
44.8971, 82664
44.8984, 82664
44.8997, 82664
44.901, 82664
44.9022, 82664
44.9035, 82664
44.9047, 82664
44.906, 82664
44.9073, 82664
44.9085, 82664
44.9098, 82664
44.911, 82664
44.9123, 82664
44.9135, 82664
44.9147, 82664
44.9161, 82664
44.9174, 82664
44.9186, 82664
44.9199, 82664
44.9211, 82664
44.9224, 82664
44.9236, 82664
44.9249, 82664
44.9261, 82664
44.9274, 82664
44.9287, 82664
44.9299, 82664
44.9311, 82664
44.9323, 82664
44.9334, 82664
44.9347, 82664
44.9361, 82664
44.9374, 82664
44.9386, 82664
44.9399, 82664
44.9411, 82664
44.9424, 82664
44.9436, 82664
44.9449, 82664
44.9461, 82664
44.9473, 82664
44.9486, 82664
44.9498, 82664
44.9511, 82664
44.9524, 82664
44.9537, 82664
44.9549, 82664
44.9562, 82664
44.9577, 82664
44.9592, 82664
44.9607, 82664
44.9621, 82664
44.9636, 82664
44.9651, 82664
44.9665, 82664
44.968, 82664
44.9699, 82664
44.9713, 82664
44.9727, 82664
44.9741, 82664
44.9754, 82664
44.9766, 82664
44.9779, 82664
44.9792, 82880
44.9804, 82880
44.9817, 82880
44.9829, 82880
44.9842, 82880
44.9855, 82880
44.9868, 82880
44.9881, 82880
44.9893, 82880
44.9906, 82880
44.9918, 82880
44.9931, 82880
44.9943, 82880
44.9956, 82880
44.9968, 82880
44.9981, 82880
44.9993, 82880
45.0006, 82880
45.0021, 82880
45.0033, 82880
45.0046, 82880
45.0058, 82880
45.0075, 82880
45.0091, 82880
45.0105, 82880
45.0119, 82880
45.0135, 82880
45.0152, 82880
45.0166, 82880
45.018, 82880
45.0193, 82880
45.0206, 82880
45.0219, 82880
45.0233, 82880
45.0247, 82880
45.0261, 82880
45.0275, 82880
45.0288, 82880
45.0301, 82880
45.0314, 82880
45.0333, 82880
45.0386, 82880
45.0413, 82880
45.043, 82880
45.0445, 82880
45.046, 82880
45.0541, 82880
45.0555, 82880
45.0568, 82880
45.0582, 82880
45.0598, 82880
45.0612, 82880
45.0624, 82880
45.0637, 82880
45.0649, 82664
45.0663, 82664
45.0675, 82664
45.0688, 82664
45.0701, 82664
45.0713, 82664
45.0726, 82664
45.0739, 82664
45.0752, 82664
45.0764, 82664
45.0776, 82664
45.0789, 82664
45.0801, 82664
45.0813, 82880
45.0826, 82880
45.0839, 82880
45.0851, 82880
45.0864, 82880
45.0876, 82880
45.0889, 82880
45.0963, 82880
45.0977, 82880
45.0991, 82880
45.1005, 82880
45.1017, 82880
45.103, 82880
45.1042, 82880
45.1055, 82880
45.1068, 82880
45.108, 82880
45.1093, 82880
45.1107, 82880
45.112, 82880
45.1132, 82880
45.1148, 82880
45.1161, 82880
45.1173, 82880
45.1238, 82664
45.1253, 82664
45.1266, 82664
45.1279, 82664
45.1291, 82664
45.1303, 82664
45.1315, 82664
45.1327, 82880
45.1339, 82880
45.1353, 82880
45.1365, 82880
45.1378, 82880
45.1391, 82880
45.1404, 82880
45.1416, 82880
45.1429, 82880
45.1442, 82880
45.1457, 82880
45.1472, 82880
45.1486, 82880
45.1501, 82880
45.1515, 82880
45.1529, 82880
45.1543, 82880
45.1576, 82880
45.1591, 82880
45.1605, 82880
45.1619, 82880
45.1633, 82880
45.1647, 82880
45.1661, 82880
45.1674, 82880
45.1688, 82880
45.1702, 82880
45.1715, 82880
45.1728, 82880
45.1741, 82880
45.1753, 82880
45.1766, 82880
45.1778, 82880
45.1791, 82880
45.1803, 82880
45.1816, 82880
45.1828, 82880
45.1841, 82448
45.1854, 82448
45.1866, 82448
45.1879, 82448
45.1892, 82448
45.1905, 82448
45.1918, 82232
45.193, 82232
45.1943, 82232
45.1956, 82232
45.1968, 82232
45.1981, 82232
45.1994, 82232
45.2067, 82232
45.2082, 82232
45.2095, 82448
45.2108, 82448
45.212, 82448
45.2133, 82448
45.2145, 82448
45.2158, 82448
45.217, 82448
45.2182, 82448
45.2195, 82448
45.2207, 82448
45.222, 82448
45.2233, 82448
45.2245, 82448
45.2258, 82448
45.2271, 82448
45.2293, 82448
45.2307, 82448
45.2321, 82448
45.2336, 82448
45.2348, 82448
45.2361, 82448
45.2373, 82448
45.2385, 82448
45.2398, 82448
45.241, 82448
45.2422, 82448
45.2435, 82448
45.2447, 82448
45.2459, 82448
45.2472, 82448
45.2484, 82448
45.2497, 82448
45.2509, 82448
45.2521, 82232
45.2533, 82232
45.2546, 82232
45.2558, 82232
45.257, 82232
45.2582, 82232
45.2595, 82232
45.2607, 82232
45.2619, 82232
45.2632, 82232
45.2644, 82232
45.2657, 82232
45.2669, 82232
45.2681, 82232
45.2694, 82232
45.2706, 82232
45.2718, 82232
45.273, 82232
45.2743, 82232
45.2755, 82232
45.2767, 82232
45.2779, 82232
45.2792, 82232
45.2805, 82232
45.2817, 82232
45.2829, 82232
45.2842, 82232
45.2854, 82232
45.2867, 82232
45.288, 82232
45.2892, 82232
45.2904, 82232
45.2917, 82232
45.2929, 82232
45.2941, 82232
45.2953, 82232
45.2966, 82232
45.2978, 82232
45.299, 82232
45.3003, 82232
45.3015, 82232
45.3028, 81800
45.304, 81800
45.3053, 81800
45.3065, 81800
45.3078, 81800
45.309, 81800
45.3103, 81800
45.3115, 81800
45.3128, 81800
45.3141, 81800
45.3153, 81800
45.3165, 81800
45.3178, 81800
45.319, 81800
45.3202, 81800
45.3214, 81800
45.3227, 81800
45.3239, 81800
45.3252, 81800
45.3264, 81800
45.3276, 81800
45.3289, 81584
45.3301, 81584
45.3314, 81584
45.3326, 81584
45.3339, 81584
45.3352, 81584
45.3364, 81584
45.3377, 82016
45.3389, 82016
45.3401, 82016
45.3414, 82016
45.3426, 82016
45.3438, 82016
45.3451, 82016
45.3463, 82016
45.3475, 82016
45.3487, 82016
45.35, 82016
45.3513, 82016
45.3525, 82016
45.3537, 82016
45.355, 81584
45.3562, 81584
45.3575, 81584
45.3587, 81584
45.3599, 81584
45.3612, 81584
45.3624, 81584
45.3636, 81800
45.3649, 81800
45.3661, 81800
45.3673, 81800
45.3685, 81800
45.3698, 81800
45.371, 82016
45.3722, 82016
45.3735, 82016
45.3747, 82016
45.3759, 82016
45.3772, 82016
45.3785, 82016
45.3797, 82232
45.3809, 82232
45.3822, 82232
45.3834, 82232
45.3846, 82232
45.3858, 82232
45.3871, 82232
45.3883, 82232
45.3895, 82232
45.3907, 82232
45.3919, 82232
45.3932, 82232
45.3944, 82232
45.3956, 82232
45.3968, 82448
45.3981, 82448
45.3993, 82448
45.4005, 82448
45.4017, 82448
45.4029, 82448
45.4042, 82448
45.4054, 82448
45.4066, 82448
45.4078, 82448
45.4091, 82448
45.4103, 82448
45.4115, 82448
45.4127, 82448
45.414, 82448
45.4152, 82448
45.4164, 82448
45.4177, 82448
45.4189, 82448
45.4201, 82448
45.4213, 82448
45.4226, 82448
45.4238, 82448
45.425, 82448
45.4262, 82448
45.4275, 82448
45.4287, 82448
45.4299, 82448
45.4312, 82448
45.4324, 82448
45.4337, 82448
45.4349, 82448
45.4361, 82448
45.4373, 82448
45.4385, 82448
45.4398, 82448
45.441, 82448
45.4422, 82448
45.4434, 82448
45.4447, 82448
45.4459, 82448
45.4472, 82448
45.4484, 82448
45.4496, 82448
45.4509, 82448
45.4521, 82448
45.4533, 82448
45.4545, 82448
45.4558, 82448
45.457, 82448
45.4582, 82448
45.4595, 82448
45.4607, 82448
45.462, 82448
45.4632, 82448
45.4645, 82448
45.4657, 82448
45.4669, 82448
45.4681, 82448
45.4694, 82448
45.4706, 82448
45.4718, 82448
45.4731, 82448
45.4743, 82664
45.4756, 82664
45.4768, 82664
45.4781, 82664
45.4793, 82664
45.4806, 82664
45.4818, 82664
45.483, 82664
45.4843, 82664
45.4855, 82664
45.4868, 82664
45.488, 82664
45.4892, 82664
45.4905, 82664
45.4917, 82664
45.4929, 82664
45.4942, 82664
45.4954, 82664
45.4966, 82664
45.4979, 82664
45.4992, 82664
45.5004, 82664
45.5016, 82664
45.5032, 82664
45.5045, 82664
45.5064, 82664
45.5077, 82664
45.5093, 82664
45.5109, 82664
45.5122, 82664
45.5166, 82664
45.5181, 82664
45.521, 82664
45.5223, 82664
45.5237, 82664
45.5269, 82664
45.5284, 82664
45.5299, 82664
45.5314, 82664
45.5327, 82664
45.5381, 82664
45.5393, 82664
45.5405, 82664
45.5416, 82664
45.5428, 82664
45.544, 82664
45.5451, 82664
45.5463, 82664
45.5474, 82664
45.5486, 82664
45.5497, 82664
45.5582, 82232
45.5614, 82448
45.5627, 82448
45.5641, 82448
45.5656, 82448
45.5669, 82448
45.5765, 82664
45.578, 82664
45.5799, 82664
45.5899, 82448
45.5912, 82448
45.5926, 82448
45.594, 82664
45.5954, 82664
45.5966, 82664
45.5978, 82664
45.599, 82664
45.6002, 82664
45.6014, 82664
45.6026, 82664
45.6037, 82664
45.6049, 82664
45.6061, 82664
45.6074, 82664
45.6087, 82664
45.6099, 82664
45.6112, 82664
45.6125, 82664
45.6137, 82664
45.6149, 82664
45.6161, 82664
45.6173, 82664
45.6188, 82664
45.62, 82664
45.6212, 82664
45.6223, 82664
45.6235, 82664
45.6249, 82664
45.6262, 82664
45.6274, 82664
45.6287, 82664
45.6301, 82664
45.6314, 82664
45.6329, 82664
45.6343, 82664
45.6359, 82664
45.6379, 82664
45.6397, 82664
45.6411, 82664
45.6424, 82664
45.6437, 82664
45.645, 82664
45.6463, 82664
45.6476, 82664
45.6489, 82664
45.6502, 82664
45.6515, 82664
45.653, 82664
45.6545, 82664
45.6558, 82664
45.6572, 82664
45.6585, 82664
45.6599, 82664
45.6613, 82880
45.6627, 82880
45.664, 82880
45.6652, 82880
45.6668, 82880
45.6682, 82880
45.6694, 82880
45.6706, 82880
45.6718, 82880
45.6731, 82880
45.6743, 82880
45.6755, 82880
45.6767, 82880
45.6779, 82880
45.6791, 82880
45.6804, 82880
45.6818, 82880
45.6833, 82880
45.6847, 82880
45.686, 82880
45.6873, 82880
45.6886, 82880
45.6897, 82880
45.6909, 82880
45.6922, 82880
45.6934, 82880
45.6946, 82880
45.6958, 82664
45.697, 82664
45.6982, 82664
45.6994, 82664
45.7005, 82664
45.7017, 82664
45.7028, 82664
45.704, 82664
45.7052, 82664
45.7063, 82664
45.7076, 82664
45.7089, 82664
45.7103, 82664
45.7117, 82664
45.7132, 82664
45.7144, 82664
45.7156, 82664
45.7168, 82664
45.7181, 82664
45.7195, 82664
45.7208, 82664
45.7221, 82664
45.7234, 82664
45.725, 82664
45.7263, 82664
45.7275, 82664
45.7287, 82664
45.7299, 82880
45.7311, 82880
45.7323, 82880
45.7334, 82880
45.7346, 82880
45.7357, 82880
45.737, 82880
45.7385, 82664
45.7399, 82664
45.7414, 82664
45.7428, 82664
45.7442, 82664
45.7456, 82664
45.7468, 82880
45.7481, 82880
45.7496, 82880
45.751, 82880
45.7524, 82880
45.7538, 82880
45.7553, 82880
45.7567, 82880
45.7581, 82880
45.7594, 82880
45.7607, 82880
45.7621, 82880
45.7633, 82880
45.7647, 82880
45.7661, 82880
45.7673, 82880
45.7685, 82880
45.7699, 82880
45.7713, 82880
45.7727, 82880
45.7739, 82880
45.7752, 82880
45.7766, 82880
45.7778, 82880
45.779, 82880
45.7802, 82880
45.7813, 82880
45.7825, 82880
45.7836, 82880
45.7848, 82880
45.7862, 82880
45.7875, 82880
45.7887, 82880
45.79, 82448
45.7914, 82448
45.7928, 82448
45.794, 82448
45.7952, 82448
45.7963, 82448
45.7975, 82448
45.7987, 82232
45.8, 82232
45.8015, 82232
45.8029, 82232
45.8044, 82232
45.8058, 82232
45.8073, 82232
45.8088, 82232
45.8102, 82232
45.8115, 82232
45.8127, 82232
45.814, 82232
45.8154, 82448
45.8167, 82448
45.818, 82448
45.8192, 82448
45.8204, 82448
45.8215, 82448
45.8227, 82448
45.8238, 82448
45.825, 82448
45.8261, 82448
45.8273, 82448
45.8284, 82448
45.8296, 82448
45.8308, 82448
45.832, 82016
45.8335, 82016
45.835, 82016
45.8365, 82016
45.838, 82016
45.8394, 82016
45.8408, 82448
45.8421, 82448
45.8433, 82448
45.8445, 82448
45.8456, 82448
45.8468, 82448
45.8479, 82448
45.8491, 82232
45.8502, 82232
45.8514, 82232
45.8525, 82232
45.8536, 82232
45.8548, 82232
45.8559, 82232
45.8571, 82232
45.8582, 81800
45.8594, 81800
45.8605, 81800
45.8617, 81800
45.8628, 81800
45.8639, 81800
45.8651, 81800
45.8662, 81800
45.8674, 81800
45.8685, 81800
45.8697, 81800
45.8709, 81800
45.8723, 81800
45.8737, 81800
45.875, 81800
45.8763, 81800
45.8775, 81800
45.8786, 81800
45.8798, 81800
45.881, 81800
45.8821, 81800
45.8832, 81800
45.8844, 81800
45.8855, 81800
45.8867, 81800
45.8879, 81800
45.8893, 81800
45.8909, 81800
45.8924, 81800
45.8939, 81800
45.8955, 81800
45.897, 81800
45.8984, 81800
45.8998, 81800
45.9011, 82016
45.9023, 82016
45.9036, 82016
45.905, 82016
45.9063, 82016
45.9076, 82016
45.9088, 82016
45.91, 82016
45.9112, 82016
45.9123, 82016
45.9134, 82016
45.9146, 82016
45.9157, 82016
45.9169, 82016
45.918, 81800
45.9192, 81800
45.9203, 81800
45.9214, 81800
45.9227, 81800
45.9242, 81800
45.9256, 81800
45.9269, 81800
45.9283, 81800
45.9295, 81800
45.9306, 81800
45.9318, 81800
45.9329, 81800
45.9341, 81800
45.9352, 81800
45.9364, 81800
45.9375, 81800
45.9387, 81800
45.94, 81800
45.9416, 81800
45.943, 81800
45.9446, 81800
45.946, 81800
45.9475, 81800
45.9489, 81800
45.9503, 81800
45.9519, 82016
45.9533, 82016
45.9546, 82016
45.9558, 82016
45.9571, 82016
45.9584, 82016
45.9598, 82016
45.9612, 82016
45.9627, 82016
45.964, 82016
45.9652, 82016
45.9663, 82016
45.9675, 82016
45.9686, 82016
45.9698, 82016
45.9709, 82016
45.9721, 82016
45.9732, 82016
45.9744, 82016
45.9755, 82016
45.9767, 82016
45.9778, 81584
45.9792, 81584
45.9806, 81584
45.982, 81584
45.9834, 81584
45.9848, 81584
45.9863, 81800
45.9877, 81800
45.989, 81800
45.9902, 81800
45.9914, 81800
45.9926, 81800
45.9937, 81800
45.9949, 82016
45.9961, 82016
45.9973, 82016
45.9984, 82016
45.9996, 82016
46.0007, 82016
46.0019, 82016
46.0031, 82232
46.0042, 82232
46.0054, 82232
46.0066, 82232
46.0077, 82232
46.0089, 82232
46.0103, 82232
46.0117, 82232
46.0131, 82232
46.0143, 82232
46.0156, 82232
46.0168, 82232
46.0181, 82232
46.0193, 82232
46.0205, 82448
46.0217, 82448
46.0229, 82448
46.0242, 82448
46.0254, 82448
46.0265, 82448
46.0277, 82448
46.0289, 82448
46.0302, 82448
46.0314, 82448
46.0326, 82448
46.0338, 82448
46.035, 82448
46.0361, 82448
46.0373, 82448
46.0385, 82448
46.0397, 82448
46.0409, 82448
46.0422, 82448
46.0435, 82448
46.0446, 82448
46.0458, 82448
46.047, 82448
46.0481, 82448
46.0493, 82448
46.0504, 82448
46.0516, 82448
46.0528, 82448
46.054, 82448
46.0554, 82448
46.0571, 82448
46.0585, 82448
46.0599, 82448
46.0612, 82448
46.0624, 82448
46.0636, 82448
46.0647, 82448
46.0659, 82448
46.0671, 82448
46.0683, 82448
46.0695, 82448
46.0709, 82664
46.0723, 82664
46.0738, 82664
46.0752, 82664
46.0767, 82664
46.0781, 82664
46.0795, 82448
46.0809, 82448
46.0823, 82448
46.0838, 82448
46.0852, 82448
46.0865, 82448
46.0878, 82664
46.0891, 82664
46.0904, 82664
46.0917, 82664
46.0931, 82664
46.0946, 82664
46.0958, 82664
46.097, 82448
46.0981, 82448
46.0993, 82448
46.1004, 82448
46.1016, 82448
46.1027, 82448
46.104, 82448
46.1052, 82448
46.1066, 82448
46.1078, 82448
46.109, 82448
46.1102, 82448
46.1114, 82448
46.1126, 82448
46.1138, 82448
46.1149, 82448
46.1161, 82448
46.1174, 82448
46.1189, 82448
46.1202, 82448
46.1215, 82448
46.1227, 82448
46.1241, 82448
46.1254, 82448
46.1268, 82448
46.1282, 82448
46.1295, 82448
46.1307, 82664
46.132, 82664
46.1332, 82664
46.1344, 82664
46.1358, 82664
46.1371, 82664
46.1384, 82664
46.1397, 82664
46.1411, 82664
46.1424, 82664
46.1437, 82664
46.1451, 82664
46.1464, 82664
46.1478, 82664
46.1491, 82664
46.1505, 82664
46.1518, 82664
46.1531, 82664
46.1544, 82664
46.1556, 82664
46.157, 82880
46.1585, 82880
46.1599, 82880
46.1613, 82880
46.1626, 82880
46.1639, 82880
46.1652, 82664
46.1666, 82664
46.1679, 82664
46.1692, 82664
46.1706, 82664
46.1719, 82664
46.1734, 82880
46.1747, 82880
46.176, 82880
46.1774, 82880
46.1787, 82880
46.1801, 82880
46.1814, 82880
46.1827, 82664
46.1841, 82664
46.1855, 82664
46.1868, 82664
46.1882, 82664
46.1895, 82664
46.1908, 82880
46.1921, 82880
46.1934, 82880
46.1947, 82880
46.196, 82880
46.1972, 82880
46.1983, 82880
46.1995, 82664
46.2007, 82664
46.2018, 82664
46.2029, 82664
46.2041, 82664
46.2052, 82664
46.2065, 82664
46.2078, 82232
46.209, 82232
46.2103, 82232
46.2115, 82232
46.2129, 82232
46.2141, 82232
46.2155, 82232
46.2167, 82448
46.218, 82448
46.2194, 82448
46.2208, 82448
46.2221, 82448
46.2235, 82448
46.2251, 82664
46.2267, 82664
46.2282, 82664
46.2298, 82664
46.2313, 82664
46.2327, 82664
46.234, 82664
46.2353, 82664
46.2366, 82664
46.2379, 82664
46.2393, 82664
46.2406, 82664
46.2419, 82664
46.2432, 82664
46.2445, 82664
46.2459, 82664
46.2472, 82664
46.2485, 82664
46.2499, 82664
46.2512, 82664
46.2525, 82664
46.2539, 82664
46.2552, 82664
46.2565, 82664
46.2577, 82664
46.2589, 82664
46.26, 82664
46.2612, 82664
46.2623, 82664
46.2636, 82664
46.2649, 82664
46.2661, 82664
46.2674, 82880
46.2687, 82880
46.27, 82880
46.2714, 82880
46.2728, 82880
46.2741, 82880
46.2861, 82880
46.2875, 82880
46.289, 82880
46.2905, 82880
46.292, 82880
46.2934, 82880
46.2949, 82880
46.2963, 82880
46.2977, 82880
46.299, 82880
46.3003, 82880
46.3016, 82880
46.3029, 82880
46.3042, 82880
46.3055, 82880
46.3068, 82880
46.308, 82880
46.3093, 82880
46.3106, 82880
46.3118, 82880
46.3131, 82880
46.3143, 82880
46.3156, 82880
46.3168, 82880
46.3181, 82880
46.3194, 82880
46.3206, 82880
46.3219, 82880
46.3232, 82880
46.3244, 82880
46.3257, 82880
46.327, 82880
46.3282, 82880
46.3295, 82880
46.3307, 82880
46.332, 82880
46.3332, 82880
46.3344, 82880
46.3357, 82880
46.337, 82880
46.3383, 82880
46.3396, 82880
46.341, 82880
46.3423, 82880
46.3436, 82880
46.345, 82880
46.3467, 82880
46.3481, 82880
46.3494, 82880
46.3507, 82880
46.352, 82880
46.3533, 82880
46.3546, 82880
46.3558, 82880
46.357, 82880
46.3582, 82880
46.3593, 82880
46.3605, 82880
46.3617, 82880
46.363, 82880
46.3642, 82880
46.3654, 82880
46.3666, 82880
46.3677, 82880
46.3689, 82880
46.37, 82880
46.3712, 82880
46.3724, 82880
46.3738, 82880
46.3751, 82880
46.3764, 82880
46.3777, 82880
46.3789, 82880
46.3802, 82880
46.3814, 82880
46.3827, 82880
46.384, 82880
46.3852, 82880
46.3863, 82880
46.3875, 82880
46.3886, 82880
46.3898, 82880
46.3909, 82880
46.3921, 82880
46.3932, 82880
46.3944, 82880
46.3957, 82880
46.3969, 82880
46.398, 82880
46.3992, 82880
46.4004, 82880
46.4015, 82880
46.4027, 82880
46.4039, 82664
46.4052, 82664
46.4063, 82664
46.4075, 82664
46.4086, 82664
46.4098, 82664
46.4109, 82664
46.4122, 82448
46.4135, 82448
46.4148, 82448
46.416, 82448
46.4172, 82448
46.4183, 82448
46.4195, 82448
46.4207, 82448
46.4218, 82448
46.4232, 82448
46.4245, 82448
46.4257, 82448
46.4269, 82448
46.4281, 82448
46.4294, 82232
46.4307, 82232
46.4321, 82232
46.4334, 82232
46.4346, 82232
46.4359, 82232
46.4371, 82232
46.4384, 82232
46.4398, 82232
46.4412, 82232
46.4426, 82232
46.444, 82232
46.4454, 82232
46.4469, 82232
46.4482, 82232
46.4495, 82232
46.4508, 82232
46.4521, 82232
46.4534, 82232
46.4548, 82016
46.4563, 82016
46.4577, 82016
46.4592, 82016
46.4605, 82016
46.4617, 82016
46.4653, 82448
46.4682, 82448
46.4712, 82448
46.4727, 84608
46.474, 84608
46.4755, 84608
46.4768, 84608
46.4781, 84608
46.4794, 84608
46.4808, 84824
46.4821, 84824
46.4833, 84824
46.4845, 84824
46.4857, 84824
46.4871, 84824
46.4885, 84824
46.49, 85688
46.4913, 85688
46.4926, 85688
46.4938, 85688
46.4952, 85688
46.4965, 85688
46.4978, 85472
46.499, 85472
46.5002, 85472
46.5014, 85472
46.5025, 85472
46.5037, 85472
46.5048, 85472
46.5061, 85040
46.5073, 85040
46.5085, 85040
46.5097, 85040
46.5109, 85040
46.512, 85040
46.5132, 85040
46.5143, 85040
46.5156, 85040
46.5169, 85040
46.5181, 85040
46.5193, 85040
46.5205, 85040
46.5217, 85040
46.523, 85472
46.5242, 85472
46.5254, 85472
46.5266, 85472
46.5279, 85472
46.529, 85472
46.5302, 85472
46.5313, 85472
46.5324, 85688
46.5336, 85688
46.5348, 85688
46.5361, 85688
46.5373, 85688
46.5386, 85688
46.5398, 85688
46.5411, 85688
46.5423, 85688
46.5436, 85688
46.5447, 85688
46.5459, 85688
46.5473, 85688
46.5485, 85688
46.5497, 86120
46.5509, 86120
46.5521, 86120
46.5533, 86120
46.5546, 86120
46.5559, 86120
46.5572, 86120
46.5584, 86120
46.5595, 86120
46.5606, 86120
46.5618, 86120
46.5629, 86120
46.5641, 86120
46.5652, 86120
46.5663, 85688
46.5675, 85688
46.5688, 85688
46.57, 85688
46.5713, 85688
46.5725, 85688
46.5738, 85688
46.5752, 85256
46.5781, 85256
46.5795, 85256
46.5808, 85256
46.5821, 85256
46.5834, 85040
46.5848, 85040
46.5861, 85040
46.5874, 85040
46.5886, 85040
46.5898, 85040
46.591, 85040
46.5922, 84824
46.5934, 84824
46.5948, 84824
46.5962, 84824
46.5977, 84824
46.5989, 84824
46.6, 84824
46.6015, 84824
46.6029, 84824
46.6041, 84824
46.6053, 84824
46.6066, 84824
46.6078, 84824
46.609, 84824
46.6102, 84824
46.6117, 84824
46.6131, 84824
46.6146, 84824
46.616, 84824
46.6175, 84824
46.6189, 84824
46.6203, 84824
46.6218, 84824
46.6234, 84824
46.6248, 84824
46.6263, 84608
46.628, 84608
46.6294, 84608
46.6309, 84608
46.6323, 84608
46.6337, 84608
46.6352, 84608
46.6366, 84608
46.6379, 84608
46.6392, 84608
46.6405, 84608
46.6418, 84608
46.6432, 84824
46.6446, 84824
46.646, 84824
46.6474, 84824
46.6488, 84824
46.6502, 84824
46.6516, 84824
46.6531, 84824
46.6547, 84824
46.6562, 84824
46.6579, 84824
46.6597, 84608
46.6614, 84608
46.6627, 84608
46.664, 84608
46.6652, 84608
46.6666, 84608
46.668, 84608
46.6694, 84608
46.6708, 84608
46.6721, 84608
46.6735, 84608
46.6749, 84608
46.6763, 84608
46.6776, 84608
46.6789, 84608
46.6803, 84608
46.6817, 84608
46.6833, 84608
46.6848, 84608
46.6863, 84824
46.6876, 84824
46.689, 84824
46.6904, 84824
46.6919, 84824
46.6935, 84824
46.695, 84824
46.6965, 84824
46.6979, 84824
46.6996, 84824
46.7012, 84824
46.7027, 84824
46.7041, 84824
46.7056, 84824
46.7072, 84824
46.7088, 84824
46.7102, 84824
46.7117, 84824
46.7133, 84824
46.7148, 84824
46.7163, 84824
46.7178, 84824
46.7193, 84824
46.7207, 84824
46.7221, 84824
46.7236, 84824
46.725, 84824
46.7264, 84824
46.7278, 84824
46.7291, 84824
46.7305, 84824
46.7319, 84824
46.7333, 84824
46.7346, 84824
46.736, 84824
46.7374, 84608
46.7388, 84608
46.7402, 84608
46.7416, 84608
46.743, 84608
46.7445, 84608
46.746, 84824
46.7475, 84824
46.7491, 84824
46.7507, 84824
46.7522, 84824
46.7537, 84824
46.7553, 84824
46.7569, 84824
46.7584, 84824
46.7598, 84824
46.7613, 84824
46.7627, 84608
46.7641, 84608
46.7656, 84608
46.767, 84608
46.7684, 84608
46.7698, 84608
46.7713, 84608
46.7726, 84608
46.7739, 84608
46.7752, 84608
46.7766, 84608
46.7781, 84608
46.7796, 84608
46.7811, 84608
46.7827, 84608
46.7843, 84608
46.7857, 84608
46.7873, 84608
46.7888, 84608
46.7903, 84608
46.7917, 84608
46.7932, 84608
46.7947, 84608
46.7963, 84608
46.7978, 84608
46.7993, 84608
46.8008, 84608
46.8027, 84608
46.8044, 84608
46.8058, 84392
46.8073, 84392
46.8087, 84392
46.8105, 84392
46.8118, 84392
46.8132, 84608
46.8145, 84608
46.8158, 84608
46.8171, 84608
46.8184, 84608
46.8197, 84608
46.8211, 84608
46.8225, 84392
46.8239, 84392
46.8254, 84392
46.8269, 84392
46.8283, 84392
46.8298, 84392
46.8315, 84392
46.8331, 84392
46.8346, 84392
46.8362, 84392
46.8377, 84392
46.8393, 84176
46.8407, 84176
46.842, 84176
46.8433, 84176
46.8446, 84176
46.8459, 84176
46.8474, 84392
46.8487, 84392
46.8501, 84392
46.8516, 84392
46.853, 84392
46.8543, 84392
46.8556, 84392
46.8569, 84176
46.8582, 84176
46.8597, 84176
46.8613, 84176
46.8629, 84176
46.8645, 84176
46.8661, 84176
46.8676, 84176
46.8692, 84176
46.8707, 84176
46.8721, 84176
46.8737, 83960
46.8752, 83960
46.8768, 83960
46.8782, 83960
46.8796, 83960
46.8841, 83960
46.8857, 83960
46.8872, 83960
46.8886, 83960
46.8901, 83960
46.8915, 83960
46.8954, 83960
46.897, 83960
46.8985, 83744
46.9001, 83744
46.9016, 83744
46.903, 83744
46.9046, 83744
46.9078, 83744
46.9119, 83744
46.9134, 83744
46.9149, 83744
46.9164, 83744
46.9178, 83744
46.9193, 83744
46.9206, 83744
46.9219, 83744
46.9252, 83744
46.9269, 83744
46.9284, 83744
46.9298, 83744
46.9311, 83744
46.9325, 83744
46.9349, 83744
46.9366, 83744
46.938, 83744
46.9394, 83744
46.9409, 83744
46.9425, 83744
46.9513, 83744
46.9527, 83744
46.9541, 83744
46.9553, 83744
46.9564, 83744
46.9576, 83744
46.9588, 83744
46.96, 83744
46.9611, 83744
46.9622, 83744
46.9641, 83744
46.9653, 83744
46.9664, 83744
46.9676, 83312
46.9707, 83312
46.972, 83312
46.9732, 83312
46.9743, 83312
46.9754, 83312
46.9854, 83744
46.9868, 83744
46.9882, 83744
46.9895, 83744
46.9909, 83744
46.992, 83744
46.9932, 84176
46.9945, 84176
46.9957, 84176
46.9968, 84176
46.9979, 84176
46.9991, 84176
47.0004, 84176
47.0018, 83960
47.0033, 83960
47.0048, 83960
47.0062, 83960
47.0074, 83960
47.0086, 83960
47.0097, 84392
47.0108, 84392
47.012, 84392
47.0131, 84392
47.0142, 84392
47.0153, 84392
47.0164, 84392
47.0176, 84392
47.0187, 83960
47.0199, 83960
47.0211, 83960
47.0222, 83960
47.0235, 83960
47.0247, 83960
47.0259, 83960
47.0271, 84176
47.0282, 84176
47.0293, 84176
47.0304, 84176
47.0318, 84176
47.0332, 84176
47.0344, 84176
47.0357, 84392
47.0371, 84392
47.0384, 84392
47.0397, 84392
47.0409, 84392
47.0421, 84392
47.0434, 84392
47.0445, 84824
47.0456, 84824
47.0467, 84824
47.0479, 84824
47.049, 84824
47.0502, 84824
47.0513, 84824
47.0526, 84392
47.0541, 84392
47.0555, 84392
47.0567, 84392
47.0579, 84392
47.0591, 84392
47.0602, 84392
47.0614, 84608
47.0625, 84608
47.0637, 84608
47.0654, 84608
47.0676, 84608
47.0694, 84392
47.0716, 84392
47.0733, 84392
47.0749, 84392
47.0764, 84392
47.0778, 84392
47.0792, 84392
47.0806, 84392
47.082, 84392
47.0834, 84392
47.0848, 84392
47.086, 84392
47.0872, 84176
47.0883, 84176
47.0894, 84176
47.0906, 84176
47.0917, 84176
47.0929, 84176
47.094, 84176
47.0951, 84176
47.0964, 84176
47.0979, 84176
47.0998, 84176
47.1011, 84176
47.1025, 84176
47.1039, 83960
47.1052, 83960
47.1064, 83960
47.1076, 83960
47.1088, 83960
47.11, 83960
47.1113, 83960
47.1125, 83960
47.1137, 83960
47.1149, 83960
47.1161, 83960
47.1174, 83960
47.1187, 83960
47.12, 83960
47.1212, 84176
47.1225, 84176
47.1239, 84176
47.1252, 84176
47.1266, 84176
47.1281, 84176
47.1294, 84176
47.1308, 84176
47.1322, 84176
47.1337, 84176
47.135, 84176
47.1363, 84176
47.1375, 84392
47.139, 84392
47.1404, 84392
47.1419, 84392
47.1433, 84392
47.1448, 84392
47.1463, 84392
47.1479, 84392
47.1493, 84392
47.1508, 84392
47.1522, 84392
47.154, 84392
47.1556, 84176
47.157, 84176
47.1584, 84176
47.1598, 84176
47.1612, 84176
47.1626, 84176
47.164, 84176
47.1654, 84176
47.1671, 84176
47.1685, 84176
47.1699, 84176
47.1713, 84176
47.1726, 84176
47.1737, 84176
47.1748, 84176
47.176, 84176
47.1773, 84176
47.1788, 84176
47.1802, 84176
47.1815, 84176
47.1828, 84176
47.1844, 84176
47.1858, 84176
47.1875, 84176
47.1893, 84176
47.1909, 84176
47.1924, 84176
47.1945, 84176
47.1965, 84176
47.1986, 83960
47.2006, 83960
47.2023, 83960
47.2043, 83960
47.2069, 83744
47.2088, 83744
47.2101, 83744
47.2121, 83744
47.2144, 83528
47.2166, 83528
47.2185, 83528
47.2209, 83528
47.2228, 83528
47.2256, 83528
47.2283, 83528
47.2304, 83528
47.2322, 83528
47.2336, 83528
47.2352, 83528
47.2372, 83528
47.2402, 83744
47.2423, 83744
47.244, 83744
47.2471, 83744
47.2496, 83744
47.2565, 83528
47.2584, 83528
47.2603, 83528
47.2631, 83528
47.2752, 83528
47.2775, 83528
47.2827, 83528
47.2856, 83528
47.295, 83744
47.2974, 83744
47.2993, 83744
47.3137, 83528
47.3176, 83744
47.3217, 83744
47.3255, 83744
47.3334, 83744
47.3396, 83744
47.3415, 83744
47.351, 83744
47.3531, 83744
47.36, 83744
47.362, 83744
47.364, 83744
47.3664, 83744
47.3724, 83744
47.3771, 83744
47.3806, 83744
47.3829, 83744
47.3854, 83744
47.3884, 83744
47.3976, 83528
47.3999, 83528
47.4015, 83528
47.4187, 83528
47.4224, 83528
47.4246, 83528
47.4262, 83528
47.4277, 83528
47.4292, 83528
47.4307, 83528
47.4321, 83528
47.4337, 83528
47.436, 83312
47.4383, 83312
47.4403, 83312
47.4487, 83312
47.451, 83312
47.453, 83312
47.4546, 83312
47.4559, 83312
47.462, 83528
47.4635, 83528
47.4648, 83528
47.4662, 83528
47.4677, 83528
47.4692, 83528
47.4707, 83528
47.4721, 83528
47.4735, 83528
47.4749, 83528
47.4763, 83528
47.48, 83528
47.4814, 83528
47.4828, 83528
47.4842, 83528
47.4855, 83528
47.491, 83528
47.4924, 83528
47.4938, 83528
47.4952, 83528
47.4964, 83744
47.4978, 83744
47.4993, 83744
47.5008, 83744
47.5022, 83744
47.5037, 83744
47.5088, 83744
47.5105, 83744
47.5119, 83744
47.5134, 83744
47.5147, 83744
47.5182, 83744
47.5196, 83744
47.5209, 83744
47.5223, 83960
47.5236, 83960
47.5249, 83960
47.5311, 83960
47.5328, 83960
47.5341, 83960
47.5355, 83960
47.5368, 83960
47.5382, 83960
47.5395, 83960
47.5413, 83960
47.5428, 83960
47.5441, 83960
47.5454, 83960
47.5472, 83744
47.5491, 83744
47.5506, 83744
47.5521, 83744
47.559, 83528
47.5611, 83528
47.5638, 83528
47.5675, 83528
47.5691, 83528
47.5707, 83528
47.5784, 83312
47.5895, 83096
47.5923, 83096
47.5954, 83096
47.5992, 83096
47.6053, 83096
47.6072, 82880
47.6085, 82880
47.6097, 82880
47.611, 82880
47.6122, 82880
47.6134, 82880
47.6154, 82664
47.6212, 82664
47.6241, 82664
47.626, 82664
47.6273, 82664
47.6285, 82664
47.6297, 82664
47.6312, 82664
47.6431, 82448
47.651, 82448
47.6623, 82448
47.6698, 82448
47.6715, 82448
47.6727, 82448
47.6739, 82448
47.6753, 82448
47.6765, 82448
47.6777, 82448
47.6798, 82448
47.6892, 82232
47.6917, 82232
47.6965, 82232
47.6999, 82232
47.7022, 82448
47.7035, 82448
47.7047, 82448
47.706, 82448
47.7072, 82448
47.7085, 82448
47.7097, 82232
47.7109, 82232
47.7123, 82232
47.7135, 82232
47.7148, 82232
47.716, 82232
47.7172, 82232
47.7185, 82016
47.7197, 82016
47.721, 82016
47.7222, 82016
47.7234, 82016
47.7247, 82016
47.7259, 82016
47.7273, 81800
47.7285, 81800
47.7299, 81800
47.7313, 81800
47.7371, 81800
47.7389, 81800
47.7402, 81800
47.7415, 81800
47.7427, 81800
47.7443, 82016
47.7455, 82016
47.7468, 82016
47.748, 82016
47.7492, 82016
47.7504, 82016
47.7518, 81800
47.7663, 82016
47.7691, 82016
47.7714, 82016
47.7736, 82016
47.7761, 82016
47.7791, 82232
47.7832, 82232
47.7853, 82232
47.787, 82016
47.7898, 82016
47.7915, 82016
47.7929, 82016
47.7941, 82016
47.7953, 82232
47.7965, 82232
47.7976, 82232
47.7988, 82232
47.7999, 82232
47.8011, 82232
47.8022, 82232
47.8034, 82016
47.8045, 82016
47.8056, 82016
47.8108, 82016
47.8121, 82232
47.8133, 82232
47.8144, 82232
47.8155, 82232
47.8167, 82232
47.8178, 82232
47.819, 82232
47.8201, 82448
47.8213, 82448
47.8224, 82448
47.8235, 82448
47.8247, 82448
47.8259, 82448
47.8274, 82448
47.8287, 82664
47.83, 82664
47.8313, 82664
47.8326, 82664
47.8339, 82664
47.8352, 82664
47.8365, 82664
47.8377, 83096
47.839, 83096
47.8407, 83096
47.8421, 83096
47.8433, 83096
47.8445, 83096
47.8457, 83096
47.8469, 83096
47.8481, 83096
47.8493, 83096
47.8505, 83096
47.8517, 83096
47.8528, 83096
47.854, 83096
47.8557, 82880
47.8582, 82880
47.8604, 82880
47.8633, 82880
47.8655, 82880
47.8674, 82880
47.8693, 82880
47.8711, 82880
47.8727, 82880
47.8739, 82880
47.8753, 82880
47.879, 82880
47.8809, 83096
47.8824, 83096
47.8837, 83096
47.885, 83096
47.8865, 83096
47.8886, 83312
47.8904, 83312
47.8919, 83312
47.8949, 83312
47.8969, 83312
47.8984, 83312
47.8999, 83312
47.9018, 83312
47.9037, 83312
47.9063, 83528
47.9126, 83528
47.9155, 83528
47.9216, 83528
47.9231, 83744
47.9255, 83744
47.9271, 83744
47.9348, 83744
47.9363, 83744
47.9382, 83744
47.9405, 83744
47.9426, 83744
47.9441, 83744
47.9457, 83744
47.9478, 83744
47.9493, 83744
47.9506, 83744
47.9521, 83744
47.9544, 83744
47.9559, 83744
47.9571, 83744
47.9583, 83744
47.9595, 83744
47.9607, 83744
47.9628, 83744
47.9655, 83744
47.9672, 83744
47.969, 83744
47.9709, 83744
47.9724, 83744
47.9746, 83960
47.9764, 83960
47.9783, 83960
47.9801, 83960
47.9826, 83960
47.9842, 83960
47.9897, 83960
47.9914, 83960
47.9933, 83960
48.0021, 83960
48.0034, 83960
48.0075, 83960
48.0089, 84176
48.0123, 84176
48.0137, 84176
48.0216, 84176
48.023, 84176
48.0248, 84176
48.0347, 84392
48.0362, 84392
48.05, 84608
48.0514, 84392
48.0526, 84392
48.0538, 84392
48.055, 84392
48.0562, 84392
48.0579, 84392
48.059, 84392
48.0604, 84392
48.0618, 84392
48.0631, 84392
48.0644, 84392
48.0657, 84392
48.0668, 84392
48.0681, 84176
48.0694, 84176
48.0707, 84176
48.072, 84176
48.0732, 84176
48.0743, 84176
48.0754, 84176
48.0767, 84176
48.0791, 84176
48.0819, 84176
48.0832, 84176
48.0845, 84176
48.0859, 84176
48.0873, 84176
48.0884, 84176
48.0896, 84176
48.0908, 84176
48.092, 84176
48.0932, 84176
48.0944, 84176
48.0958, 84176
48.0972, 84176
48.0986, 84176
48.1, 84176
48.1014, 84176
48.1027, 84176
48.104, 84176
48.1054, 84176
48.1068, 84176
48.1082, 84176
48.1096, 84176
48.111, 84176
48.1122, 84176
48.1136, 84176
48.1149, 84176
48.1163, 84176
48.1176, 84176
48.1189, 84176
48.1202, 84176
48.1214, 84176
48.1226, 84176
48.1239, 84176
48.1251, 84176
48.1264, 84176
48.1276, 84176
48.1289, 84176
48.1302, 84176
48.1319, 84176
48.1333, 84176
48.1347, 84176
48.1361, 84176
48.1375, 84176
48.1388, 84176
48.1401, 84176
48.1415, 84176
48.1433, 84176
48.1447, 84176
48.146, 84176
48.1474, 84176
48.1488, 84176
48.1501, 84176
48.1514, 84176
48.1527, 84176
48.154, 84176
48.1553, 84176
48.1566, 84176
48.1579, 84176
48.1593, 84176
48.1608, 84176
48.1622, 84176
48.1636, 84176
48.165, 84176
48.1663, 84176
48.1676, 84176
48.169, 84176
48.1704, 83960
48.1717, 83960
48.1731, 83960
48.1744, 83960
48.1756, 83960
48.1769, 83960
48.1782, 83960
48.1794, 84176
48.1807, 84176
48.182, 84176
48.1833, 84176
48.1846, 84176
48.1859, 84176
48.1873, 84392
48.1886, 84392
48.1899, 84392
48.1913, 84392
48.1926, 84392
48.1941, 84392
48.1956, 84392
48.197, 84392
48.1983, 84392
48.1996, 84392
48.201, 84392
48.2024, 84392
48.2037, 84392
48.2052, 84392
48.2066, 84392
48.2079, 84392
48.2092, 84392
48.2104, 84392
48.2117, 84392
48.2129, 84608
48.2142, 84608
48.2154, 84608
48.2167, 84608
48.218, 84608
48.2193, 84608
48.2206, 84608
48.2218, 84608
48.2231, 84608
48.2244, 84608
48.2256, 84608
48.227, 84608
48.2283, 84608
48.2297, 84608
48.2311, 84608
48.2325, 84608
48.2338, 84608
48.2352, 84608
48.2366, 84608
48.2379, 84608
48.2392, 84608
48.2405, 84608
48.2418, 84608
48.243, 84608
48.2443, 84608
48.2455, 84608
48.2467, 84608
48.2479, 84608
48.2491, 84608
48.2503, 84608
48.2515, 84608
48.2527, 84608
48.254, 84608
48.2554, 84608
48.2569, 84608
48.2584, 84608
48.2598, 84608
48.2612, 84608
48.2624, 84608
48.2637, 84608
48.265, 84608
48.2662, 84608
48.2673, 84608
48.2685, 84608
48.2697, 84608
48.2708, 84608
48.272, 84608
48.2732, 84824
48.2745, 84824
48.2758, 84824
48.277, 84824
48.2782, 84824
48.2793, 84824
48.2805, 84824
48.2817, 84608
48.283, 84608
48.2842, 84608
48.2857, 84608
48.287, 84608
48.2882, 84608
48.2895, 84608
48.2907, 84608
48.2918, 84608
48.293, 84608
48.2941, 84608
48.2953, 84608
48.2966, 84608
48.2977, 84608
48.2988, 84176
48.3, 84176
48.3012, 84176
48.3025, 84176
48.3037, 84176
48.3048, 84176
48.306, 84176
48.3071, 84392
48.3083, 84392
48.3094, 84392
48.3107, 84392
48.3121, 84392
48.3135, 84392
48.315, 84392
48.3165, 84392
48.318, 84392
48.3195, 84392
48.3208, 84392
48.3221, 84392
48.3233, 84392
48.3246, 84392
48.3258, 84392
48.3271, 84392
48.3283, 84392
48.3294, 84392
48.3306, 84392
48.3317, 84392
48.3329, 84608
48.334, 84608
48.3352, 84608
48.3363, 84608
48.3375, 84608
48.3386, 84608
48.3398, 84608
48.341, 84392
48.3423, 84392
48.3437, 84392
48.345, 84392
48.3462, 84392
48.3474, 84392
48.3485, 84392
48.3497, 84392
48.3509, 84392
48.3522, 84392
48.3534, 84392
48.3545, 84392
48.3557, 84392
48.3568, 84392
48.358, 84176
48.3592, 84176
48.3603, 84176
48.3615, 84176
48.3626, 84176
48.3638, 84176
48.3649, 84176
48.3661, 84176
48.3673, 84392
48.3684, 84392
48.3695, 84392
48.3707, 84392
48.3719, 84392
48.373, 84392
48.3742, 84392
48.3753, 84392
48.3765, 84392
48.3777, 84392
48.379, 84392
48.3803, 84392
48.3816, 84392
48.3829, 84392
48.3841, 84176
48.3852, 84176
48.3863, 84176
48.3875, 84176
48.3887, 84176
48.3898, 84176
48.3909, 84176
48.3921, 84392
48.3932, 84392
48.3944, 84392
48.3957, 84392
48.397, 84392
48.3983, 84392
48.3996, 84392
48.4009, 84392
48.4022, 84392
48.4035, 84392
48.4048, 84392
48.406, 84392
48.4073, 84392
48.4086, 84392
48.4098, 84392
48.411, 84392
48.4122, 84392
48.4133, 84392
48.4144, 84392
48.4156, 84392
48.4167, 84392
48.4179, 84176
48.419, 84176
48.4202, 84176
48.4213, 84176
48.4224, 84176
48.4237, 84176
48.425, 84176
48.4262, 83960
48.4275, 83960
48.4288, 83960
48.4299, 83960
48.4311, 83960
48.4323, 83960
48.4334, 83960
48.4345, 83960
48.4357, 83960
48.4368, 83960
48.438, 83960
48.4392, 83960
48.4403, 83960
48.4416, 83960
48.443, 83960
48.4444, 83960
48.4457, 83960
48.447, 83960
48.4484, 83960
48.4497, 83960
48.4509, 83960
48.4521, 84176
48.4534, 84176
48.4546, 84176
48.4558, 84176
48.457, 84176
48.4582, 84176
48.4593, 84176
48.4605, 84176
48.4616, 84176
48.4628, 84176
48.4639, 84176
48.465, 84176
48.4662, 84176
48.4674, 84176
48.4686, 84176
48.47, 84176
48.4713, 84176
48.4725, 84176
48.4737, 84176
48.4748, 84176
48.476, 84176
48.4771, 84176
48.4783, 83960
48.4794, 83960
48.4805, 83960
48.4817, 83960
48.4828, 83960
48.484, 83960
48.4851, 83960
48.4862, 83744
48.4874, 83744
48.4885, 83744
48.4897, 83744
48.4908, 83744
48.492, 83744
48.4931, 83744
48.4943, 83744
48.4954, 83744
48.4966, 83744
48.4977, 83744
48.4989, 83744
48.5, 83744
48.5012, 83744
48.5024, 83744
48.5035, 83744
48.5047, 83744
48.5058, 83744
48.507, 83744
48.5081, 83744
48.5092, 83744
48.5104, 83744
48.5115, 83744
48.5127, 83744
48.5138, 83744
48.5149, 83744
48.5161, 83744
48.5172, 83744
48.5183, 83744
48.5195, 83744
48.5206, 83744
48.5217, 83744
48.5229, 83744
48.524, 83744
48.5252, 83744
48.5263, 83744
48.5275, 83744
48.5287, 83744
48.5298, 83744
48.531, 83744
48.5322, 83744
48.5334, 83744
48.5346, 83744
48.5357, 83744
48.5369, 83744
48.5381, 83744
48.5393, 83744
48.5405, 83744
48.5417, 83744
48.5428, 83744
48.544, 83744
48.5452, 83744
48.5464, 83744
48.5476, 83744
48.5487, 83744
48.5499, 83744
48.5512, 83744
48.5524, 83744
48.5535, 83744
48.5548, 83960
48.5559, 83960
48.5571, 83960
48.5583, 83960
48.5595, 83960
48.5607, 83960
48.5618, 83960
48.563, 83744
48.5643, 83744
48.5655, 83744
48.5667, 83744
48.5679, 83744
48.569, 83744
48.5702, 83744
48.5715, 83528
48.5726, 83528
48.5738, 83528
48.575, 83528
48.5762, 83528
48.5773, 83528
48.5785, 83528
48.5797, 83312
48.5809, 83312
48.5821, 83312
48.5832, 83312
48.5844, 83312
48.5855, 83312
48.5867, 83312
48.5879, 83312
48.589, 83312
48.5902, 83312
48.5913, 83312
48.5924, 83312
48.5936, 83312
48.5948, 83312
48.5959, 83312
48.5971, 83312
48.5983, 83312
48.5994, 83312
48.6006, 83312
48.6017, 83312
48.6029, 83312
48.604, 83312
48.6052, 83312
48.6063, 83312
48.6075, 83312
48.6087, 83312
48.6099, 83312
48.611, 83312
48.6122, 83312
48.6133, 83312
48.6145, 83312
48.6156, 83312
48.6168, 83312
48.6179, 83312
48.6191, 83312
48.6203, 83312
48.6215, 83312
48.6226, 83096
48.6238, 83096
48.625, 83096
48.6261, 83096
48.6273, 83096
48.6284, 83096
48.6296, 83096
48.6307, 83096
48.6319, 83096
48.6331, 83096
48.6342, 83096
48.6354, 83096
48.6365, 83096
48.6377, 83096
48.6388, 83096
48.64, 83312
48.6411, 83312
48.6423, 83312
48.6434, 83312
48.6446, 83312
48.6457, 83312
48.6469, 83312
48.648, 83096
48.6491, 83096
48.6503, 83096
48.6514, 83096
48.6526, 83096
48.6537, 83096
48.6549, 83096
48.656, 83096
48.6572, 83096
48.6583, 83096
48.6594, 83096
48.6606, 83096
48.6617, 83096
48.6629, 83096
48.664, 83096
48.6651, 83312
48.6663, 83312
48.6674, 83312
48.6686, 83312
48.6697, 83312
48.6709, 83312
48.672, 83312
48.6731, 83312
48.6743, 83528
48.6754, 83528
48.6766, 83528
48.6778, 83528
48.6789, 83528
48.6801, 83528
48.6812, 83528
48.6824, 83528
48.6835, 83528
48.6847, 83528
48.6858, 83528
48.687, 83528
48.6882, 83528
48.6893, 83528
48.6904, 83528
48.6916, 83528
48.6927, 83528
48.6939, 83528
48.6951, 83528
48.6962, 83528
48.6974, 83528
48.6985, 83528
48.6997, 83744
48.7009, 83744
48.7021, 83744
48.7033, 83744
48.7045, 83744
48.7056, 83744
48.7068, 83744
48.708, 83744
48.7091, 83744
48.7103, 83744
48.7115, 83744
48.7126, 83744
48.7138, 83744
48.7149, 83744
48.7161, 83744
48.7172, 83744
48.7184, 83744
48.7195, 83744
48.7207, 83744
48.7219, 83744
48.723, 83744
48.7241, 83744
48.7253, 83744
48.7265, 83744
48.7276, 83744
48.7288, 83744
48.7299, 83744
48.7312, 83744
48.7324, 83744
48.7336, 83960
48.7347, 83960
48.7359, 83960
48.737, 83960
48.7382, 83960
48.7393, 83960
48.7404, 83960
48.7416, 83960
48.7428, 83960
48.7439, 83960
48.7451, 83960
48.7463, 83960
48.7474, 83960
48.7486, 83960
48.7498, 83960
48.751, 83960
48.7522, 83960
48.7534, 83960
48.7546, 83960
48.7559, 83960
48.7571, 83960
48.7583, 83960
48.7595, 83960
48.7607, 83960
48.7618, 83960
48.763, 83960
48.7643, 83960
48.7655, 83960
48.7667, 83960
48.7679, 84392
48.7691, 84392
48.7703, 84392
48.7715, 84392
48.7727, 84392
48.7739, 84392
48.7753, 84392
48.7765, 84176
48.7776, 84176
48.7788, 84176
48.78, 84176
48.7812, 84176
48.7824, 84176
48.7835, 84176
48.7848, 84176
48.7859, 84176
48.7871, 84176
48.7883, 84176
48.7895, 84176
48.7906, 84176
48.7917, 84176
48.7929, 84392
48.7941, 84392
48.7952, 84392
48.7964, 84392
48.7975, 84392
48.7987, 84392
48.7999, 84392
48.801, 84392
48.8022, 84392
48.8033, 84392
48.8044, 84392
48.8055, 84392
48.8067, 84392
48.808, 84392
48.8094, 84392
48.8106, 84392
48.8126, 84392
48.8138, 84392
48.815, 84392
48.8161, 84392
48.8173, 84392
48.8185, 84392
48.8219, 84392
48.8233, 84392
48.8247, 84392
48.826, 84392
48.8272, 84608
48.8284, 84608
48.8296, 84608
48.831, 84608
48.8323, 84608
48.8336, 84608
48.8352, 84608
48.8365, 84824
48.8378, 84824
48.8391, 84824
48.8404, 84824
48.8421, 84824
48.8446, 84824
48.8461, 84824
48.8484, 84824
48.8496, 84824
48.8509, 84824
48.8522, 84824
48.8535, 84824
48.8547, 84824
48.8559, 84824
48.8571, 84824
48.8583, 84824
48.8595, 84824
48.8607, 84824
48.8618, 84608
48.863, 84608
48.8641, 84608
48.8653, 84608
48.8664, 84608
48.8675, 84608
48.8687, 84608
48.8698, 84608
48.871, 84608
48.8722, 84608
48.8733, 84608
48.8745, 84608
48.8756, 84608
48.8767, 84608
48.8779, 84608
48.8791, 84392
48.8802, 84392
48.8814, 84392
48.8825, 84392
48.8836, 84392
48.8847, 84392
48.8859, 84392
48.887, 84392
48.8882, 84392
48.8893, 84392
48.8905, 84392
48.8916, 84392
48.8927, 84392
48.8939, 84392
48.895, 84392
48.8962, 84392
48.8973, 84392
48.8985, 84392
48.8996, 84392
48.9008, 84392
48.9019, 84392
48.9031, 84392
48.9043, 84176
48.9054, 84176
48.9066, 84176
48.9077, 84176
48.9089, 84176
48.9101, 84176
48.9112, 84176
48.9124, 83960
48.9135, 83960
48.9146, 83960
48.9158, 83960
48.9169, 83960
48.9181, 83960
48.9193, 83960
48.9204, 83960
48.9215, 83960
48.9227, 83960
48.9239, 83960
48.9251, 83960
48.9262, 83960
48.9274, 83960
48.9285, 83960
48.9297, 83744
48.9308, 83744
48.932, 83744
48.9331, 83744
48.9342, 83744
48.9354, 83744
48.9365, 83744
48.9377, 83744
48.9388, 83744
48.94, 83744
48.9411, 83744
48.9423, 83744
48.9434, 83744
48.9446, 83744
48.9457, 83744
48.9469, 83744
48.948, 83744
48.9519, 83744
48.9533, 83744
48.9624, 83744
48.9637, 83744
48.9649, 83744
48.9662, 83744
48.9676, 83744
48.9689, 83744
48.9704, 83744
48.9717, 83744
48.9729, 83744
48.9742, 83744
48.9754, 83744
48.9768, 83744
48.9782, 83744
48.9794, 83744
48.9805, 83744
48.9817, 83744
48.9828, 83744
48.984, 83744
48.9851, 83744
48.9863, 83744
48.9874, 83744
48.9887, 83744
48.9899, 83528
48.991, 83528
48.9922, 83528
48.9933, 83528
48.9944, 83528
48.9956, 83528
48.9967, 83528
48.9979, 83528
48.999, 83528
49.0002, 83528
49.0013, 83528
49.0024, 83528
49.0036, 83528
49.0048, 83528
49.0059, 83528
49.0071, 83312
49.0083, 83312
49.0094, 83312
49.0106, 83312
49.0117, 83312
49.0129, 83312
49.014, 83312
49.0152, 83312
49.0163, 83312
49.0175, 83312
49.0186, 83312
49.0198, 83312
49.0209, 83312
49.0221, 83312
49.0233, 83096
49.0245, 83096
49.0257, 83096
49.0268, 83096
49.028, 83096
49.0291, 83096
49.0303, 83096
49.0314, 83096
49.0326, 83096
49.0337, 83096
49.0349, 83096
49.036, 83096
49.0372, 83096
49.0383, 83096
49.0395, 83096
49.0406, 83096
49.0417, 83096
49.0429, 83096
49.044, 83096
49.0452, 83096
49.0463, 83096
49.0475, 83096
49.0486, 83096
49.0498, 83096
49.0509, 83096
49.0521, 83096
49.0532, 83096
49.0544, 83096
49.0555, 83096
49.0567, 83096
49.0578, 82880
49.059, 82880
49.0601, 82880
49.0613, 82880
49.0624, 82880
49.0636, 82880
49.0648, 82880
49.0659, 82880
49.0671, 82664
49.0683, 82664
49.0695, 82664
49.0707, 82664
49.0721, 82664
49.0733, 82664
49.0746, 82664
49.0759, 82664
49.0773, 82664
49.0786, 82664
49.0831, 82880
49.0845, 82880
49.0859, 82880
49.0873, 82880
49.0886, 82880
49.0899, 82880
49.0913, 82880
49.0925, 83096
49.0936, 83096
49.0948, 83096
49.0959, 83096
49.0971, 83096
49.0982, 83096
49.0994, 83096
49.1005, 82880
49.1017, 82880
49.1028, 82880
49.104, 82880
49.1051, 82880
49.1062, 82880
49.1074, 82880
49.1085, 82880
49.1097, 82880
49.1108, 82880
49.112, 82880
49.1131, 82880
49.1143, 82880
49.1154, 82880
49.1166, 82880
49.1177, 82880
49.1188, 82880
49.12, 82880
49.1211, 82880
49.1223, 82880
49.1234, 82880
49.1246, 82880
49.1258, 82880
49.1269, 82880
49.1281, 82880
49.1292, 82880
49.1303, 82880
49.1315, 82880
49.1326, 82880
49.1338, 82880
49.1349, 82664
49.1361, 82664
49.1373, 82664
49.1384, 82664
49.1396, 82664
49.1407, 82664
49.1419, 82664
49.143, 82664
49.1441, 82664
49.1453, 82664
49.1464, 82664
49.1476, 82664
49.1487, 82664
49.1499, 82664
49.151, 82664
49.1522, 82664
49.1533, 82664
49.1545, 82664
49.1556, 82664
49.1568, 82664
49.1579, 82664
49.1591, 82664
49.1602, 82880
49.1614, 82880
49.1625, 82880
49.1637, 82880
49.1648, 82880
49.166, 82880
49.1672, 82880
49.1683, 82880
49.1694, 82880
49.1706, 82880
49.1717, 82880
49.1729, 82880
49.1741, 82880
49.1752, 82880
49.1764, 82880
49.1775, 82664
49.1787, 82664
49.1798, 82664
49.181, 82664
49.1821, 82664
49.1833, 82664
49.1872, 82664
49.1886, 82664
49.1922, 82664
49.1935, 82664
49.1949, 83096
49.1963, 83096
49.1976, 83096
49.1989, 83096
49.2002, 83096
49.2014, 83096
49.2026, 83096
49.2038, 83096
49.2049, 83096
49.2061, 83096
49.2072, 83096
49.2083, 83096
49.2095, 83096
49.2106, 83096
49.2118, 83096
49.2129, 83096
49.214, 83096
49.2152, 83096
49.2163, 83096
49.2175, 83096
49.2186, 83096
49.2198, 83096
49.2209, 83096
49.2221, 83096
49.2232, 83096
49.2244, 83096
49.2255, 83096
49.2266, 83096
49.2278, 83096
49.229, 82880
49.2301, 82880
49.2313, 82880
49.2324, 82880
49.2336, 82880
49.2347, 82880
49.2358, 82880
49.237, 82880
49.2381, 82880
49.2393, 82880
49.2404, 82880
49.2415, 82880
49.2427, 82880
49.2438, 82880
49.245, 82880
49.2461, 83096
49.2473, 83096
49.2485, 83096
49.2496, 83096
49.2508, 83096
49.2519, 83096
49.2531, 83096
49.2542, 83096
49.2554, 83096
49.2565, 83096
49.2577, 83096
49.2588, 83096
49.26, 83096
49.2611, 83096
49.2623, 83096
49.2634, 83096
49.2646, 83096
49.2657, 83096
49.2669, 83096
49.268, 83096
49.2691, 83096
49.2703, 83096
49.2714, 83312
49.2726, 83312
49.2737, 83312
49.2749, 83312
49.276, 83312
49.2771, 83312
49.2783, 83312
49.2794, 83096
49.2806, 83096
49.2817, 83096
49.2829, 83096
49.284, 83096
49.2852, 83096
49.2863, 83096
49.2875, 83096
49.291, 83096
49.2956, 83096
49.2974, 83312
49.2991, 83312
49.3005, 83312
49.3018, 83312
49.3032, 83312
49.3046, 83312
49.3059, 83312
49.3072, 83312
49.3083, 83312
49.3095, 83312
49.3106, 83312
49.3118, 83312
49.3129, 83312
49.314, 83312
49.3152, 83312
49.3163, 83312
49.3175, 83312
49.3186, 83312
49.3198, 83312
49.3209, 83312
49.322, 83096
49.3232, 83096
49.3243, 83096
49.3255, 83096
49.3266, 83096
49.3277, 83096
49.3289, 83096
49.33, 83096
49.3312, 83096
49.3323, 83096
49.3335, 83096
49.3346, 83096
49.3357, 83096
49.3369, 83096
49.338, 83096
49.3392, 83096
49.3403, 83096
49.3415, 83096
49.3426, 83096
49.3437, 83096
49.3449, 83096
49.346, 83096
49.3471, 83096
49.3483, 83096
49.3494, 83096
49.3506, 83096
49.3517, 83096
49.3529, 83096
49.354, 83096
49.3552, 83096
49.3563, 83096
49.3574, 83096
49.3586, 83096
49.3597, 83096
49.3609, 83096
49.362, 83096
49.3631, 83096
49.3643, 83096
49.3654, 83096
49.3666, 83096
49.3677, 83096
49.3689, 83096
49.37, 83096
49.3711, 83096
49.3723, 83096
49.3734, 82880
49.3746, 82880
49.3757, 82880
49.3769, 82880
49.378, 82880
49.3792, 82880
49.3803, 82880
49.3815, 82880
49.3826, 82880
49.3838, 82880
49.3849, 82880
49.386, 82880
49.3872, 82880
49.3884, 82880
49.3895, 82880
49.3906, 82880
49.3946, 82880
49.399, 83096
49.4004, 83096
49.4107, 83312
49.4119, 83312
49.4131, 83312
49.4168, 83312
49.418, 83312
49.4255, 83528
49.4269, 83528
49.4281, 83528
49.4295, 83528
49.431, 83528
49.4323, 83528
49.4336, 83744
49.4348, 83744
49.4361, 83744
49.4373, 83744
49.4385, 83744
49.4399, 83744
49.4411, 83744
49.4424, 83528
49.4437, 83528
49.445, 83528
49.4462, 83528
49.4476, 83528
49.4488, 83528
49.4501, 83528
49.4518, 83528
49.4531, 83528
49.4544, 83528
49.4556, 83528
49.4568, 83528
49.4581, 83528
49.4594, 83528
49.4606, 83528
49.4619, 83528
49.4631, 83528
49.4644, 83528
49.4656, 83528
49.4669, 83528
49.4682, 83312
49.4695, 83312
49.4707, 83312
49.472, 83312
49.4734, 83312
49.4746, 83312
49.4759, 83096
49.4771, 83096
49.4783, 83096
49.4795, 83096
49.4808, 83096
49.482, 83096
49.4834, 83096
49.4846, 83096
49.4858, 83096
49.4871, 83096
49.4883, 83096
49.4896, 83096
49.4908, 83096
49.4921, 83096
49.4933, 83096
49.4946, 83096
49.4958, 83096
49.4971, 83096
49.4984, 83096
49.4997, 83096
49.501, 83096
49.5023, 82880
49.5036, 82880
49.5049, 82880
49.5061, 82880
49.5074, 82880
49.5086, 82880
49.5098, 82880
49.5109, 82880
49.5121, 82880
49.5132, 82880
49.5144, 82880
49.5155, 82880
49.5166, 82880
49.5178, 82880
49.5189, 82880
49.5201, 82880
49.5212, 82880
49.5223, 82880
49.5235, 82880
49.5246, 82880
49.5258, 82880
49.5269, 82880
49.528, 82880
49.5292, 82880
49.5303, 82880
49.5315, 82880
49.5327, 82880
49.5338, 82880
49.535, 82880
49.5361, 82664
49.5372, 82664
49.5384, 82664
49.5395, 82664
49.5406, 82664
49.5418, 82664
49.5429, 82664
49.5441, 82664
49.5452, 82664
49.5463, 82664
49.5475, 82664
49.5486, 82664
49.5497, 82664
49.5509, 82664
49.552, 82664
49.5532, 82448
49.5543, 82448
49.5554, 82448
49.5566, 82448
49.5577, 82448
49.5589, 82448
49.56, 82448
49.5611, 82232
49.5623, 82232
49.5634, 82232
49.5646, 82232
49.5657, 82232
49.5669, 82232
49.568, 82232
49.5691, 82232
49.5703, 82232
49.5714, 82232
49.5726, 82232
49.5737, 82232
49.5749, 82232
49.576, 82232
49.5771, 82232
49.5783, 82232
49.5794, 82232
49.5806, 82232
49.5817, 82232
49.5829, 82232
49.584, 82232
49.5852, 82232
49.5863, 82232
49.5875, 82232
49.5887, 82232
49.5898, 82232
49.5909, 82232
49.5921, 82232
49.5932, 82232
49.5943, 82232
49.5955, 82016
49.5966, 82016
49.5978, 82016
49.5989, 82016
49.6001, 82016
49.6013, 82016
49.6024, 82016
49.6036, 82016
49.6047, 82016
49.6059, 82016
49.6073, 82016
49.6085, 82016
49.6098, 82016
49.611, 82016
49.6123, 82016
49.6136, 82016
49.615, 82016
49.6163, 82016
49.6176, 82016
49.6188, 82016
49.6199, 82016
49.6211, 82016
49.6223, 82016
49.6234, 82016
49.6246, 82016
49.6257, 82016
49.6269, 82016
49.628, 82016
49.6292, 82016
49.6303, 82016
49.6315, 82016
49.6326, 82016
49.6338, 82016
49.6349, 82016
49.6361, 82016
49.6372, 82016
49.6383, 82016
49.6395, 82016
49.6407, 82016
49.6418, 82016
49.643, 82016
49.6441, 82016
49.6453, 82016
49.6464, 82016
49.6476, 82016
49.6487, 82016
49.6498, 82016
49.651, 82016
49.6521, 82016
49.6532, 82016
49.6544, 82016
49.6555, 82016
49.6567, 82016
49.6578, 82016
49.6589, 82016
49.6601, 82016
49.6612, 82016
49.6624, 82016
49.6635, 82016
49.6647, 82016
49.6658, 82016
49.667, 82016
49.6681, 82016
49.6692, 82016
49.6704, 82016
49.6715, 82016
49.6727, 82016
49.6738, 82016
49.6752, 82016
49.6764, 82016
49.6775, 82016
49.6786, 82016
49.6798, 82016
49.6809, 82016
49.6821, 82016
49.6832, 82016
49.6844, 82016
49.6855, 82016
49.6866, 82016
49.6878, 82016
49.6889, 82016
49.6901, 82016
49.6912, 82016
49.6923, 82016
49.6935, 82016
49.6946, 82016
49.6958, 82016
49.6969, 82016
49.698, 82232
49.6992, 82232
49.7003, 82232
49.7014, 82232
49.7026, 82232
49.7037, 82232
49.7049, 82232
49.706, 82232
49.7072, 82232
49.7083, 82232
49.7095, 82232
49.7106, 82232
49.7118, 82232
49.7129, 82232
49.714, 82232
49.7152, 82232
49.7163, 82232
49.7175, 82232
49.7186, 82232
49.7199, 82232
49.7212, 82232
49.7224, 82232
49.7236, 82232
49.7248, 82232
49.7259, 82232
49.7272, 82232
49.7283, 82232
49.7295, 82232
49.7306, 82232
49.7318, 82232
49.7329, 82232
49.7341, 82232
49.7352, 82232
49.7364, 82232
49.7375, 82232
49.7387, 82232
49.7399, 82232
49.741, 82232
49.7422, 82232
49.7434, 82232
49.7445, 82232
49.7457, 82232
49.7469, 82232
49.7481, 82232
49.7493, 82232
49.7504, 82232
49.7516, 82232
49.7528, 82232
49.7539, 82232
49.7551, 82232
49.7563, 82232
49.7575, 82232
49.7586, 82232
49.7598, 82232
49.761, 82232
49.7621, 82232
49.7633, 82232
49.7644, 82232
49.7655, 82232
49.7667, 82448
49.7678, 82448
49.769, 82448
49.7701, 82448
49.7712, 82448
49.7724, 82448
49.7736, 82448
49.7747, 82448
49.7758, 82448
49.777, 82448
49.7781, 82448
49.7793, 82448
49.7804, 82448
49.7815, 82448
49.7827, 82448
49.7838, 82448
49.785, 82448
49.7861, 82448
49.7873, 82448
49.7884, 82448
49.7896, 82448
49.7907, 82448
49.7919, 82448
49.793, 82448
49.7942, 82448
49.7953, 82448
49.7965, 82448
49.7977, 82448
49.7989, 82448
49.8, 82448
49.8012, 82448
49.8023, 82448
49.8035, 82448
49.8046, 82448
49.8057, 82448
49.8069, 82448
49.808, 82448
49.8091, 82448
49.8103, 82448
49.8114, 82448
49.8126, 82448
49.8137, 82448
49.8148, 82448
49.816, 82448
49.8171, 82448
49.8183, 82448
49.8194, 82448
49.8205, 82448
49.8217, 82448
49.8228, 82448
49.824, 82448
49.8251, 82448
49.8262, 82448
49.8274, 82448
49.8285, 82448
49.8297, 82448
49.8308, 82448
49.8319, 82448
49.8331, 82448
49.8342, 82448
49.8354, 82448
49.8365, 82448
49.8377, 82448
49.8388, 82448
49.84, 82448
49.8411, 82448
49.8422, 82448
49.8434, 82448
49.8446, 82448
49.8457, 82448
49.8468, 82448
49.848, 82448
49.8491, 82448
49.8503, 82448
49.8514, 82664
49.8525, 82664
49.8537, 82664
49.8548, 82664
49.8559, 82664
49.8571, 82664
49.8582, 82664
49.8594, 82664
49.8605, 82448
49.8617, 82448
49.8628, 82448
49.8639, 82448
49.8651, 82448
49.8662, 82448
49.8673, 82448
49.8685, 82448
49.8696, 82448
49.8708, 82448
49.8719, 82448
49.873, 82448
49.8742, 82448
49.8753, 82448
49.8765, 82448
49.8776, 82448
49.8787, 82448
49.8799, 82448
49.881, 82448
49.8821, 82448
49.8833, 82448
49.8844, 82448
49.8856, 82448
49.8867, 82448
49.8879, 82448
49.889, 82448
49.8901, 82448
49.8913, 82448
49.8924, 82448
49.8936, 82448
49.8947, 82448
49.8958, 82448
49.897, 82448
49.8981, 82448
49.8992, 82448
49.9004, 82448
49.9015, 82448
49.9027, 82448
49.9038, 82448
49.9049, 82448
49.9061, 82448
49.9072, 82448
49.9084, 82448
49.9095, 82448
49.9106, 82448
49.9118, 82448
49.9129, 82448
49.9141, 82448
49.9152, 82448
49.9163, 82448
49.9175, 82448
49.9186, 82448
49.9197, 82448
49.9209, 82448
49.922, 82448
49.9231, 82448
49.9243, 82448
49.9254, 82448
49.9265, 82448
49.9277, 82448
49.9288, 82448
49.9421, 82448
49.9501, 82448
49.9514, 82448
49.9526, 82448
49.9538, 82664
49.955, 82664
49.9564, 82664
49.9577, 82664
49.9592, 82664
49.9606, 82664
49.962, 82664
49.9633, 82664
49.9646, 82664
49.9658, 82664
49.967, 82664
49.9682, 82664
49.9694, 82664
49.9709, 82664
49.9723, 82664
49.9739, 82664
49.9755, 82664
49.9768, 82664
49.978, 82664
49.9792, 82664
49.9804, 82664
49.9816, 82664
49.9828, 82664
49.984, 82664
49.9852, 82664
49.9864, 82664
49.9877, 82664
49.989, 82664
49.9903, 82664
49.9915, 82664
49.9927, 82664
49.9938, 82664
49.995, 82664
49.9962, 82664
49.9973, 82664
49.9984, 82664
49.9996, 82664
50.0008, 82664
50.0021, 82664
50.0035, 82664
50.0052, 82664
50.0068, 82664
50.0086, 82664
50.0102, 82664
50.0117, 82664
50.0131, 82664
50.0144, 82664
50.0157, 82664
50.0169, 82664
50.0183, 82664
50.02, 82664
50.0217, 82664
50.0235, 82664
50.025, 82664
50.0263, 82664
50.0274, 82664
50.0286, 82664
50.0298, 82664
50.0309, 82448
50.0321, 82448
50.0333, 82448
50.0344, 82448
50.0356, 82448
50.0368, 82448
50.038, 82448
50.0392, 82448
50.0404, 82448
50.0416, 82448
50.0429, 82448
50.0445, 82448
50.046, 82448
50.0475, 82664
50.0489, 82664
50.0503, 82664
50.0517, 82664
50.053, 82664
50.0543, 82664
50.0558, 82664
50.0575, 82664
50.0594, 82664
50.0612, 82664
50.0628, 82664
50.0642, 82664
50.0654, 82664
50.0665, 82664
50.0677, 82664
50.0689, 82664
50.0701, 82664
50.0716, 82664
50.0729, 82664
50.0741, 82664
50.0753, 82664
50.0765, 82664
50.0778, 82664
50.079, 82664
50.0803, 82664
50.0815, 82664
50.0828, 82664
50.084, 82664
50.0853, 82664
50.0865, 82664
50.0878, 82664
50.089, 82664
50.0903, 82664
50.0915, 82664
50.0928, 82664
50.0941, 82664
50.0954, 82664
50.0967, 82664
50.0979, 82664
50.0993, 82664
50.1006, 82664
50.1018, 82664
50.1032, 82664
50.1044, 82664
50.1057, 82664
50.1069, 82664
50.1082, 82664
50.1095, 82664
50.1107, 82664
50.112, 82664
50.1133, 82664
50.1145, 82664
50.1159, 82664
50.1172, 82664
50.1186, 82664
50.1199, 82664
50.1212, 82664
50.1382, 82664
50.1403, 82664
50.1417, 82664
50.1434, 82664
50.1449, 82664
50.1462, 82664
50.1476, 82664
50.1489, 82664
50.1502, 82448
50.1515, 82448
50.1527, 82448
50.1539, 82448
50.155, 82448
50.1562, 82448
50.1574, 82448
50.1585, 82448
50.1597, 82448
50.1608, 82448
50.162, 82448
50.1632, 82448
50.1643, 82448
50.1654, 82448
50.1666, 82448
50.1677, 82232
50.1689, 82232
50.17, 82232
50.1712, 82232
50.1723, 82232
50.1735, 82232
50.1746, 82232
50.1757, 82016
50.1769, 82016
50.178, 82016
50.1792, 82016
50.1803, 82016
50.1815, 82016
50.1826, 82016
50.1838, 82016
50.1849, 82232
50.1861, 82232
50.1873, 82232
50.1884, 82232
50.1895, 82232
50.1907, 82232
50.1918, 82232
50.193, 82016
50.1941, 82016
50.1953, 82016
50.1965, 82016
50.1976, 82016
50.1988, 82016
50.1999, 82016
50.2011, 82016
50.2022, 82016
50.2034, 82016
50.2045, 82016
50.2057, 82016
50.2068, 82016
50.208, 82016
50.2091, 82016
50.2103, 82016
50.2114, 82016
50.2126, 82016
50.2137, 82016
50.2149, 82016
50.216, 82016
50.2172, 82016
50.2183, 82016
50.2195, 82016
50.2206, 82016
50.2218, 82016
50.2229, 82016
50.2241, 82016
50.2252, 82016
50.2264, 82016
50.2278, 82016
50.229, 82016
50.2301, 82016
50.2313, 82016
50.2324, 82016
50.2336, 82016
50.2347, 82016
50.2359, 82016
50.237, 82016
50.2381, 82016
50.2393, 82016
50.2404, 82016
50.2416, 82016
50.2427, 82016
50.2439, 82016
50.245, 82016
50.2462, 82016
50.2473, 82016
50.2485, 82016
50.2496, 82016
50.2508, 82016
50.2519, 82016
50.2531, 82016
50.2542, 82016
50.2553, 82016
50.2565, 82016
50.2576, 82016
50.2588, 82016
50.2599, 82016
50.2611, 82016
50.2622, 82016
50.2634, 82016
50.2645, 82016
50.2657, 82016
50.2668, 82016
50.268, 82016
50.2691, 82016
50.2703, 82016
50.2714, 82016
50.2725, 82016
50.2737, 82016
50.2748, 82016
50.276, 82016
50.2771, 82016
50.2782, 81800
50.2794, 81800
50.2805, 81800
50.2817, 81800
50.2829, 81800
50.284, 81800
50.2852, 81800
50.2863, 81800
50.2875, 81800
50.2887, 81800
50.2898, 81800
50.291, 81800
50.2921, 81800
50.2933, 81800
50.2944, 81800
50.2956, 82016
50.2967, 82016
50.2979, 82016
50.299, 82016
50.3002, 82016
50.3013, 82016
50.3025, 82016
50.3036, 82232
50.3048, 82232
50.3059, 82232
50.3071, 82232
50.3083, 82232
50.3094, 82232
50.3106, 82232
50.3117, 82232
50.3129, 82232
50.314, 82232
50.3151, 82232
50.3163, 82232
50.3174, 82232
50.3186, 82232
50.3198, 82232
50.3209, 82016
50.322, 82016
50.3232, 82016
50.3244, 82016
50.3255, 82016
50.3266, 82016
50.3278, 82016
50.3289, 82016
50.3301, 82016
50.3312, 82016
50.3323, 82016
50.3335, 82016
50.3346, 82016
50.3358, 82016
50.3369, 82016
50.3381, 82016
50.3392, 82016
50.3404, 82016
50.3415, 82016
50.3426, 82016
50.3438, 82016
50.3449, 82016
50.3461, 82016
50.3472, 82016
50.3484, 82016
50.3495, 82016
50.3506, 82016
50.3518, 82016
50.3529, 82016
50.354, 82016
50.3551, 82232
50.3563, 82232
50.3574, 82232
50.3585, 82232
50.3597, 82232
50.3608, 82232
50.362, 82232
50.3631, 82232
50.3643, 82232
50.3654, 82232
50.3667, 82232
50.3679, 82232
50.369, 82232
50.3702, 82232
50.3713, 82232
50.3725, 82232
50.3736, 82232
50.3748, 82232
50.3759, 82232
50.3771, 82232
50.3782, 82232
50.3794, 82232
50.3805, 82232
50.3817, 82232
50.3828, 82232
50.3839, 82232
50.3851, 82232
50.3862, 82232
50.3874, 82232
50.3885, 82232
50.3896, 82448
50.3908, 82448
50.3919, 82448
50.3931, 82448
50.3942, 82448
50.3954, 82448
50.3965, 82448
50.3977, 82232
50.3988, 82232
50.4, 82232
50.4011, 82232
50.4023, 82232
50.4034, 82232
50.4046, 82232
50.4057, 82232
50.4068, 82232
50.408, 82232
50.4092, 82232
50.4103, 82232
50.4115, 82232
50.4126, 82232
50.4138, 82232
50.4149, 82232
50.416, 82232
50.4172, 82232
50.4183, 82232
50.4195, 82232
50.4206, 82232
50.4217, 82232
50.4229, 82232
50.424, 82232
50.4252, 82232
50.4263, 82232
50.4274, 82232
50.4286, 82232
50.4297, 82232
50.4309, 82232
50.432, 82232
50.4332, 82232
50.4343, 82232
50.4354, 82232
50.4366, 82232
50.4377, 82232
50.4389, 82232
50.44, 82232
50.4411, 82232
50.4422, 82232
50.4434, 82232
50.4445, 82232
50.4457, 82232
50.4468, 82232
50.448, 82232
50.4491, 82232
50.4502, 82232
50.4514, 82232
50.4525, 82232
50.4537, 82232
50.4548, 82232
50.4559, 82232
50.457, 82232
50.4582, 82232
50.4593, 82232
50.4605, 82232
50.4616, 82232
50.4628, 82232
50.4639, 82232
50.4651, 82232
50.4662, 82232
50.4674, 82232
50.4685, 82232
50.4697, 82232
50.4708, 82232
50.472, 82232
50.4731, 82232
50.4742, 82232
50.4754, 82232
50.4765, 82232
50.4777, 82232
50.4788, 82232
50.48, 82232
50.4811, 82232
50.4822, 82232
50.4834, 82232
50.4845, 82232
50.4857, 82232
50.4868, 82232
50.488, 82232
50.4891, 82232
50.4902, 82232
50.4914, 82232
50.4925, 82232
50.4936, 82232
50.4948, 82232
50.4959, 82232
50.4971, 82232
50.4982, 82232
50.4993, 82232
50.5005, 82232
50.5016, 82232
50.5028, 82232
50.5039, 82232
50.5051, 82232
50.5062, 82232
50.5073, 82232
50.5085, 82232
50.5096, 82232
50.5108, 82232
50.5119, 82232
50.513, 82232
50.5142, 82232
50.5153, 82232
50.5165, 82232
50.5176, 82232
50.5187, 82232
50.5199, 82232
50.521, 82232
50.5221, 82232
50.5233, 82232
50.5244, 82232
50.5256, 82016
50.5267, 82016
50.5278, 82016
50.529, 82016
50.5302, 82016
50.5313, 82016
50.5325, 82016
50.5336, 82016
50.5348, 82016
50.5359, 82016
50.5371, 82016
50.5382, 82016
50.5394, 82016
50.5408, 82016
50.5419, 82016
50.5432, 82016
50.5443, 82016
50.5454, 82016
50.5466, 82016
50.5477, 82016
50.5491, 82016
50.5503, 82016
50.5515, 82016
50.5527, 82016
50.554, 82016
50.5553, 82016
50.5566, 82016
50.5578, 82016
50.5591, 82016
50.5603, 82016
50.5617, 82016
50.563, 82016
50.5641, 82016
50.5653, 82016
50.5666, 82016
50.5679, 81800
50.5692, 81800
50.5704, 81800
50.5717, 81800
50.5731, 81800
50.5743, 81800
50.5755, 81800
50.5766, 81800
50.5854, 82016
50.5869, 82016
50.5883, 82016
50.5895, 82016
50.5907, 82016
50.5919, 82016
50.5931, 82016
50.5942, 82232
50.5954, 82232
50.5965, 82232
50.5977, 82232
50.5989, 82232
50.6002, 82232
50.6014, 82232
50.6064, 82232
50.608, 82232
50.6091, 82232
50.6103, 82232
50.6115, 82448
50.6127, 82448
50.6138, 82448
50.615, 82448
50.6181, 82448
50.622, 82448
50.6235, 82448
50.6249, 82448
50.6363, 82664
50.6377, 82664
50.639, 82664
50.6403, 82664
50.6416, 82664
50.6428, 82664
50.6441, 82664
50.6458, 82880
50.6473, 82880
50.6549, 82664
50.6567, 82664
50.6582, 82664
50.6596, 82664
50.6612, 82664
50.6628, 82664
50.6654, 82664
50.6668, 82664
50.6682, 82664
50.6695, 82664
50.6708, 82664
50.6722, 82664
50.6735, 82664
50.6749, 82664
50.6762, 82664
50.6775, 82664
50.6787, 82664
50.68, 82664
50.6812, 82664
50.6825, 82664
50.6838, 82664
50.6851, 82664
50.6864, 82664
50.6876, 82880
50.6889, 82880
50.6901, 82880
50.6917, 82880
50.6929, 82880
50.6943, 82880
50.6955, 82880
50.6968, 82880
50.6981, 82880
50.6994, 82880
50.7007, 82880
50.7021, 82880
50.7034, 82880
50.7047, 83096
50.7059, 83096
50.7075, 83096
50.7088, 83096
50.7102, 83096
50.7115, 83096
50.7129, 83096
50.7142, 83096
50.7156, 83096
50.7169, 83096
50.7181, 83096
50.7195, 83096
50.7208, 83096
50.7222, 83096
50.7236, 83096
50.7249, 83096
50.7262, 83096
50.7275, 83096
50.7288, 83096
50.7301, 82880
50.7313, 82880
50.7325, 82880
50.7336, 82880
50.7348, 82880
50.7362, 82880
50.7374, 82880
50.7385, 82880
50.7397, 82880
50.7408, 82880
50.742, 82880
50.7432, 82880
50.7443, 82880
50.7455, 82880
50.7466, 82880
50.7478, 82880
50.7489, 82880
50.75, 82880
50.7512, 82880
50.7524, 82880
50.7535, 82880
50.7547, 82880
50.7559, 82880
50.757, 82880
50.7582, 82880
50.7593, 82880
50.7605, 82880
50.7616, 82880
50.7628, 82880
50.7639, 82880
50.7651, 82880
50.7662, 82880
50.7674, 82880
50.7685, 82880
50.7697, 82880
50.7708, 82880
50.7719, 82880
50.7731, 82880
50.7742, 82880
50.7754, 82880
50.7765, 82880
50.7777, 82880
50.7788, 82880
50.78, 82880
50.7811, 82880
50.7823, 82664
50.7834, 82664
50.7846, 82664
50.7857, 82664
50.7869, 82664
50.788, 82664
50.7892, 82664
50.7903, 82664
50.7915, 82664
50.7926, 82664
50.7938, 82664
50.7949, 82664
50.7961, 82664
50.7972, 82664
50.7984, 82664
50.7997, 82664
50.8009, 82664
50.802, 82664
50.8032, 82664
50.8044, 82664
50.8055, 82664
50.8067, 82664
50.8078, 82664
50.8091, 82664
50.8103, 82664
50.8114, 82664
50.8126, 82664
50.8137, 82664
50.8149, 82664
50.816, 82664
50.8171, 82664
50.8183, 82664
50.8194, 82664
50.8206, 82664
50.8217, 82664
50.8229, 82664
50.824, 82664
50.8252, 82664
50.8263, 82664
50.8274, 82664
50.8286, 82664
50.8297, 82664
50.8309, 82664
50.8322, 82664
50.8334, 82664
50.8346, 82664
50.8357, 82664
50.8369, 82664
50.838, 82664
50.8391, 82664
50.8403, 82664
50.8415, 82664
50.8426, 82664
50.8438, 82664
50.8449, 82664
50.8461, 82664
50.8472, 82664
50.8484, 82664
50.8495, 82880
50.8507, 82880
50.8518, 82880
50.853, 82880
50.8541, 82880
50.8552, 82880
50.8565, 82880
50.8576, 82880
50.8587, 82664
50.8599, 82664
50.861, 82664
50.8622, 82664
50.8633, 82664
50.8644, 82664
50.8656, 82664
50.8667, 82664
50.8679, 82664
50.869, 82664
50.8701, 82664
50.8713, 82664
50.8725, 82664
50.8736, 82664
50.8747, 82664
50.8759, 82664
50.877, 82664
50.8782, 82664
50.8793, 82664
50.8805, 82664
50.8816, 82664
50.8828, 82664
50.8839, 82664
50.885, 82664
50.8862, 82664
50.8873, 82664
50.8884, 82664
50.8896, 82664
50.8907, 82664
50.8919, 82664
50.8931, 82664
50.8942, 82664
50.8954, 82664
50.8965, 82664
50.8977, 82664
50.8988, 82664
50.8999, 82664
50.9011, 82664
50.9022, 82664
50.9034, 82664
50.9045, 82664
50.9057, 82664
50.9068, 82664
50.9079, 82664
50.9091, 82664
50.9102, 82448
50.9113, 82448
50.9125, 82448
50.9136, 82448
50.9148, 82448
50.9159, 82448
50.917, 82448
50.9182, 82664
50.9193, 82664
50.9205, 82664
50.9216, 82664
50.9228, 82664
50.9239, 82664
50.925, 82664
50.9262, 82664
50.9273, 82448
50.9284, 82448
50.9296, 82448
50.9307, 82448
50.9319, 82448
50.933, 82448
50.9341, 82448
50.9353, 82448
50.9364, 82448
50.9376, 82448
50.9387, 82448
50.9399, 82448
50.941, 82448
50.9422, 82448
50.9433, 82448
50.9445, 82448
50.9457, 82448
50.9469, 82448
50.948, 82448
50.9491, 82448
50.9503, 82448
50.9515, 82448
50.9526, 82448
50.9537, 82448
50.9549, 82448
50.956, 82448
50.9572, 82448
50.9583, 82448
50.9595, 82448
50.9606, 82664
50.9618, 82664
50.9629, 82664
50.9641, 82664
50.9652, 82664
50.9663, 82664
50.9675, 82664
50.9686, 82664
50.9698, 82664
50.9709, 82664
50.972, 82664
50.9732, 82664
50.9743, 82664
50.9755, 82664
50.9767, 82664
50.9778, 82448
50.979, 82448
50.9801, 82448
50.9813, 82448
50.9825, 82448
50.9836, 82448
50.9848, 82448
50.9859, 82448
50.9871, 82664
50.9882, 82664
50.9894, 82664
50.9905, 82664
50.9917, 82664
50.9928, 82664
50.994, 82664
50.9952, 82448
50.9963, 82448
50.9974, 82448
50.9986, 82448
50.9997, 82448
51.0009, 82448
51.002, 82448
51.0031, 82448
51.0043, 82448
51.0055, 82448
51.0066, 82448
51.0078, 82448
51.0089, 82448
51.01, 82448
51.0112, 82448
51.0123, 82448
51.0134, 82448
51.0146, 82448
51.0157, 82448
51.0169, 82448
51.018, 82448
51.0192, 82448
51.0203, 82448
51.0215, 82448
51.0226, 82448
51.0238, 82448
51.0249, 82448
51.0261, 82448
51.0272, 82448
51.0283, 82448
51.0295, 82448
51.0306, 82448
51.0318, 82448
51.0329, 82448
51.0341, 82448
51.0352, 82448
51.0364, 82448
51.0375, 82448
51.0387, 82448
51.0398, 82448
51.041, 82448
51.0421, 82448
51.0433, 82448
51.0444, 82448
51.0456, 82448
51.0467, 82232
51.0479, 82232
51.0491, 82232
51.0504, 82232
51.0515, 82232
51.0527, 82232
51.0538, 82232
51.055, 82232
51.0561, 82232
51.0573, 82232
51.0584, 82232
51.0595, 82232
51.0607, 82232
51.0618, 82232
51.063, 82016
51.0641, 82016
51.0653, 82016
51.0664, 82016
51.0676, 82016
51.0687, 82016
51.0699, 82016
51.071, 82016
51.0722, 82016
51.0733, 82016
51.0744, 82016
51.0756, 82016
51.0767, 82016
51.0779, 82016
51.079, 82016
51.0801, 82016
51.0813, 82016
51.0824, 82016
51.0836, 82016
51.0847, 82016
51.0859, 82016
51.087, 82016
51.0882, 82016
51.0893, 81800
51.0904, 81800
51.0916, 81800
51.0927, 81800
51.0939, 81800
51.095, 81800
51.0962, 81800
51.0973, 81800
51.0984, 81800
51.0996, 81800
51.1008, 81800
51.1019, 81800
51.1031, 81800
51.1043, 81800
51.1054, 81800
51.1065, 81800
51.1077, 81800
51.1088, 81800
51.11, 81800
51.1111, 81800
51.1123, 81800
51.1134, 81800
51.1146, 81800
51.1157, 81800
51.1169, 81800
51.118, 81800
51.1192, 81800
51.1203, 81800
51.1214, 81800
51.1226, 81584
51.1239, 81584
51.1252, 81584
51.1264, 81584
51.1281, 81584
51.1294, 81584
51.1306, 81584
51.1318, 81584
51.1329, 81584
51.1341, 81584
51.1354, 81584
51.1366, 81584
51.1378, 81584
51.1394, 81584
51.1407, 81584
51.1541, 81800
51.1554, 81800
51.1566, 81800
51.1578, 81800
51.159, 81800
51.1601, 81800
51.1613, 81800
51.1625, 81800
51.1636, 81800
51.1648, 81800
51.166, 82232
51.1672, 82232
51.1685, 82232
51.1697, 82232
51.1708, 82232
51.172, 82232
51.1731, 82232
51.1743, 82232
51.1754, 82232
51.1767, 82232
51.1779, 82232
51.1792, 82232
51.1806, 82232
51.1819, 82232
51.1833, 82448
51.1846, 82448
51.186, 82448
51.1873, 82448
51.1886, 82448
51.1898, 82448
51.1912, 82664
51.1924, 82664
51.1937, 82664
51.1949, 82664
51.1962, 82664
51.1975, 82664
51.1987, 82664
51.2, 82880
51.2012, 82880
51.2025, 82880
51.2037, 82880
51.2049, 82880
51.206, 82880
51.2072, 82880
51.2083, 82880
51.2095, 82880
51.2106, 82880
51.2117, 82880
51.2129, 82880
51.214, 82880
51.2152, 82880
51.2163, 82880
51.2174, 82880
51.2186, 82880
51.2199, 82880
51.2211, 82880
51.2223, 82880
51.2236, 82880
51.2249, 82880
51.2262, 82880
51.2277, 82880
51.229, 82880
51.2302, 82880
51.2314, 82880
51.2326, 82880
51.2338, 83312
51.2349, 83312
51.2362, 83312
51.2374, 83312
51.2385, 83312
51.2397, 83312
51.2409, 83312
51.242, 83528
51.2432, 83528
51.2443, 83528
51.2455, 83528
51.2466, 83528
51.2478, 83528
51.2489, 83528
51.2501, 83528
51.2513, 83744
51.2525, 83744
51.2537, 83744
51.2549, 83744
51.2561, 83744
51.2572, 83744
51.2584, 83744
51.2596, 83960
51.2608, 83960
51.262, 83960
51.2633, 83960
51.2646, 83960
51.2658, 83960
51.2671, 83960
51.2684, 83960
51.2697, 83960
51.2709, 83960
51.2721, 83960
51.2734, 83960
51.2746, 83960
51.2758, 83960
51.2771, 83960
51.2783, 83960
51.2796, 83960
51.2808, 83960
51.2821, 83960
51.2834, 83960
51.2847, 83960
51.2858, 83960
51.287, 83960
51.2881, 83960
51.2893, 83960
51.2904, 83960
51.2916, 83960
51.2928, 83960
51.2942, 83960
51.2956, 83960
51.2969, 83960
51.2984, 83960
51.2997, 83960
51.301, 83960
51.3022, 83960
51.3034, 83960
51.3046, 83960
51.3057, 83960
51.3069, 83960
51.3081, 83960
51.3094, 83960
51.3106, 83960
51.312, 83960
51.3132, 83960
51.3144, 83960
51.3158, 83960
51.317, 83960
51.3184, 83960
51.3198, 83960
51.3211, 83960
51.3226, 83960
51.3239, 83960
51.3252, 83960
51.3266, 83960
51.3279, 84176
51.3292, 84176
51.3306, 84176
51.3318, 84176
51.333, 84176
51.3344, 84176
51.3356, 84176
51.3369, 84176
51.3381, 84176
51.3394, 84176
51.3409, 84176
51.3423, 84176
51.3436, 84176
51.3449, 84176
51.3462, 84176
51.3474, 84176
51.3486, 84176
51.3497, 84176
51.351, 84176
51.3524, 84176
51.3536, 84176
51.3548, 84176
51.3562, 84176
51.3576, 84176
51.3589, 84176
51.3602, 84176
51.3614, 84176
51.3626, 84176
51.3639, 84176
51.3652, 84176
51.3663, 84176
51.3676, 84176
51.3688, 84176
51.37, 83960
51.3712, 83960
51.3724, 83960
51.3736, 83960
51.3749, 83960
51.3761, 83960
51.3774, 83960
51.3789, 84176
51.3802, 84176
51.3815, 84176
51.3828, 84176
51.3841, 84176
51.3853, 84176
51.3865, 84176
51.3878, 83960
51.3892, 83960
51.3906, 83960
51.392, 83960
51.3934, 83960
51.3948, 83960
51.3962, 83960
51.3977, 83960
51.3992, 83960
51.4006, 83960
51.402, 83960
51.4033, 83960
51.4046, 83960
51.4059, 83960
51.4075, 83960
51.4088, 83960
51.41, 83960
51.4113, 83960
51.4127, 84176
51.4139, 84176
51.4152, 84176
51.4165, 84176
51.4178, 84176
51.4191, 84176
51.4205, 84176
51.4218, 84176
51.4231, 84176
51.4243, 84176
51.4256, 84176
51.4268, 84176
51.4281, 84176
51.4294, 84176
51.4307, 84176
51.432, 84176
51.4332, 84176
51.4346, 84176
51.4359, 84176
51.4373, 84176
51.4386, 84176
51.44, 84176
51.4413, 84176
51.4426, 84176
51.4439, 84176
51.4452, 84176
51.4465, 84176
51.4478, 84176
51.4491, 84176
51.4504, 84176
51.4517, 84176
51.4531, 84176
51.4544, 84176
51.4557, 84176
51.457, 84176
51.4583, 84176
51.4595, 84176
51.4609, 84176
51.4622, 84176
51.4635, 84176
51.4648, 84176
51.4662, 84176
51.4675, 84176
51.4688, 84176
51.4703, 84176
51.4716, 84176
51.4728, 84392
51.4741, 84392
51.4754, 84392
51.4767, 84392
51.478, 84392
51.4794, 84392
51.4807, 84392
51.4821, 84392
51.4835, 84392
51.4849, 84392
51.4863, 84392
51.4877, 84392
51.4891, 84392
51.4905, 84176
51.4919, 84176
51.4934, 84176
51.4948, 84176
51.4962, 84176
51.4975, 84176
51.4988, 84176
51.5001, 84176
51.5014, 84176
51.5028, 84176
51.5041, 84176
51.5055, 84176
51.5068, 84392
51.5081, 84392
51.5094, 84392
51.5107, 84392
51.5121, 84392
51.5136, 84392
51.515, 84392
51.5164, 84392
51.5178, 84392
51.5192, 84392
51.5205, 84392
51.5218, 84392
51.5232, 84392
51.5244, 84392
51.5257, 84392
51.527, 84392
51.5283, 84392
51.5296, 84392
51.531, 84392
51.5323, 84392
51.5336, 84392
51.5349, 84392
51.5362, 84392
51.5376, 84392
51.539, 84392
51.5403, 84392
51.5416, 84392
51.5429, 84392
51.5442, 84392
51.5455, 84392
51.5469, 84392
51.5482, 84392
51.5495, 84392
51.5507, 84392
51.5521, 84392
51.5534, 84392
51.5547, 84392
51.556, 84392
51.5573, 84392
51.5586, 84392
51.5599, 84392
51.5612, 84392
51.5625, 84392
51.5637, 84392
51.5651, 84392
51.5663, 84392
51.5676, 84392
51.5688, 84392
51.5701, 84392
51.5714, 84392
51.5727, 84392
51.574, 84392
51.5753, 84392
51.5767, 84392
51.578, 84392
51.5794, 84392
51.5807, 84392
51.5821, 84392
51.5835, 84176
51.585, 84176
51.5864, 84176
51.5878, 84176
51.5893, 84176
51.5907, 84176
51.5921, 84176
51.5934, 84176
51.5947, 84176
51.5962, 84176
51.5976, 84176
51.599, 84176
51.6005, 84176
51.6019, 84176
51.6034, 84176
51.6049, 84176
51.6065, 84176
51.608, 84176
51.6095, 84176
51.6111, 84176
51.6125, 84176
51.6181, 83960
51.6195, 83960
51.6207, 83960
51.6218, 83960
51.623, 83960
51.6241, 83960
51.6253, 83960
51.6267, 83528
51.6281, 83528
51.6295, 83528
51.6308, 83528
51.6322, 83528
51.6336, 83528
51.6383, 83528
51.6397, 83528
51.6411, 83528
51.6425, 83528
51.644, 83744
51.6455, 83744
51.6469, 83744
51.6502, 83744
51.6516, 83744
51.6529, 83744
51.6542, 83744
51.6555, 83744
51.6621, 83744
51.6635, 83744
51.6649, 83744
51.6662, 83744
51.6676, 83744
51.6691, 83744
51.6705, 83744
51.672, 83744
51.6735, 83744
51.6749, 83744
51.6788, 83744
51.6804, 83744
51.6818, 83744
51.6834, 83744
51.6849, 83744
51.6862, 83744
51.6874, 83744
51.6887, 83744
51.6899, 83744
51.6912, 83744
51.6924, 83744
51.6936, 83744
51.6947, 83744
51.6959, 83744
51.6971, 83744
51.6983, 83744
51.6995, 83744
51.7007, 83744
51.702, 83744
51.7033, 83528
51.7045, 83528
51.7061, 83528
51.7077, 83528
51.709, 83528
51.7103, 83528
51.7115, 83960
51.7127, 83960
51.714, 83960
51.7211, 84608
51.7224, 84608
51.7237, 84608
51.7249, 84608
51.7262, 84608
51.7275, 84608
51.7289, 85688
51.7302, 85688
51.7314, 85688
51.7327, 85688
51.7338, 85688
51.7351, 85688
51.7364, 85688
51.7377, 86120
51.739, 86120
51.7403, 86120
51.7416, 86120
51.7428, 86120
51.744, 86120
51.7453, 85904
51.7469, 85904
51.7483, 85904
51.7495, 85904
51.7506, 85904
51.7518, 85904
51.7529, 85904
51.754, 85472
51.7552, 85472
51.7563, 85472
51.7574, 85472
51.7586, 85472
51.7597, 85472
51.761, 85472
51.7622, 85472
51.7635, 84824
51.7647, 84824
51.7659, 84824
51.7672, 84824
51.7684, 84824
51.7696, 84824
51.7708, 84824
51.7721, 84608
51.7732, 84608
51.7744, 84608
51.7757, 84608
51.7769, 84608
51.7781, 84608
51.7793, 84608
51.7805, 85472
51.7817, 85472
51.7829, 85472
51.7841, 85472
51.7853, 85472
51.7866, 85472
51.7878, 85472
51.789, 85688
51.7903, 85688
51.7916, 85688
51.7928, 85688
51.794, 85688
51.7952, 85688
51.7965, 85688
51.7977, 85904
51.7989, 85904
51.8002, 85904
51.8014, 85904
51.8027, 85904
51.8039, 85904
51.8052, 85904
51.8064, 85904
51.8076, 85904
51.8089, 85904
51.8102, 85904
51.8114, 85904
51.8126, 85904
51.8138, 85904
51.815, 85904
51.8162, 85904
51.8175, 85904
51.8187, 85904
51.8199, 85904
51.8212, 85904
51.8224, 85256
51.8236, 85256
51.8249, 85256
51.8261, 85256
51.8273, 85256
51.8285, 85256
51.8297, 85256
51.8309, 85256
51.8322, 85256
51.8335, 85256
51.8346, 85256
51.8359, 85256
51.8371, 85256
51.8382, 85256
51.8394, 85256
51.8405, 85256
51.8416, 85256
51.8428, 85256
51.8439, 85256
51.845, 85256
51.8461, 85256
51.8473, 85256
51.8484, 85040
51.8495, 85040
51.8507, 85040
51.8518, 85040
51.853, 85040
51.8541, 85040
51.8553, 85040
51.8564, 85688
51.8575, 85688
51.8587, 85688
51.8598, 85688
51.861, 85688
51.8621, 85688
51.8633, 85688
51.8644, 85688
51.8656, 85904
51.8667, 85904
51.8678, 85904
51.8689, 85904
51.87, 85904
51.8712, 85904
51.8723, 85904
51.8734, 85904
51.8745, 86120
51.8756, 86120
51.8767, 86120
51.8779, 86120
51.879, 86120
51.8801, 86120
51.8812, 86120
51.8823, 86120
51.8835, 86120
51.8846, 86120
51.8857, 86120
51.8868, 86120
51.8879, 86120
51.889, 86120
51.8901, 86120
51.8913, 86552
51.8924, 86552
51.8935, 86552
51.8947, 86552
51.8958, 86552
51.8969, 86552
51.898, 86552
51.8991, 86552
51.9002, 86552
51.9013, 86552
51.9024, 86552
51.9035, 86552
51.9046, 86552
51.9058, 86552
51.9068, 86552
51.9079, 86552
51.909, 86552
51.9101, 86552
51.9112, 86552
51.9123, 86552
51.9134, 86552
51.9145, 86552
51.9156, 86552
51.9167, 86336
51.9178, 86336
51.919, 86336
51.92, 86336
51.9211, 86336
51.9222, 86336
51.9234, 86336
51.9245, 86336
51.9256, 86336
51.9267, 86336
51.9278, 86336
51.9289, 86336
51.93, 86336
51.9311, 86336
51.9323, 86336
51.9334, 86336
51.9345, 86336
51.9356, 86336
51.9369, 86336
51.9382, 86336
51.94, 86336
51.9413, 86336
51.9426, 86336
51.9438, 86336
51.9451, 86336
51.9464, 86336
51.9477, 86336
51.9495, 86336
51.9508, 86336
51.9521, 86336
51.9601, 86552
51.9614, 86552
51.9627, 86552
51.964, 86552
51.9653, 86552
51.9665, 86552
51.9677, 86120
51.9689, 86120
51.9701, 86120
51.9715, 86120
51.9727, 86120
51.9739, 86120
51.9752, 86120
51.9764, 85688
51.9778, 85688
51.979, 85688
51.9801, 85688
51.9813, 85688
51.9825, 85688
51.9837, 85688
51.9849, 85256
51.986, 85256
51.9874, 85256
51.9886, 85256
51.99, 85256
51.9913, 85256
51.9928, 85256
51.994, 85040
51.9953, 85040
51.9966, 85040
51.9979, 85040
51.9992, 85040
52.0004, 85040
52.0017, 85040
52.0035, 85040
52.005, 85040
52.0063, 85040
52.0075, 85040
52.0087, 85040
52.01, 84608
52.0113, 84608
52.0125, 84608
52.0137, 84608
52.0152, 84608
52.0169, 84608
52.0182, 84608
52.0195, 84608
52.0206, 84608
52.0218, 84608
52.0231, 84608
52.0245, 84608
52.0258, 84608
52.0271, 84608
52.0284, 84608
52.0298, 84608
52.0312, 84608
52.0326, 84608
52.0339, 84608
52.0354, 84608
52.0367, 84608
52.038, 84608
52.0392, 84608
52.0404, 84608
52.0417, 84608
52.0431, 84608
52.0444, 84392
52.0456, 84392
52.0469, 84392
52.0482, 84392
52.0496, 84392
52.0508, 84392
52.0521, 84392
52.0534, 84608
52.0547, 84608
52.056, 84608
52.0572, 84608
52.0585, 84608
52.0598, 84608
52.0611, 84392
52.0624, 84392
52.0637, 84392
52.065, 84392
52.0663, 84392
52.0679, 84392
52.0692, 84392
52.0706, 84392
52.072, 84392
52.0733, 84392
52.0747, 84392
52.0759, 84392
52.0771, 84392
52.0784, 84392
52.0797, 84392
52.081, 84392
52.0823, 84392
52.0836, 84392
52.0849, 84392
52.0861, 84392
52.0874, 84392
52.0886, 84392
52.0898, 84392
52.0911, 84392
52.0924, 84392
52.0936, 84392
52.0948, 84392
52.096, 84392
52.0972, 84392
52.0984, 84392
52.0997, 84392
52.1008, 84392
52.102, 84392
52.1032, 84392
52.1044, 83960
52.1058, 83960
52.1071, 83960
52.1082, 83960
52.1094, 83960
52.1106, 83960
52.112, 83960
52.1132, 83744
52.1143, 83744
52.1155, 83744
52.1166, 83744
52.1178, 83744
52.1189, 83744
52.1203, 83744
52.1215, 83528
52.1227, 83528
52.124, 83528
52.1253, 83528
52.1265, 83528
52.1278, 83528
52.1291, 83528
52.1303, 83744
52.1315, 83744
52.1327, 83744
52.1339, 83744
52.1352, 83744
52.1364, 83744
52.1376, 83744
52.1388, 83744
52.1399, 83744
52.1411, 83744
52.1423, 83744
52.1434, 83744
52.1446, 83744
52.1457, 83744
52.1469, 83312
52.148, 83312
52.1492, 83312
52.1505, 83312
52.1519, 83312
52.1532, 83312
52.1547, 83312
52.1559, 83312
52.1571, 83312
52.1584, 83312
52.1597, 83312
52.1609, 83312
52.162, 83312
52.1632, 83312
52.1643, 83528
52.1654, 83528
52.1666, 83528
52.1677, 83528
52.1688, 83528
52.17, 83528
52.1711, 83528
52.1723, 83096
52.1734, 83096
52.1745, 83096
52.1757, 83096
52.1768, 83096
52.178, 83096
52.1791, 83096
52.1802, 83096
52.1814, 82880
52.1825, 82880
52.1837, 82880
52.1848, 82880
52.186, 82880
52.1872, 82880
52.1884, 82880
52.1896, 82880
52.191, 82880
52.1922, 82880
52.1935, 82880
52.1947, 82880
52.1959, 82880
52.197, 82880
52.1981, 83096
52.1993, 83096
52.2004, 83096
52.2016, 83096
52.2027, 83096
52.204, 83096
52.2054, 83096
52.2068, 82664
52.2082, 82664
52.2098, 82664
52.2112, 82664
52.2127, 82664
52.2142, 82664
52.2155, 83096
52.2168, 83096
52.218, 83096
52.2194, 83096
52.2207, 83096
52.222, 83096
52.2232, 83096
52.2243, 83096
52.2255, 83096
52.2266, 83096
52.2278, 83096
52.2289, 83096
52.2301, 83096
52.2312, 83096
52.2323, 82880
52.2335, 82880
52.2346, 82880
52.2358, 82880
52.2371, 82880
52.2384, 82880
52.2397, 82880
52.2419, 82664
52.2445, 82664
52.246, 82664
52.2473, 82664
52.2484, 82664
52.2496, 82880
52.2507, 82880
52.252, 82880
52.2532, 82880
52.2544, 82880
52.2556, 82880
52.2585, 82664
52.2606, 82664
52.2621, 82664
52.2636, 82664
52.2662, 82880
52.2678, 82880
52.269, 82880
52.2703, 82880
52.2716, 82880
52.2729, 82880
52.2742, 82880
52.2755, 82880
52.2768, 82880
52.278, 82880
52.2792, 82880
52.2804, 82880
52.2816, 82880
52.2827, 82880
52.2839, 82880
52.285, 82880
52.2861, 82880
52.2873, 82880
52.2884, 82880
52.2897, 82880
52.2912, 82880
52.2924, 82448
52.2936, 82448
52.2949, 82448
52.2961, 82448
52.2972, 82448
52.2984, 82448
52.2997, 82448
52.301, 82880
52.3023, 82880
52.3036, 82880
52.3047, 82880
52.3059, 82880
52.307, 82880
52.3082, 82880
52.3093, 83312
52.3105, 83312
52.3116, 83312
52.3128, 83312
52.3139, 83312
52.3152, 83312
52.3163, 83312
52.3176, 83312
52.3188, 83312
52.32, 83312
52.3213, 83312
52.3224, 83312
52.3236, 83312
52.3248, 83312
52.326, 83528
52.3273, 83528
52.3285, 83528
52.3296, 83528
52.3308, 83528
52.332, 83528
52.3332, 83528
52.3344, 83528
52.3357, 83528
52.3369, 83528
52.3381, 83528
52.3393, 83528
52.3404, 83528
52.3416, 83528
52.3428, 83528
52.344, 83528
52.3452, 83528
52.3466, 83528
52.348, 83528
52.3492, 83528
52.3504, 83528
52.3515, 83528
52.3527, 83528
52.3539, 83528
52.3552, 83528
52.3566, 83528
52.3579, 83528
52.3593, 83528
52.3606, 83528
52.3622, 83528
52.3637, 83528
52.3654, 83528
52.3678, 83528
52.3695, 83096
52.3715, 83096
52.3736, 83096
52.3753, 83096
52.3767, 83096
52.3901, 83096
52.394, 83096
52.4008, 83096
52.4051, 83096
52.4135, 82880
52.4182, 82880
52.4221, 82880
52.4233, 82880
52.4245, 82880
52.4262, 82880
52.4278, 82880
52.4292, 83096
52.431, 83096
52.4356, 83096
52.4381, 83096
52.44, 83096
52.4412, 83096
52.4423, 83096
52.4435, 83096
52.446, 82880
52.4492, 82880
52.4574, 82880
52.4618, 82880
52.4635, 82880
52.4658, 82880
52.4685, 82880
52.4702, 82880
52.4764, 83096
52.479, 83096
52.4862, 83096
52.4901, 83096
52.506, 83096
52.5101, 83096
52.5142, 83312
52.518, 83312
52.53, 83312
52.535, 83312
52.5366, 83312
52.5378, 83312
52.5391, 83312
52.5408, 83312
52.5424, 83312
52.5438, 83312
52.5451, 83312
52.5464, 83312
52.5477, 83312
52.551, 83312
52.5611, 83312
52.5625, 83312
52.5648, 83312
52.5744, 83312
52.5756, 83312
52.577, 83312
52.5782, 83312
52.5794, 83312
52.5805, 83312
52.5816, 83312
52.5829, 83312
52.5841, 83312
52.5854, 83312
52.5867, 83312
52.588, 83312
52.5893, 83312
52.5906, 83312
52.5918, 83312
52.5931, 83312
52.5944, 83312
52.5957, 83312
52.597, 83312
52.5982, 83312
52.5995, 83312
52.6007, 83312
52.6019, 83312
52.6031, 83312
52.6044, 83312
52.6056, 83312
52.6069, 83312
52.6081, 83528
52.6093, 83528
52.6105, 83528
52.6118, 83528
52.613, 83528
52.6142, 83528
52.6156, 83528
52.6168, 83528
52.6179, 83528
52.6193, 83528
52.6207, 83528
52.6226, 83528
52.6259, 83528
52.6283, 83528
52.6306, 83528
52.6327, 83528
52.6345, 83528
52.6365, 83528
52.6383, 83528
52.6396, 83528
52.6408, 83528
52.642, 83528
52.6432, 83528
52.6444, 83528
52.6457, 83528
52.6473, 83528
52.6492, 83528
52.6507, 83312
52.652, 83312
52.6532, 83312
52.6545, 83312
52.6559, 83312
52.6578, 83312
52.6594, 83096
52.6608, 83096
52.6623, 83096
52.6639, 83096
52.6652, 83096
52.6668, 83096
52.6683, 83312
52.6698, 83312
52.6722, 83312
52.6746, 83312
52.6774, 83096
52.6795, 83096
52.6808, 83096
52.6831, 83096
52.6879, 83096
52.6916, 82880
52.6982, 82880
52.7011, 82880
52.7031, 82880
52.7087, 82880
52.7132, 82880
52.7205, 82880
52.7228, 82880
52.7251, 82880
52.7274, 83096
52.7342, 83096
52.7382, 83096
52.7435, 82880
52.7459, 82880
52.7476, 82880
52.751, 82880
52.7559, 82880
52.7593, 82880
52.7622, 82880
52.764, 82880
52.7652, 82880
52.7689, 82664
52.7738, 82664
52.7758, 82664
52.781, 82664
52.7906, 82664
52.7934, 82664
52.8028, 82664
52.8054, 82880
52.8116, 82664
52.8163, 82664
52.8181, 82664
52.8197, 82664
52.8229, 82880
52.8271, 82880
52.8296, 82880
52.831, 82880
52.8332, 82880
52.8346, 82880
52.8358, 82880
52.8373, 82880
52.8405, 82664
52.8441, 82664
52.8468, 82448
52.8567, 82232
52.8628, 82448
52.8676, 82448
52.869, 82448
52.8702, 82448
52.875, 82448
52.8763, 82448
52.8774, 82448
52.8786, 82448
52.8798, 82448
52.8809, 82664
52.8821, 82664
52.8832, 82664
52.8844, 82664
52.8855, 82664
52.8866, 82664
52.8878, 82664
52.889, 82880
52.8903, 82880
52.8916, 82880
52.8927, 82880
52.8938, 82880
52.8971, 82880
52.8984, 82880
52.8996, 82880
52.9007, 82880
52.9018, 82880
52.903, 82880
52.9041, 82880
52.9053, 82880
52.9065, 82880
52.9077, 82880
52.9089, 82880
52.9102, 82880
52.9115, 82880
52.9128, 82880
52.9142, 82880
52.9154, 82880
52.9167, 82880
52.9181, 82880
52.9194, 82880
52.9207, 82880
52.9219, 82880
52.9232, 82880
52.9246, 82880
52.9279, 82880
52.9315, 82664
52.9336, 82664
52.9349, 82664
52.9362, 82664
52.9375, 82664
52.9388, 82664
52.9402, 82664
52.9414, 82664
52.9427, 82664
52.944, 82664
52.9453, 82664
52.9475, 82664
52.9583, 82448
52.9613, 82448
52.9743, 82232
52.9772, 82232
52.9793, 82232
52.9812, 82232
52.9843, 82232
52.9887, 82232
52.991, 82232
52.9923, 82448
52.9935, 82448
52.9947, 82448
52.996, 82448
52.9973, 82448
52.9985, 82448
52.9997, 82448
53.0009, 82016
53.0021, 82016
53.0042, 82016
53.0115, 82016
53.0131, 82016
53.0144, 82016
53.0156, 82016
53.0168, 82232
53.0181, 82232
53.0194, 82232
53.0205, 82232
53.0217, 82232
53.023, 82232
53.0242, 82232
53.0255, 82016
53.0272, 82016
53.0357, 82016
53.0426, 82016
53.0506, 82016
53.0538, 82016
53.0572, 82016
53.059, 82016
53.061, 82232
53.0666, 82232
53.0697, 82016
53.0718, 82016
53.0747, 82016
53.076, 82016
53.0773, 82016
53.0785, 82016
53.0797, 82016
53.0809, 82016
53.0821, 82016
53.0834, 82016
53.085, 81800
53.0929, 81800
53.0952, 82016
53.1004, 82016
53.1033, 82016
53.1143, 82016
53.119, 82232
53.1226, 82232
53.1302, 82448
53.132, 82448
53.1346, 82448
53.1391, 82448
53.1469, 82448
53.1504, 82448
53.1531, 82448
53.1555, 82664
53.157, 82664
53.1585, 82664
53.16, 82664
53.1645, 82880
53.1661, 82880
53.168, 82880
53.1707, 82880
53.1722, 82880
53.1734, 82880
53.1772, 82880
53.1795, 82880
53.1809, 82880
53.182, 82880
53.1844, 82880
53.1862, 82880
53.1875, 82880
53.189, 82880
53.1904, 82880
53.1962, 83096
53.1989, 83096
53.2003, 83096
53.2014, 83096
53.2026, 83096
53.2038, 83096
53.2051, 83312
53.2063, 83312
53.2076, 83312
53.2089, 83312
53.2102, 83312
53.216, 83096
53.2193, 83096
53.2208, 83096
53.2221, 83312
53.2235, 83312
53.2248, 83312
53.2337, 83528
53.235, 83528
53.2363, 83528
53.2376, 83528
53.2389, 83528
53.2401, 83528
53.2414, 83528
53.2427, 83528
53.244, 83528
53.2453, 83528
53.2466, 83528
53.248, 83744
53.2493, 83744
53.2506, 83744
53.252, 83744
53.2533, 83744
53.2546, 83744
53.256, 83960
53.2572, 83960
53.2585, 83960
53.2599, 83960
53.2613, 83960
53.2626, 83960
53.264, 83960
53.2654, 83960
53.2667, 83960
53.2679, 83960
53.2692, 83960
53.2705, 83960
53.2717, 83960
53.273, 83960
53.2743, 83960
53.2756, 83960
53.2769, 83960
53.2783, 83960
53.2796, 83960
53.2809, 83960
53.2822, 83960
53.2835, 83960
53.2848, 83960
53.2862, 83960
53.2875, 83960
53.2889, 83960
53.2902, 83960
53.2915, 83960
53.2928, 83960
53.294, 83960
53.2953, 83960
53.2965, 83960
53.2978, 83960
53.299, 84176
53.3002, 84176
53.3016, 84176
53.3029, 84176
53.3043, 84176
53.3056, 84176
53.3068, 84176
53.3081, 84176
53.3094, 84176
53.3107, 84176
53.312, 84176
53.3134, 84176
53.3148, 84176
53.3162, 84176
53.3175, 84176
53.3188, 84176
53.3201, 84176
53.3214, 84176
53.3226, 84176
53.3239, 84176
53.3252, 84176
53.3265, 84176
53.3278, 84176
53.3292, 84176
53.3305, 84176
53.3318, 84176
53.3331, 84176
53.3343, 84176
53.3356, 84176
53.3369, 84176
53.3384, 84176
53.3398, 84176
53.3411, 84176
53.3424, 84176
53.3437, 84176
53.345, 84176
53.3462, 84176
53.3476, 84176
53.3489, 84176
53.3504, 84392
53.3518, 84392
53.3532, 84392
53.3545, 84392
53.3558, 84392
53.3571, 84392
53.3584, 84392
53.3596, 84392
53.3609, 84392
53.3622, 84392
53.3634, 84392
53.3647, 84392
53.366, 84392
53.3674, 84392
53.3688, 84392
53.3701, 84392
53.3713, 84392
53.3726, 84392
53.3739, 84392
53.3753, 84392
53.3767, 84392
53.3781, 84392
53.3794, 84392
53.3808, 84392
53.3821, 84392
53.3834, 84392
53.3847, 84392
53.386, 84392
53.3873, 84392
53.3886, 84392
53.3899, 84392
53.391, 84392
53.3923, 84392
53.3935, 84608
53.3947, 84608
53.3959, 84608
53.397, 84608
53.3982, 84608
53.3994, 84608
53.4006, 84608
53.4018, 84392
53.4029, 84392
53.4042, 84392
53.4055, 84392
53.407, 84392
53.4086, 84392
53.41, 84392
53.4115, 84392
53.4128, 84392
53.4141, 84392
53.4154, 84392
53.4168, 84392
53.4181, 84392
53.4194, 84392
53.4207, 84392
53.4219, 84392
53.4233, 84392
53.4246, 84392
53.4259, 84392
53.4272, 84608
53.4285, 84608
53.4299, 84608
53.4313, 84608
53.4326, 84608
53.4339, 84608
53.4353, 84608
53.4366, 84608
53.4379, 84608
53.4392, 84608
53.4404, 84608
53.4415, 84608
53.4427, 84608
53.4438, 84608
53.445, 84608
53.4463, 84608
53.4477, 84608
53.4489, 84608
53.4501, 84608
53.4512, 84608
53.4524, 84608
53.4535, 84608
53.4547, 84608
53.456, 84608
53.4572, 84608
53.4586, 84608
53.46, 84608
53.4613, 84608
53.4625, 84608
53.4638, 84608
53.465, 84608
53.4664, 84608
53.4678, 84608
53.4692, 84824
53.4704, 84824
53.4717, 84824
53.4731, 84824
53.4743, 84824
53.4757, 84824
53.477, 84824
53.4783, 84608
53.4795, 84608
53.4808, 84608
53.4821, 84608
53.4834, 84608
53.4847, 84608
53.4861, 84608
53.4873, 84824
53.4886, 84824
53.49, 84824
53.4913, 84824
53.4927, 84824
53.494, 84824
53.4953, 84824
53.4966, 84824
53.4978, 84824
53.4991, 84824
53.5004, 84824
53.5016, 84824
53.5028, 84824
53.5041, 84824
53.5053, 84824
53.5065, 84824
53.5078, 84824
53.5091, 84824
53.5104, 84824
53.5116, 84824
53.5128, 84824
53.5139, 84824
53.5151, 84824
53.5162, 84824
53.5174, 84824
53.5186, 84824
53.5199, 84824
53.521, 84608
53.5222, 84608
53.5234, 84608
53.5247, 84608
53.5259, 84608
53.5271, 84608
53.5283, 84608
53.5294, 84392
53.5306, 84392
53.5317, 84392
53.533, 84392
53.5343, 84392
53.5357, 84392
53.5371, 84392
53.5385, 84176
53.5399, 84176
53.5413, 84176
53.5426, 84176
53.5438, 84176
53.5452, 84176
53.5465, 84176
53.5478, 84176
53.549, 84176
53.5502, 84176
53.5513, 84176
53.5525, 84176
53.5536, 84176
53.5548, 84176
53.5559, 84176
53.5571, 84176
53.5582, 84176
53.5594, 84176
53.5605, 84176
53.5617, 84176
53.5629, 84176
53.5641, 83744
53.5654, 83744
53.5666, 83744
53.568, 83744
53.5693, 83744
53.5706, 83744
53.5719, 84176
53.5731, 84176
53.5743, 84176
53.5755, 84176
53.5767, 84176
53.5779, 84176
53.579, 84176
53.5801, 84176
53.5813, 84176
53.5824, 84176
53.5836, 84176
53.5848, 84176
53.5859, 84176
53.5871, 84176
53.5883, 84176
53.5895, 84176
53.5906, 84176
53.5918, 84176
53.5929, 84176
53.5941, 84176
53.5952, 84176
53.5963, 84176
53.5975, 83960
53.5986, 83960
53.5998, 83960
53.601, 83960
53.6024, 83960
53.6036, 83960
53.6049, 83960
53.6061, 84392
53.6073, 84392
53.6084, 84392
53.6096, 84392
53.6107, 84392
53.6119, 84392
53.613, 84392
53.6142, 84392
53.6153, 84392
53.6165, 84392
53.6177, 84392
53.6193, 84392
53.6208, 84392
53.6222, 84392
53.627, 84392
53.6284, 84392
53.6297, 84392
53.631, 84392
53.6323, 84824
53.6336, 84824
53.6348, 84824
53.6359, 84824
53.6371, 84824
53.6382, 84824
53.6394, 84824
53.6405, 85040
53.6416, 85040
53.6428, 85040
53.6439, 85040
53.6451, 85040
53.6462, 85040
53.6474, 85040
53.6486, 85040
53.6499, 85040
53.6512, 85040
53.6524, 85040
53.6536, 85040
53.6547, 85040
53.6559, 85040
53.6571, 85040
53.6582, 85040
53.6593, 85040
53.6605, 85040
53.6616, 85040
53.6628, 85040
53.6639, 85040
53.6652, 85040
53.6665, 85040
53.6679, 85040
53.6693, 85040
53.6706, 85040
53.6719, 85040
53.6732, 85040
53.6744, 85040
53.6757, 85040
53.6769, 85040
53.6782, 85040
53.6794, 85040
53.6806, 85040
53.6818, 85040
53.6829, 84824
53.684, 84824
53.6852, 84824
53.6863, 84824
53.6875, 84824
53.6886, 84824
53.6897, 84824
53.6909, 84824
53.6921, 84608
53.6934, 84608
53.6947, 84608
53.696, 84608
53.6973, 84608
53.6986, 84608
53.7, 84608
53.7012, 84608
53.7025, 84608
53.7037, 84608
53.7049, 84608
53.7061, 84608
53.7074, 84608
53.7087, 84824
53.71, 84824
53.7113, 84824
53.7126, 84824
53.714, 84824
53.7154, 84824
53.7167, 84824
53.7181, 84824
53.7194, 84824
53.7207, 84824
53.7221, 84824
53.7234, 84824
53.7248, 84824
53.7262, 84824
53.7275, 84824
53.7288, 84824
53.73, 84824
53.7313, 84824
53.7326, 84824
53.7338, 85040
53.7351, 85040
53.7364, 85040
53.7377, 85040
53.739, 85040
53.7404, 85040
53.7417, 85040
53.7429, 85040
53.7442, 85040
53.7455, 85040
53.7467, 85040
53.7481, 85040
53.7494, 85040
53.7508, 85040
53.7521, 85040
53.7535, 85040
53.7548, 85040
53.756, 85040
53.7573, 85040
53.7585, 85040
53.7598, 85040
53.7611, 85040
53.7624, 85040
53.7637, 85040
53.7649, 85040
53.7663, 85040
53.7676, 85040
53.7689, 85040
53.7702, 85040
53.7715, 85040
53.7727, 85040
53.774, 85040
53.7755, 85040
53.7769, 85040
53.7781, 85040
53.7794, 85040
53.7807, 85040
53.782, 85040
53.7832, 85040
53.7846, 85040
53.7859, 85040
53.7874, 85040
53.7887, 85040
53.7901, 85040
53.7914, 85040
53.7928, 85040
53.7941, 85040
53.7954, 85040
53.7967, 85040
53.798, 85040
53.7992, 85040
53.8005, 85040
53.8018, 85040
53.8032, 85040
53.8045, 85040
53.8058, 85040
53.807, 85040
53.8083, 85040
53.8096, 85040
53.811, 85040
53.8124, 85040
53.8138, 85040
53.8151, 85040
53.8164, 85040
53.8181, 85040
53.8194, 85040
53.8207, 85040
53.822, 85040
53.8233, 85040
53.8246, 85040
53.8259, 85040
53.8272, 85040
53.8285, 85040
53.8296, 85040
53.8308, 85040
53.8319, 85040
53.833, 85040
53.8358, 85040
53.8371, 84824
53.8383, 84824
53.8395, 84824
53.8407, 84824
53.8419, 84824
53.843, 84824
53.8442, 84824
53.8455, 84824
53.8467, 84824
53.848, 84824
53.8493, 84824
53.8506, 84824
53.8519, 84824
53.8533, 84608
53.8546, 84608
53.8559, 84608
53.8572, 84608
53.8584, 84608
53.8597, 84608
53.8611, 84608
53.8624, 84824
53.8636, 84824
53.8648, 84824
53.8662, 84824
53.8673, 84824
53.8684, 84824
53.8696, 84824
53.8707, 84392
53.8719, 84392
53.873, 84392
53.8741, 84392
53.8753, 84392
53.8766, 84392
53.878, 84392
53.8794, 84176
53.8806, 84176
53.8817, 84176
53.8829, 84176
53.884, 84176
53.8852, 84176
53.8864, 84176
53.8875, 84608
53.8887, 84608
53.89, 84608
53.8913, 84608
53.8925, 84608
53.8937, 84608
53.8949, 84608
53.8961, 84608
53.8973, 84608
53.8985, 84608
53.8997, 84608
53.9009, 84608
53.902, 84608
53.9032, 84608
53.9044, 84824
53.9056, 84824
53.9069, 84824
53.9082, 84824
53.9094, 84824
53.9105, 84824
53.9117, 84824
53.9129, 84824
53.9141, 84824
53.9153, 84824
53.9165, 84824
53.9178, 84824
53.9192, 84824
53.9205, 84824
53.9218, 85040
53.923, 85040
53.9243, 85040
53.9255, 85040
53.9266, 85040
53.9278, 85040
53.929, 85040
53.9301, 85040
53.9313, 85040
53.9324, 85040
53.9337, 85040
53.935, 85040
53.9362, 85040
53.9374, 85040
53.9385, 85040
53.9397, 85040
53.9408, 85040
53.942, 85040
53.9432, 85040
53.9443, 85040
53.9456, 85040
53.9467, 85040
53.9479, 85040
53.9491, 85040
53.9502, 85040
53.9515, 85040
53.9526, 85040
53.9538, 85040
53.9551, 85040
53.9562, 85256
53.9574, 85256
53.9586, 85256
53.9598, 85256
53.9611, 85256
53.9625, 85256
53.9639, 85256
53.9652, 85256
53.9665, 85256
53.9678, 85256
53.969, 85256
53.9702, 85256
53.9714, 85256
53.9725, 85256
53.9737, 85256
53.9749, 85256
53.976, 85256
53.9772, 85256
53.9784, 85256
53.9796, 85256
53.9807, 85256
53.9819, 85256
53.983, 85256
53.9842, 85256
53.9853, 85256
53.9865, 85256
53.9876, 85256
53.9888, 85256
53.9899, 85472
53.9911, 85472
53.9923, 85472
53.9935, 85472
53.9946, 85472
53.9959, 85472
53.9973, 85472
53.9986, 85472
53.9999, 85472
54.0012, 85472
54.0024, 85472
54.0036, 85472
54.0048, 85472
54.0062, 85472
54.0077, 85256
54.0091, 85256
54.0105, 85256
54.012, 85256
54.0134, 85256
54.0146, 85256
54.0161, 85256
54.0175, 85256
54.019, 85256
54.0204, 85256
54.0218, 85256
54.0232, 85256
54.0247, 85256
54.026, 85256
54.0274, 85256
54.0288, 85256
54.0302, 85256
54.0315, 85256
54.0329, 85256
54.0343, 85256
54.0357, 85256
54.0371, 85256
54.0384, 85256
54.0399, 85256
54.0414, 85256
54.0428, 85256
54.0442, 85256
54.0456, 85256
54.047, 85256
54.0484, 85256
54.0497, 85256
54.0511, 85256
54.0524, 85256
54.0538, 85256
54.0552, 85256
54.0566, 85256
54.058, 85256
54.0594, 85256
54.0609, 85256
54.0624, 85256
54.0638, 85256
54.0653, 85256
54.0666, 85256
54.068, 85256
54.0692, 85256
54.0704, 85256
54.0715, 85256
54.0727, 85256
54.0738, 85256
54.075, 85256
54.0763, 85256
54.0776, 85256
54.079, 85256
54.0804, 85256
54.0818, 85256
54.0833, 85256
54.0849, 85256
54.0865, 85256
54.0879, 85256
54.0897, 85256
54.0914, 85256
54.0929, 85256
54.0942, 85256
54.0955, 85256
54.097, 85256
54.0985, 85256
54.1, 85256
54.1015, 85256
54.103, 85256
54.1045, 85256
54.1059, 85256
54.1074, 85256
54.1089, 85256
54.1103, 85256
54.1118, 85256
54.1132, 85256
54.1145, 85256
54.1158, 85256
54.1171, 85256
54.1184, 85256
54.1198, 85256
54.121, 85256
54.1222, 85256
54.1234, 85256
54.1245, 85256
54.1257, 85256
54.1269, 84824
54.1281, 84824
54.1293, 84824
54.1304, 84824
54.1317, 84824
54.133, 84824
54.1343, 84824
54.1357, 84608
54.137, 84608
54.1383, 84608
54.1395, 84608
54.1407, 84608
54.1421, 84608
54.1438, 84392
54.1451, 84392
54.1466, 84392
54.1479, 84392
54.1493, 84392
54.1506, 84392
54.1518, 84824
54.1531, 84824
54.1543, 84824
54.1556, 84824
54.1569, 84824
54.1581, 84824
54.1594, 84824
54.1607, 84608
54.1619, 84608
54.1631, 84608
54.1643, 84608
54.1655, 84608
54.1666, 84608
54.1681, 84608
54.1697, 84176
54.1715, 84176
54.1729, 84176
54.1742, 84176
54.1756, 84176
54.1769, 84176
54.1782, 84392
54.1795, 84392
54.1807, 84392
54.1821, 84392
54.1834, 84392
54.1846, 84392
54.1859, 84608
54.1873, 84608
54.1886, 84608
54.1898, 84608
54.1909, 84608
54.1921, 84608
54.1932, 84608
54.1944, 84608
54.1955, 84176
54.1966, 84176
54.1978, 84176
54.1989, 84176
54.2001, 84176
54.2012, 84176
54.2024, 84176
54.2035, 83960
54.2048, 83960
54.206, 83960
54.2074, 83960
54.2087, 83960
54.21, 83960
54.2114, 83960
54.2127, 83960
54.2141, 83960
54.2155, 83960
54.2168, 83960
54.218, 83960
54.2192, 83960
54.2203, 84176
54.2214, 84176
54.2226, 84176
54.2238, 84176
54.2253, 84176
54.2269, 84176
54.2282, 84176
54.2295, 83960
54.2308, 83960
54.2321, 83960
54.2333, 83960
54.2347, 83960
54.2361, 83960
54.2375, 84392
54.2388, 84392
54.2399, 84392
54.2411, 84392
54.2422, 84392
54.2434, 84392
54.2445, 84392
54.2456, 84392
54.2468, 83960
54.2479, 83960
54.2491, 83960
54.2502, 83960
54.2515, 83960
54.2528, 83960
54.2542, 83960
54.2556, 83960
54.2569, 83960
54.2582, 83960
54.2594, 83960
54.2607, 83960
54.2619, 83960
54.2633, 83960
54.2645, 83960
54.2657, 83960
54.2668, 83960
54.2755, 83744
54.2813, 84176
54.2825, 84176
54.2837, 84176
54.2849, 84176
54.286, 84176
54.2871, 84176
54.2883, 84176
54.2894, 84176
54.2905, 84176
54.2917, 84176
54.2928, 84176
54.294, 84176
54.2952, 84176
54.2964, 84176
54.2982, 83960
54.2996, 83960
54.3009, 83960
54.3022, 83960
54.3034, 83960
54.3046, 83960
54.306, 84176
54.3073, 84176
54.3084, 84176
54.3096, 84176
54.3107, 84176
54.3119, 84176
54.313, 84176
54.3142, 84392
54.3153, 84392
54.3165, 84392
54.3176, 84392
54.3188, 84392
54.32, 84392
54.3211, 84392
54.3222, 84392
54.3234, 84608
54.3246, 84608
54.3257, 84608
54.3269, 84608
54.3282, 84608
54.3295, 84608
54.3307, 84608
54.3319, 84608
54.333, 84608
54.3342, 84608
54.3354, 84608
54.3366, 84608
54.3378, 84608
54.3392, 84608
54.3405, 85040
54.3417, 85040
54.3429, 85040
54.3441, 85040
54.3453, 85040
54.3465, 85040
54.3478, 85040
54.349, 85040
54.3502, 85040
54.3513, 85040
54.3525, 85040
54.3536, 85040
54.3548, 85040
54.356, 85040
54.3572, 85040
54.3585, 85040
54.3598, 85040
54.3609, 85040
54.3621, 85040
54.3632, 85040
54.3644, 85040
54.3655, 85040
54.3667, 85040
54.3679, 85040
54.369, 85040
54.3702, 85040
54.3717, 85040
54.373, 85040
54.3743, 85040
54.3755, 85040
54.3767, 85040
54.3779, 85040
54.379, 85040
54.3802, 85040
54.3813, 85040
54.3825, 85040
54.3837, 85040
54.3849, 85040
54.3861, 85040
54.3873, 85040
54.3885, 85040
54.3898, 85040
54.3912, 85256
54.3925, 85256
54.3937, 85256
54.3949, 85256
54.3961, 85256
54.3973, 85256
54.3984, 85256
54.3996, 85256
54.4008, 85256
54.4019, 85256
54.4032, 85256
54.4044, 85256
54.4058, 85256
54.4072, 85256
54.4086, 85256
54.4098, 85256
54.4109, 85256
54.4122, 85256
54.4134, 85256
54.4146, 85256
54.4158, 85256
54.417, 85256
54.4182, 85256
54.4195, 85256
54.4207, 85256
54.4219, 85256
54.4231, 85256
54.4242, 85256
54.4254, 85256
54.4266, 85256
54.4277, 85256
54.4289, 85256
54.4301, 85256
54.4313, 85256
54.4325, 85256
54.4336, 85472
54.4348, 85472
54.436, 85472
54.4372, 85472
54.4385, 85472
54.4397, 85472
54.4409, 85472
54.4421, 85472
54.4434, 85472
54.4447, 85472
54.4459, 85472
54.4471, 85472
54.4483, 85472
54.4494, 85472
54.4506, 85472
54.4517, 85472
54.4529, 85472
54.4542, 85472
54.4554, 85472
54.4565, 85472
54.4577, 85472
54.4589, 85472
54.4601, 85256
54.4614, 85256
54.4626, 85256
54.4637, 85256
54.4649, 85256
54.4661, 85256
54.4672, 85256
54.4684, 85256
54.4696, 85256
54.4708, 85256
54.4719, 85256
54.4731, 85256
54.4742, 85256
54.4754, 85256
54.4765, 85040
54.4777, 85040
54.4788, 85040
54.48, 85040
54.4811, 85040
54.4823, 85040
54.4837, 85040
54.4852, 84608
54.4866, 84608
54.4878, 84608
54.489, 84608
54.4901, 84608
54.4914, 84608
54.4926, 84608
54.4937, 84824
54.4949, 84824
54.4961, 84824
54.4973, 84824
54.4985, 84824
54.4998, 84824
54.501, 84824
54.5023, 84824
54.5036, 84824
54.5048, 84824
54.506, 84824
54.5073, 84824
54.5084, 84824
54.5096, 84824
54.5107, 84824
54.5119, 84824
54.513, 84824
54.5143, 84824
54.5157, 84824
54.5169, 84824
54.5181, 84824
54.5192, 84824
54.5205, 84824
54.5216, 84824
54.5228, 84824
54.524, 84824
54.5252, 84824
54.5264, 84824
54.5276, 85040
54.5289, 85040
54.5301, 85040
54.5313, 85040
54.5326, 85040
54.5338, 85040
54.5349, 85040
54.5361, 85040
54.5373, 85040
54.5385, 85040
54.5397, 85040
54.541, 85040
54.5422, 85040
54.5437, 85040
54.5451, 85256
54.5466, 85256
54.548, 85256
54.5494, 85256
54.5508, 85256
54.5523, 85256
54.5537, 85256
54.5551, 85256
54.5564, 85256
54.5577, 85256
54.5591, 85256
54.5604, 85256
54.5618, 85256
54.5632, 85256
54.5645, 85256
54.5658, 85256
54.5672, 85256
54.5686, 85256
54.57, 85256
54.5714, 85256
54.5727, 85256
54.5741, 85256
54.5755, 85256
54.5768, 85256
54.5782, 85256
54.5796, 85256
54.5809, 85256
54.5823, 85256
54.5838, 85256
54.5852, 85256
54.5867, 85256
54.5881, 85256
54.5894, 85256
54.5907, 85256
54.592, 85256
54.5932, 85256
54.5945, 85256
54.5957, 85256
54.597, 85256
54.5982, 85256
54.5995, 85256
54.6008, 85256
54.6022, 85256
54.6035, 85256
54.6048, 85256
54.6061, 85256
54.6073, 85256
54.6086, 85256
54.6101, 85256
54.6115, 85256
54.6129, 85256
54.6142, 85256
54.6155, 85256
54.6167, 85256
54.618, 85256
54.6193, 85256
54.6205, 85256
54.6218, 85256
54.623, 85256
54.6243, 85256
54.6256, 85256
54.6272, 85256
54.6286, 85256
54.6299, 85040
54.6313, 85040
54.6326, 85040
54.6339, 85040
54.6354, 85040
54.6372, 85040
54.6388, 85040
54.6404, 85040
54.6418, 85040
54.6432, 85040
54.6445, 85040
54.6457, 85040
54.647, 85040
54.6482, 85040
54.6495, 85040
54.6507, 85040
54.652, 85040
54.6533, 85040
54.6547, 85040
54.656, 85040
54.6573, 85040
54.6586, 85040
54.6599, 85040
54.6611, 85040
54.6624, 85040
54.6639, 85040
54.6652, 85040
54.6665, 85040
54.6678, 85040
54.669, 85040
54.6703, 85040
54.6716, 85040
54.6729, 85040
54.6742, 85040
54.6756, 85040
54.6769, 85040
54.6782, 85040
54.6795, 85040
54.6807, 85040
54.6821, 85040
54.6833, 85040
54.6846, 85040
54.6858, 85040
54.6872, 85040
54.6885, 85040
54.6899, 85040
54.6914, 85040
54.6927, 85040
54.694, 85040
54.6953, 85040
54.6966, 85040
54.6979, 85256
54.6997, 85256
54.7011, 85256
54.7025, 85256
54.7039, 85256
54.7052, 85256
54.7065, 85040
54.7078, 85040
54.7091, 85040
54.7104, 85040
54.7117, 85040
54.713, 85040
54.7143, 85040
54.7156, 85256
54.7168, 85256
54.718, 85256
54.7192, 85256
54.7203, 85256
54.7215, 85256
54.7226, 85256
54.7238, 84824
54.725, 84824
54.7263, 84824
54.7274, 84824
54.7286, 84824
54.7298, 84824
54.7311, 84824
54.7325, 84824
54.7337, 84824
54.7349, 84824
54.736, 84824
54.7372, 84824
54.7383, 84824
54.7395, 84824
54.7411, 84608
54.7428, 84608
54.7444, 84608
54.7458, 84608
54.7473, 84608
54.7489, 84608
54.7503, 84824
54.7516, 84824
54.7531, 84824
54.7544, 84824
54.7558, 84824
54.7571, 84824
54.7582, 84824
54.7594, 84824
54.7605, 84824
54.7616, 84824
54.7628, 84824
54.7639, 84824
54.765, 84824
54.7662, 84824
54.7673, 84608
54.7684, 84608
54.7696, 84608
54.7708, 84608
54.7721, 84608
54.7733, 84608
54.7746, 84608
54.7759, 84392
54.7771, 84392
54.7783, 84392
54.7796, 84392
54.7809, 84392
54.782, 84392
54.7832, 84392
54.7843, 84824
54.7854, 84824
54.7866, 84824
54.7877, 84824
54.7889, 84824
54.79, 84824
54.7911, 84824
54.7923, 84392
54.7934, 84392
54.7946, 84392
54.7957, 84392
54.7969, 84392
54.798, 84392
54.7991, 84392
54.8003, 84392
54.8014, 84392
54.8026, 84392
54.8038, 84392
54.8049, 84392
54.806, 84392
54.8072, 84392
54.8084, 84392
54.8096, 84176
54.8109, 84176
54.8122, 84176
54.8134, 84176
54.8146, 84176
54.8157, 84176
54.8169, 84176
54.818, 84608
54.8192, 84608
54.8203, 84608
54.8214, 84608
54.8226, 84608
54.8237, 84608
54.8249, 84608
54.8262, 84392
54.8276, 84392
54.8289, 84392
54.8304, 84392
54.8318, 84392
54.8331, 84392
54.8343, 84392
54.8356, 84608
54.8368, 84608
54.8381, 84608
54.8393, 84608
54.8406, 84608
54.8418, 84608
54.8429, 84608
54.8441, 84824
54.8452, 84824
54.8464, 84824
54.8475, 84824
54.8486, 84824
54.8498, 84824
54.851, 84824
54.8522, 84608
54.8533, 84608
54.8545, 84608
54.8558, 84608
54.8571, 84608
54.8585, 84608
54.8598, 84608
54.861, 84608
54.8622, 84608
54.8633, 84608
54.8645, 84608
54.8656, 84608
54.8668, 84608
54.8679, 84608
54.869, 84608
54.8702, 84608
54.8713, 84608
54.8727, 84608
54.8741, 84608
54.8754, 84608
54.8768, 84608
54.8781, 84608
54.8794, 84608
54.8807, 84608
54.8819, 84608
54.8832, 84608
54.8845, 84608
54.8857, 85040
54.887, 85040
54.8882, 85040
54.8893, 85040
54.8904, 85040
54.8916, 85040
54.8927, 85040
54.8939, 85040
54.895, 84824
54.8962, 84824
54.8973, 84824
54.8984, 84824
54.8996, 84824
54.9008, 84824
54.9022, 84824
54.9035, 84608
54.9048, 84608
54.906, 84608
54.9074, 84608
54.9087, 84608
54.9099, 84608
54.911, 84608
54.9122, 85040
54.9135, 85040
54.9146, 85040
54.9158, 85040
54.917, 85040
54.9181, 85040
54.9193, 85040
54.9204, 85256
54.9216, 85256
54.9227, 85256
54.9239, 85256
54.9251, 85256
54.9262, 85256
54.9274, 85256
54.9286, 85472
54.9298, 85472
54.9311, 85472
54.9323, 85472
54.9335, 85472
54.9347, 85472
54.9359, 85472
54.9371, 85472
54.9383, 85472
54.9395, 85472
54.9407, 85472
54.9419, 85472
54.9433, 85472
54.9446, 85472
54.9459, 85688
54.9474, 85688
54.9489, 85688
54.9502, 85688
54.9514, 85688
54.9526, 85688
54.9538, 85688
54.955, 85472
54.9562, 85472
54.9573, 85472
54.9585, 85472
54.9597, 85472
54.9609, 85472
54.9623, 85472
54.9635, 85472
54.9646, 85472
54.9658, 85472
54.9669, 85472
54.9681, 85472
54.9692, 85472
54.9704, 85472
54.9716, 85472
54.9729, 85472
54.9743, 85472
54.9757, 85472
54.9771, 85472
54.9784, 85472
54.9796, 85472
54.9807, 85472
54.9819, 85472
54.983, 85472
54.9842, 85472
54.9853, 85472
54.9865, 85472
54.9877, 85472
54.989, 85472
54.9902, 85472
54.9914, 85472
54.9926, 85472
54.9939, 85472
54.9952, 85472
54.9966, 85472
54.9979, 85472
54.9993, 85472
55.0006, 85472
55.002, 85472
55.0033, 85472
55.0046, 85472
55.0059, 85472
55.0072, 85472
55.0086, 85472
55.0101, 85472
55.0114, 85472
55.0127, 85472
55.0139, 85256
55.0151, 85256
55.0163, 85256
55.0175, 85256
55.0187, 85256
55.02, 85256
55.0212, 85256
55.0224, 85256
55.0237, 85256
55.0249, 85256
55.0263, 85256
55.0275, 85256
55.0288, 85256
55.0301, 85256
55.0316, 85256
55.0331, 85256
55.0345, 85256
55.0358, 85256
55.0371, 85256
55.0384, 85256
55.0397, 85040
55.041, 85040
55.0426, 85040
55.0439, 85040
55.0453, 85040
55.0467, 85040
55.048, 85040
55.0492, 85040
55.0505, 85040
55.0517, 85040
55.053, 85040
55.0542, 85040
55.0555, 85040
55.0568, 85040
55.058, 85040
55.0593, 85040
55.0608, 85040
55.0622, 85040
55.0635, 85040
55.0647, 85040
55.066, 85040
55.0673, 85040
55.0687, 85040
55.0701, 85040
55.0714, 85040
55.0728, 85040
55.082, 85040
55.0834, 85040
55.0848, 85040
55.0862, 85040
55.0877, 85040
55.0892, 85040
55.0906, 85256
55.0919, 85256
55.0933, 85256
55.0946, 85256
55.096, 85256
55.0975, 85256
55.0988, 85256
55.1002, 85040
55.1014, 85040
55.1027, 85040
55.1039, 85040
55.1053, 85040
55.1066, 85040
55.1079, 85040
55.1092, 85040
55.1105, 85040
55.1119, 85040
55.1132, 85040
55.1144, 85040
55.1157, 85040
55.117, 85040
55.1182, 85040
55.1195, 85040
55.1207, 85040
55.122, 85040
55.1234, 85040
55.1247, 85040
55.126, 85040
55.1273, 85040
55.1286, 85040
55.1298, 85040
55.1311, 85040
55.1325, 85040
55.1338, 85040
55.1352, 85040
55.1366, 85040
55.1379, 85040
55.1393, 85040
55.1406, 85040
55.1419, 85040
55.1432, 85040
55.1445, 85040
55.1457, 85040
55.1469, 85040
55.1481, 85040
55.1493, 85040
55.1505, 85040
55.1516, 85040
55.1528, 85040
55.154, 85040
55.1552, 85040
55.1565, 85040
55.1577, 85040
55.1589, 85256
55.1602, 85256
55.1614, 85256
55.1629, 85256
55.1643, 85256
55.1657, 85256
55.1673, 85256
55.1686, 85256
55.1699, 85256
55.1713, 85256
55.1726, 85256
55.174, 85256
55.1754, 85256
55.1767, 85256
55.178, 85256
55.1793, 85256
55.1805, 85256
55.1816, 85256
55.1828, 85256
55.184, 85256
55.1852, 85256
55.1865, 85256
55.1878, 85256
55.189, 85256
55.1901, 85256
55.1913, 85256
55.1925, 85256
55.1938, 85256
55.195, 85256
55.1963, 85256
55.1976, 85256
55.1989, 85256
55.2002, 85256
55.2016, 85256
55.2029, 85256
55.2043, 85256
55.2055, 85256
55.2066, 85256
55.2078, 85256
55.209, 85256
55.2102, 85256
55.2113, 85256
55.2126, 85256
55.2138, 85256
55.215, 85256
55.2163, 85256
55.2175, 85256
55.2187, 85256
55.2199, 85256
55.2212, 85256
55.2226, 85256
55.224, 85256
55.2254, 85256
55.2267, 85256
55.228, 85472
55.2292, 85472
55.2305, 85472
55.2319, 85472
55.2332, 85472
55.2345, 85472
55.2357, 85472
55.237, 85472
55.2382, 85472
55.2395, 85472
55.2406, 85472
55.2418, 85472
55.243, 85472
55.2441, 85472
55.2453, 85472
55.2464, 85472
55.2476, 85472
55.2489, 85472
55.2502, 85472
55.2515, 85472
55.253, 85472
55.2543, 85472
55.2556, 85472
55.2569, 85472
55.2581, 85472
55.2593, 85472
55.2604, 85472
55.2616, 85472
55.2628, 85472
55.2639, 85472
55.2651, 85472
55.2663, 85472
55.2676, 85472
55.2688, 85472
55.2699, 85472
55.2711, 85472
55.2723, 85472
55.2735, 85472
55.2747, 85472
55.2758, 85472
55.2771, 85472
55.2785, 85472
55.2799, 85472
55.2812, 85472
55.2825, 85472
55.2839, 85472
55.2852, 85472
55.2863, 85472
55.2875, 85472
55.2887, 85472
55.2898, 85472
55.291, 85472
55.2922, 85472
55.2935, 85472
55.2951, 85472
55.2965, 85472
55.2981, 85472
55.2996, 85472
55.3012, 85472
55.3027, 85472
55.3041, 85472
55.3055, 85472
55.3069, 85472
55.3082, 85472
55.3094, 85472
55.3105, 85472
55.3117, 85472
55.3128, 85472
55.3139, 85472
55.3151, 85472
55.3163, 85472
55.3175, 85472
55.3186, 85472
55.3198, 85472
55.321, 85472
55.3223, 85472
55.3235, 85472
55.3247, 85472
55.3259, 85472
55.327, 85472
55.3282, 85472
55.3293, 85472
55.3306, 85040
55.3321, 85040
55.3339, 85040
55.3359, 85040
55.3378, 84824
55.3397, 84824
55.3411, 84824
55.3426, 84824
55.344, 84824
55.3453, 84824
55.3466, 84824
55.3479, 84824
55.3492, 84824
55.3505, 84824
55.3518, 84824
55.3529, 84824
55.3541, 84824
55.3553, 85040
55.3564, 85040
55.3576, 85040
55.3587, 85040
55.3598, 85040
55.361, 85040
55.3621, 85040
55.3633, 85040
55.3645, 85256
55.3658, 85256
55.3672, 85256
55.3685, 85256
55.3699, 85256
55.3713, 85256
55.3726, 85256
55.3739, 85256
55.3752, 85256
55.3765, 85256
55.3776, 85256
55.3788, 85256
55.3799, 85256
55.381, 85256
55.3822, 85256
55.3833, 85256
55.3845, 85256
55.3856, 85256
55.3867, 85256
55.3879, 85256
55.389, 85256
55.3901, 85256
55.3913, 85256
55.3924, 85256
55.3936, 85256
55.3947, 85256
55.3959, 85256
55.397, 85256
55.3982, 85256
55.3993, 85256
55.4006, 85256
55.4019, 85256
55.4033, 85256
55.4046, 85256
55.4059, 85256
55.4071, 85256
55.4083, 85256
55.4094, 85256
55.4106, 85256
55.4118, 85256
55.4129, 85256
55.414, 85256
55.4152, 85256
55.4163, 85256
55.4176, 85256
55.419, 85256
55.4204, 85256
55.4217, 85256
55.4231, 85256
55.4245, 85040
55.4258, 85040
55.4272, 85040
55.4285, 85040
55.4298, 85040
55.4313, 85040
55.4326, 85256
55.4338, 85256
55.4349, 85256
55.4361, 85256
55.4373, 85256
55.4384, 85256
55.4396, 85256
55.4407, 85256
55.4419, 85256
55.443, 85256
55.4442, 85256
55.4453, 85256
55.4465, 85256
55.4478, 85256
55.4491, 85256
55.4505, 85256
55.4519, 85256
55.4532, 85256
55.4543, 85256
55.4555, 85256
55.4566, 85256
55.4578, 85256
55.4589, 85256
55.4601, 85256
55.4612, 85256
55.4624, 85256
55.4635, 85256
55.4649, 85256
55.4662, 85040
55.4676, 85040
55.469, 85040
55.4703, 85040
55.4717, 85040
55.473, 85040
55.4742, 85040
55.4756, 85040
55.477, 85040
55.4783, 85040
55.4796, 85040
55.4809, 85040
55.4821, 85040
55.4832, 85040
55.4843, 85040
55.4855, 85040
55.4866, 85040
55.4878, 85040
55.4889, 85040
55.4901, 85040
55.4913, 85040
55.4926, 84824
55.494, 84824
55.4954, 84824
55.4969, 84824
55.4983, 84824
55.4996, 84824
55.5009, 84824
55.5021, 84824
55.5034, 84824
55.5046, 84824
55.506, 84824
55.5074, 84824
55.5087, 84824
55.51, 84824
55.5114, 84824
55.5126, 84824
55.5139, 84824
55.5152, 84824
55.5164, 84824
55.5178, 85040
55.5191, 85040
55.5205, 85040
55.5218, 85040
55.5233, 85040
55.5247, 85040
55.5261, 85256
55.5274, 85256
55.5287, 85256
55.5301, 85256
55.5314, 85256
55.5329, 85256
55.5343, 85256
55.5357, 85256
55.537, 85256
55.5383, 85256
55.5397, 85256
55.5411, 85256
55.5425, 85256
55.544, 85256
55.5454, 85256
55.5469, 85256
55.5483, 85256
55.5496, 85256
55.5509, 85256
55.5522, 85256
55.5536, 85256
55.5549, 85256
55.5562, 85256
55.5577, 85256
55.5599, 85256
55.5615, 85256
55.5633, 85256
55.5648, 85256
55.5664, 85256
55.5678, 85256
55.5699, 85256
55.5735, 85256
55.575, 85256
55.5781, 85040
55.5795, 85040
55.5809, 85040
55.5822, 85040
55.5836, 85040
55.5849, 85040
55.5863, 85256
55.5876, 85256
55.5888, 85256
55.5899, 85256
55.5913, 85256
55.5926, 85256
55.5939, 85256
55.5954, 85256
55.5967, 85256
55.5981, 85256
55.5994, 85256
55.6006, 85256
55.6018, 85256
55.6031, 85256
55.6044, 85256
55.6055, 85256
55.6068, 85256
55.608, 85256
55.6093, 85256
55.6105, 85256
55.6118, 85472
55.6131, 85472
55.6143, 85472
55.6155, 85472
55.6166, 85472
55.6178, 85472
55.619, 85472
55.6203, 85472
55.6215, 85472
55.6227, 85472
55.6239, 85472
55.6251, 85472
55.6263, 85472
55.6276, 85472
55.6288, 85472
55.63, 85472
55.6312, 85472
55.6325, 85472
55.6337, 85472
55.6349, 85472
55.636, 85472
55.6372, 85688
55.6383, 85688
55.6395, 85688
55.6406, 85688
55.6418, 85688
55.6431, 85688
55.6443, 85688
55.6454, 85904
55.6466, 85904
55.6478, 85904
55.6489, 85904
55.6501, 85904
55.6512, 85904
55.6524, 85904
55.6535, 85904
55.6547, 85904
55.6558, 85904
55.657, 85904
55.6581, 85904
55.6593, 85904
55.6606, 85904
55.6618, 85904
55.663, 85904
55.6642, 85904
55.6654, 85904
55.6666, 85904
55.6679, 85904
55.669, 85904
55.6702, 85904
55.6714, 85904
55.6726, 85904
55.6738, 85904
55.675, 85904
55.6762, 85904
55.6775, 85904
55.6787, 85904
55.6799, 85904
55.6811, 85904
55.6824, 85904
55.6836, 85904
55.6849, 85904
55.6862, 85904
55.6876, 85904
55.6889, 85904
55.6902, 85904
55.6915, 85904
55.693, 85904
55.6943, 85904
55.6957, 85904
55.697, 85904
55.6983, 85904
55.6996, 85904
55.701, 85904
55.7023, 85904
55.7037, 85904
55.7052, 85904
55.7066, 85904
55.7079, 85904
55.7093, 85904
55.7105, 85904
55.7118, 85904
55.713, 85904
55.7141, 85904
55.7156, 85904
55.7169, 85904
55.7181, 85904
55.7193, 85904
55.7205, 85904
55.7217, 85904
55.7228, 85688
55.724, 85688
55.7252, 85688
55.7264, 85688
55.7276, 85688
55.7288, 85688
55.7299, 85688
55.7311, 85904
55.7323, 85904
55.7335, 85904
55.7347, 85904
55.736, 85904
55.7373, 85904
55.7387, 85904
55.74, 85904
55.7415, 85904
55.7431, 85904
55.7444, 85904
55.7459, 85904
55.7473, 85904
55.7487, 85904
55.7501, 85904
55.7514, 85904
55.7528, 85904
55.7542, 85904
55.7556, 85904
55.7572, 85688
55.7587, 85688
55.7603, 85688
55.7617, 85688
55.763, 85688
55.7642, 85688
55.7655, 85688
55.7668, 85688
55.768, 85688
55.7693, 85688
55.7705, 85688
55.7717, 85688
55.7728, 85688
55.774, 85904
55.784, 85472
55.7853, 85472
55.7865, 85472
55.7877, 85472
55.7889, 85472
55.79, 85472
55.7912, 85472
55.7924, 85472
55.7939, 85472
55.7959, 85472
55.7976, 85472
55.7993, 85472
55.801, 85472
55.8026, 85472
55.804, 85472
55.8054, 85472
55.8067, 85472
55.8079, 85472
55.8091, 85472
55.8103, 85472
55.8115, 85472
55.8127, 85472
55.8139, 85472
55.8152, 85472
55.8165, 85472
55.8177, 85472
55.8189, 85472
55.8201, 85472
55.8214, 85472
55.8226, 85472
55.8238, 85472
55.825, 85472
55.8263, 85472
55.8278, 85472
55.8293, 85472
55.8308, 85472
55.8322, 85472
55.8336, 85472
55.8349, 85472
55.8363, 85472
55.8375, 85472
55.8387, 85472
55.8399, 85472
55.8412, 85472
55.8424, 85688
55.8435, 85688
55.8447, 85688
55.8461, 85688
55.8476, 85688
55.8489, 85688
55.85, 85472
55.8512, 85472
55.8523, 85472
55.8535, 85472
55.8547, 85472
55.8561, 85472
55.8576, 85472
55.859, 85688
55.8604, 85688
55.8619, 85688
55.8635, 85688
55.8649, 85688
55.8663, 85688
55.8676, 85688
55.869, 85688
55.8704, 85688
55.8718, 85688
55.8732, 85688
55.8746, 85688
55.8759, 85688
55.8773, 85688
55.8787, 85688
55.88, 85688
55.8814, 85688
55.8829, 85688
55.8845, 85688
55.886, 85688
55.8875, 85688
55.889, 85688
55.8903, 85688
55.8915, 85688
55.8929, 85472
55.8943, 85472
55.8956, 85472
55.8969, 85472
55.8982, 85472
55.8996, 85472
55.901, 85472
55.9024, 85256
55.9038, 85256
55.9052, 85256
55.9065, 85256
55.9078, 85256
55.9092, 85256
55.9106, 85472
55.9121, 85472
55.9135, 85472
55.9149, 85472
55.9162, 85472
55.9175, 85472
55.9188, 85472
55.9202, 85472
55.9215, 85472
55.9228, 85472
55.9241, 85472
55.9255, 85472
55.9268, 85040
55.9282, 85040
55.9296, 85040
55.931, 85040
55.9324, 85040
55.9337, 85040
55.9352, 84824
55.9365, 84824
55.9377, 84824
55.9388, 84824
55.94, 84824
55.9412, 84824
55.9427, 84824
55.944, 84824
55.9454, 84824
55.9467, 84824
55.9481, 84824
55.9494, 84824
55.9507, 84824
55.952, 84824
55.9533, 85040
55.9546, 85040
55.956, 85040
55.9571, 85040
55.9583, 85040
55.9594, 85040
55.9605, 85040
55.9617, 84824
55.9628, 84824
55.964, 84824
55.9651, 84824
55.9663, 84824
55.9674, 84824
55.9686, 84824
55.9698, 84392
55.9712, 84392
55.9727, 84392
55.974, 84392
55.9783, 84608
55.9796, 84608
55.9807, 84608
55.9819, 84608
55.983, 84608
55.9842, 84608
55.9853, 84608
55.9864, 84608
55.9876, 84392
55.9887, 84392
55.9898, 84392
55.991, 84392
55.9921, 84392
55.9933, 84392
55.9944, 84392
55.9955, 84176
55.9967, 84176
55.9978, 84176
55.999, 84176
56.0001, 84176
56.0012, 84176
56.0024, 84176
56.0035, 84176
56.0046, 83960
56.0058, 83960
56.0069, 83960
56.0093, 83960
56.0124, 83960
56.0139, 83960
56.0153, 83960
56.0164, 83960
56.0176, 83960
56.0187, 83960
56.0199, 83960
56.021, 83960
56.0222, 83960
56.0233, 83960
56.0245, 83960
56.0256, 83960
56.0279, 83960
56.0295, 83744
56.031, 83744
56.0323, 83744
56.0336, 83744
56.0351, 83744
56.0364, 83744
56.0376, 83744
56.0388, 84176
56.0401, 84176
56.0413, 84176
56.0426, 84176
56.0438, 84176
56.0449, 84176
56.0461, 84176
56.0472, 84392
56.0483, 84392
56.0495, 84392
56.0506, 84392
56.0518, 84392
56.0529, 84392
56.0542, 84392
56.0555, 84176
56.0567, 84176
56.058, 84176
56.0594, 84176
56.0607, 84176
56.0618, 84176
56.063, 84176
56.0642, 84392
56.0653, 84392
56.0664, 84392
56.0676, 84392
56.0687, 84392
56.0699, 84392
56.0712, 84392
56.0727, 84176
56.0741, 84176
56.0754, 84176
56.0767, 84176
56.078, 84176
56.0793, 84176
56.0806, 84608
56.0819, 84608
56.0833, 84608
56.0845, 84608
56.0858, 84608
56.087, 84608
56.0882, 84608
56.0894, 84824
56.0906, 84824
56.0918, 84824
56.0929, 84824
56.0941, 84824
56.0952, 84824
56.0964, 84824
56.0975, 84392
56.0986, 84392
56.0998, 84392
56.1013, 84392
56.1026, 84392
56.1039, 84392
56.1053, 84392
56.1066, 84392
56.1079, 84392
56.1092, 84392
56.1103, 84392
56.1115, 84392
56.1127, 84392
56.1138, 84392
56.115, 84824
56.1161, 84824
56.1173, 84824
56.1184, 84824
56.1196, 84824
56.1208, 84824
56.1219, 84824
56.1231, 84824
56.1242, 84824
56.1254, 84824
56.1265, 84824
56.1277, 84824
56.1289, 84824
56.1301, 84824
56.1314, 84824
56.1325, 84824
56.1337, 84824
56.1349, 84824
56.1361, 84824
56.1373, 84824
56.1384, 84824
56.1396, 84824
56.1408, 85040
56.142, 85040
56.1433, 85040
56.1445, 85040
56.1457, 85040
56.1469, 85040
56.1481, 85040
56.1494, 85040
56.1506, 85040
56.1518, 85040
56.1529, 85040
56.1541, 85040
56.1553, 85040
56.1564, 85040
56.1576, 85040
56.1588, 85040
56.16, 85040
56.1612, 85040
56.1625, 85040
56.1639, 85040
56.1651, 85040
56.1663, 85040
56.1675, 85040
56.1686, 85040
56.1698, 85040
56.171, 85040
56.1723, 85040
56.1738, 85040
56.1752, 85040
56.1765, 85040
56.1778, 85040
56.179, 85040
56.1801, 85040
56.1813, 85040
56.1824, 85040
56.1836, 85040
56.1848, 85040
56.1859, 85040
56.1871, 85040
56.1884, 85040
56.1896, 85040
56.1908, 85040
56.192, 85040
56.1932, 85040
56.1945, 85040
56.1957, 85040
56.1969, 85040
56.198, 85040
56.1992, 85040
56.2005, 85040
56.2017, 85040
56.2028, 85040
56.2041, 85040
56.2055, 85040
56.2075, 85040
56.2091, 85040
56.2105, 85040
56.2119, 85040
56.2132, 85040
56.2144, 85040
56.2157, 85040
56.217, 85040
56.2183, 85040
56.2196, 85040
56.2209, 85040
56.2221, 85040
56.2234, 85040
56.2247, 85040
56.2261, 85040
56.2274, 85040
56.2286, 85040
56.2297, 85040
56.2309, 85040
56.232, 85040
56.2332, 85040
56.2343, 85040
56.2354, 85040
56.2366, 85040
56.2379, 85040
56.2391, 85040
56.2404, 85040
56.2416, 85040
56.2429, 85040
56.2442, 85040
56.2454, 85040
56.2465, 85040
56.2477, 85040
56.2489, 85040
56.25, 85040
56.2512, 84824
56.2524, 84824
56.2537, 84824
56.255, 84824
56.2562, 84824
56.2575, 84824
56.2587, 84824
56.26, 84824
56.2614, 84824
56.2625, 84824
56.2637, 84824
56.2648, 84824
56.266, 84824
56.2672, 84824
56.2683, 84824
56.2695, 84824
56.2707, 84824
56.2719, 84824
56.2733, 84824
56.2745, 84824
56.2757, 84824
56.2769, 84608
56.278, 84608
56.2792, 84608
56.2804, 84608
56.2816, 84608
56.2828, 84608
56.284, 84608
56.2852, 84608
56.2864, 84608
56.2875, 84608
56.2887, 84608
56.2899, 84608
56.2941, 84608
56.2954, 84608
56.2967, 84608
56.298, 84608
56.2993, 84608
56.3006, 84608
56.3019, 84608
56.3033, 84608
56.3047, 84608
56.3061, 84608
56.3074, 84608
56.3089, 84608
56.3102, 84608
56.3114, 84392
56.3126, 84392
56.3138, 84392
56.3151, 84392
56.3163, 84392
56.3174, 84392
56.3187, 84392
56.3198, 84392
56.321, 84392
56.3221, 84392
56.3233, 84392
56.3244, 84392
56.3256, 84392
56.3267, 84392
56.328, 84392
56.3293, 84392
56.3306, 84392
56.332, 84392
56.3335, 84392
56.3348, 84392
56.336, 84392
56.3373, 84608
56.3385, 84608
56.3399, 84608
56.3412, 84608
56.3427, 84608
56.3442, 84608
56.3458, 84608
56.3473, 84608
56.3487, 84608
56.3498, 84608
56.351, 84608
56.3521, 84608
56.3533, 84608
56.3544, 84608
56.3556, 84608
56.3569, 84608
56.3584, 84608
56.3598, 84608
56.3612, 84608
56.3627, 84608
56.3642, 84608
56.3657, 84608
56.3673, 84608
56.3687, 84608
56.3701, 84608
56.3715, 84392
56.3729, 84392
56.3741, 84392
56.3752, 84392
56.3764, 84392
56.3775, 84392
56.3789, 84176
56.3804, 84176
56.3819, 84176
56.3835, 84176
56.3849, 84176
56.3863, 84176
56.3878, 84392
56.3892, 84392
56.3907, 84392
56.3923, 84392
56.3937, 84392
56.3955, 84392
56.3969, 84608
56.3983, 84608
56.4004, 84608
56.4096, 84608
56.411, 84608
56.4124, 84608
56.4137, 84608
56.415, 84608
56.4165, 84608
56.4181, 84608
56.4216, 84608
56.4233, 84608
56.4248, 84608
56.4263, 84608
56.4277, 84608
56.4317, 84824
56.4333, 84824
56.4347, 84824
56.4362, 84824
56.4377, 84824
56.4464, 84824
56.4501, 84824
56.4517, 84824
56.4532, 84824
56.4547, 84824
56.4561, 84824
56.4575, 84824
56.459, 84824
56.4622, 84824
56.4637, 84824
56.4652, 84824
56.4669, 84824
56.4684, 84824
56.4699, 84824
56.4715, 84824
56.4731, 84824
56.4744, 84824
56.4758, 84824
56.4772, 84824
56.4821, 84824
56.4835, 84824
56.4849, 84824
56.4862, 84824
56.4876, 84824
56.489, 84824
56.4902, 85040
56.4913, 85040
56.4925, 85040
56.4937, 85040
56.4948, 85040
56.496, 85040
56.4973, 85040
56.4987, 85040
56.4999, 85040
56.501, 85040
56.5022, 85040
56.5033, 85040
56.5045, 85040
56.5056, 85040
56.5068, 85040
56.508, 85040
56.5092, 85040
56.5105, 85040
56.5119, 85040
56.5133, 85040
56.5145, 85040
56.5158, 84824
56.517, 84824
56.5182, 84824
56.5194, 84824
56.5207, 84824
56.5219, 84824
56.5231, 84824
56.5242, 84608
56.5255, 84608
56.5273, 84608
56.5288, 84608
56.5303, 84608
56.5317, 84608
56.5333, 84608
56.5347, 84608
56.5362, 84608
56.5377, 84608
56.5392, 84608
56.5408, 84608
56.5423, 84608
56.5438, 84608
56.5452, 84608
56.5465, 84608
56.5479, 84608
56.5492, 84608
56.5505, 84824
56.5519, 84824
56.5533, 84824
56.5549, 84824
56.5564, 84824
56.5579, 84824
56.5593, 84824
56.5608, 84824
56.5622, 84824
56.5634, 84824
56.5648, 84824
56.5662, 84824
56.5677, 84824
56.569, 84824
56.5703, 84824
56.5718, 84824
56.5731, 84824
56.5745, 84824
56.576, 84824
56.5775, 84824
56.5789, 84824
56.5805, 84824
56.5821, 84824
56.5835, 84824
56.5849, 85040
56.5861, 85040
56.5874, 85040
56.5887, 85040
56.5898, 85040
56.591, 85040
56.5923, 84608
56.5936, 84608
56.5947, 84608
56.5959, 84608
56.5973, 84608
56.5986, 84608
56.6, 84608
56.6012, 84608
56.6027, 84608
56.6041, 84608
56.6053, 84608
56.6066, 84608
56.6078, 84608
56.6093, 84824
56.6108, 84824
56.6124, 84824
56.614, 84824
56.6155, 84824
56.6169, 84824
56.6181, 84824
56.6193, 84824
56.6205, 84824
56.6219, 84824
56.6233, 84824
56.6246, 84824
56.6258, 84824
56.6269, 84824
56.6281, 84824
56.6292, 84824
56.6304, 84824
56.6315, 84824
56.6326, 84824
56.6338, 84824
56.6352, 84608
56.6366, 84608
56.638, 84608
56.6395, 84608
56.6409, 84608
56.6424, 84608
56.6438, 84608
56.6452, 84608
56.6465, 84608
56.6478, 84608
56.649, 84608
56.6501, 84608
56.6513, 84608
56.6524, 84608
56.6536, 84608
56.6548, 84608
56.656, 84608
56.6571, 84608
56.6583, 84608
56.6595, 84608
56.6606, 84608
56.6617, 84608
56.6629, 84608
56.6641, 84608
56.6652, 84608
56.6663, 84608
56.6675, 84608
56.6688, 84608
56.6701, 84608
56.6716, 84608
56.6729, 84608
56.6741, 84608
56.6752, 84608
56.6764, 84608
56.6775, 84608
56.6787, 84608
56.6799, 84608
56.6813, 84608
56.6833, 84608
56.6848, 84608
56.6862, 84824
56.6875, 84824
56.6888, 84824
56.6901, 84824
56.6914, 84824
56.6926, 84824
56.6938, 84824
56.695, 85256
56.6962, 85256
56.6973, 85256
56.6985, 85256
56.6997, 85256
56.7008, 85256
56.702, 85256
56.7034, 84824
56.7047, 84824
56.706, 84824
56.7073, 84824
56.7086, 84824
56.7097, 84824
56.7108, 84824
56.712, 85256
56.7131, 85256
56.7143, 85256
56.7157, 85256
56.7171, 85256
56.7185, 85256
56.7199, 85256
56.7213, 85472
56.7227, 85472
56.724, 85472
56.7252, 85472
56.7265, 85472
56.7278, 85472
56.7291, 85472
56.7303, 85472
56.7315, 85472
56.7326, 85472
56.7338, 85472
56.7349, 85472
56.7361, 85472
56.7372, 85472
56.7384, 85256
56.7395, 85256
56.7407, 85256
56.7418, 85256
56.743, 85256
56.7445, 85256
56.7462, 85040
56.748, 85040
56.7495, 85040
56.7516, 85040
56.7537, 85040
56.7553, 84824
56.7567, 84824
56.758, 84824
56.7593, 84824
56.7605, 84824
56.7617, 84824
56.7629, 84824
56.764, 84824
56.7652, 84824
56.7665, 84824
56.7677, 84824
56.7689, 84824
56.77, 84824
56.7712, 84824
56.7724, 85040
56.7736, 85040
56.7748, 85040
56.7761, 85040
56.7775, 85040
56.7789, 85040
56.7804, 85040
56.7819, 85040
56.7833, 85040
56.7847, 85040
56.7861, 85040
56.7876, 85040
56.7891, 85040
56.7906, 85040
56.7922, 85040
56.7938, 85040
56.7954, 85040
56.7969, 85040
56.7982, 85040
56.7996, 85040
56.801, 85040
56.8024, 85040
56.8037, 85040
56.8051, 85040
56.8064, 85040
56.8077, 85040
56.8091, 85040
56.8105, 85040
56.8119, 85040
56.8133, 85040
56.8147, 85040
56.8162, 85040
56.8178, 85040
56.8194, 85040
56.8208, 85040
56.8222, 85040
56.8236, 85040
56.8249, 85040
56.8261, 85040
56.8275, 85040
56.8289, 85040
56.8302, 85040
56.8317, 85040
56.8331, 85040
56.8345, 85040
56.8359, 85040
56.8373, 85040
56.8389, 85040
56.8404, 85040
56.842, 85040
56.8435, 85040
56.845, 85040
56.8464, 85040
56.8481, 85040
56.8496, 85040
56.8509, 85040
56.8523, 85040
56.8536, 85040
56.855, 85040
56.8564, 85040
56.8577, 84824
56.8589, 84824
56.8601, 84824
56.8613, 84824
56.8627, 84824
56.864, 84824
56.8653, 84824
56.8666, 84824
56.868, 84824
56.8694, 84824
56.8708, 84824
56.8724, 84824
56.8739, 85040
56.8756, 85040
56.8772, 85040
56.8788, 85040
56.8804, 85040
56.882, 85040
56.8836, 85040
56.8851, 85040
56.8866, 85040
56.888, 85040
56.8894, 85040
56.8908, 85040
56.8923, 85040
56.8936, 85040
56.8951, 85040
56.8966, 85040
56.8981, 85040
56.8996, 85256
56.9011, 85256
56.9026, 85256
56.9041, 85256
56.9057, 85256
56.9075, 85256
56.9091, 85256
56.9107, 85256
56.9123, 85256
56.9141, 85256
56.9154, 85256
56.9168, 85040
56.9181, 85040
56.9195, 85040
56.9208, 85040
56.9221, 85040
56.9236, 85040
56.9251, 85256
56.9264, 85256
56.9278, 85256
56.9291, 85256
56.9304, 85256
56.9319, 85256
56.9334, 85256
56.935, 85256
56.9366, 85256
56.9381, 85256
56.9399, 85256
56.9416, 85256
56.943, 85256
56.9444, 85256
56.9459, 85256
56.9473, 85256
56.9487, 85256
56.9501, 85256
56.9514, 85256
56.9529, 85256
56.9543, 85256
56.9556, 85256
56.957, 85256
56.9583, 85256
56.9597, 85256
56.9611, 85256
56.9625, 85256
56.9639, 85256
56.9653, 85256
56.9667, 85256
56.968, 85256
56.9695, 85256
56.971, 85256
56.9724, 85256
56.9739, 85256
56.9753, 85256
56.9767, 85256
56.978, 85256
56.9794, 85256
56.9807, 85256
56.982, 85256
56.9833, 85256
56.9847, 85256
56.986, 85256
56.9875, 85256
56.989, 85256
56.9905, 85256
56.9921, 85256
56.9936, 85040
56.9952, 85040
56.9966, 85040
56.9978, 85040
56.9994, 85040
57.0009, 85040
57.0024, 85040
57.0041, 85040
57.0056, 85040
57.0073, 85040
57.0092, 85040
57.0106, 84824
57.012, 84824
57.0134, 84824
57.0148, 84824
57.0161, 84824
57.0175, 84824
57.0186, 84824
57.0199, 85040
57.0212, 85040
57.0224, 85040
57.0236, 85040
57.0249, 85040
57.0262, 85040
57.0275, 85040
57.0287, 85040
57.03, 85040
57.0313, 85040
57.0327, 85040
57.034, 85040
57.0357, 85040
57.0376, 85040
57.0393, 85040
57.0409, 85040
57.0427, 85040
57.0441, 85040
57.0455, 85040
57.0469, 85040
57.0483, 85040
57.0497, 85040
57.0511, 85040
57.0524, 85040
57.0536, 85040
57.055, 85040
57.0564, 85040
57.0577, 85040
57.059, 85040
57.0604, 85040
57.0618, 85256
57.0633, 85256
57.0652, 85256
57.0667, 85256
57.0681, 85256
57.0696, 85256
57.0714, 85040
57.0728, 85040
57.0742, 85040
57.0756, 85040
57.0772, 85040
57.0786, 85040
57.0799, 85040
57.0811, 85040
57.0825, 85040
57.0839, 85040
57.0852, 85040
57.0866, 85040
57.088, 85040
57.0894, 85040
57.0908, 85040
57.0924, 85040
57.0938, 85040
57.0953, 85040
57.0967, 85256
57.098, 85256
57.0994, 85256
57.1008, 85256
57.1021, 85256
57.1035, 85256
57.1048, 85256
57.1061, 85256
57.1077, 85256
57.1092, 85256
57.1106, 85256
57.112, 85256
57.1133, 85256
57.1146, 85256
57.116, 85256
57.1174, 85256
57.1193, 85256
57.1207, 85256
57.1221, 85256
57.1237, 85256
57.1252, 85256
57.1267, 85256
57.1282, 85256
57.1296, 85256
57.1313, 85256
57.133, 85256
57.1344, 85256
57.1358, 85256
57.1372, 85256
57.1386, 85256
57.14, 85256
57.1413, 85256
57.1425, 85256
57.1439, 85256
57.1452, 85256
57.1465, 85256
57.1479, 85256
57.1492, 85256
57.1504, 85256
57.1515, 85256
57.1527, 85256
57.1538, 85256
57.155, 85256
57.1562, 85040
57.1575, 85040
57.1587, 85040
57.1599, 85040
57.161, 85040
57.1622, 85040
57.1637, 85040
57.1651, 84824
57.1663, 84824
57.1675, 84824
57.1687, 84824
57.1698, 84824
57.171, 84824
57.1722, 84824
57.1737, 84824
57.175, 84824
57.1764, 84824
57.1778, 84824
57.1792, 84824
57.1806, 84824
57.1819, 85040
57.1832, 85040
57.1845, 85040
57.1858, 85040
57.1871, 85040
57.1883, 85040
57.1895, 85040
57.1906, 85040
57.1918, 85040
57.1929, 85040
57.1941, 85040
57.1952, 85040
57.1963, 85040
57.1975, 85040
57.1986, 84608
57.1998, 84608
57.201, 84608
57.2023, 84608
57.2036, 84608
57.2049, 84608
57.2062, 84608
57.2075, 84608
57.2088, 84608
57.2102, 84608
57.2115, 84608
57.2127, 84608
57.2139, 84608
57.2151, 84608
57.2163, 84824
57.2175, 84824
57.2187, 84824
57.2199, 84824
57.2211, 84824
57.2223, 84824
57.2235, 84824
57.2247, 84824
57.2259, 84824
57.2272, 84824
57.2284, 84824
57.2297, 84824
57.2309, 84824
57.2322, 84824
57.2334, 84608
57.2346, 84608
57.2361, 84608
57.2407, 84608
57.2421, 84608
57.244, 84608
57.2491, 84608
57.2507, 84608
57.2521, 84608
57.2537, 84608
57.2558, 84608
57.2571, 84608
57.2583, 84176
57.2707, 83960
57.2851, 83744
57.2893, 83744
57.2998, 83744
57.3024, 83744
57.3047, 83744
57.3119, 83528
57.3186, 83528
57.3213, 83528
57.3248, 83528
57.3272, 83528
57.3285, 83528
57.3298, 83528
57.3321, 83312
57.3411, 83312
57.3505, 83096
57.3524, 83312
57.3536, 83312
57.3549, 83312
57.3561, 83312
57.3573, 83312
57.3586, 83312
57.3598, 83312
57.361, 83096
57.3624, 83096
57.3635, 83096
57.3647, 83096
57.367, 83096
57.3734, 83096
57.3757, 83096
57.3772, 83096
57.3793, 83096
57.3869, 83096
57.3891, 83096
57.3965, 83096
57.3991, 83096
57.403, 83096
57.4054, 83096
57.4071, 83096
57.4089, 83096
57.4114, 83096
57.4126, 83312
57.4138, 83312
57.4151, 83312
57.4164, 83312
57.4177, 83312
57.4189, 83312
57.4201, 83096
57.4214, 83096
57.4226, 83096
57.424, 83096
57.4294, 82880
57.4321, 82880
57.4337, 82880
57.4349, 82880
57.4362, 82880
57.4381, 82880
57.4411, 82880
57.4439, 82880
57.4459, 82664
57.4491, 82664
57.4503, 82664
57.4515, 82664
57.4527, 82664
57.4539, 82664
57.4552, 82664
57.4564, 82664
57.4576, 82664
57.459, 82664
57.4603, 82664
57.4615, 82664
57.4627, 82448
57.4639, 82448
57.4651, 82448
57.4663, 82448
57.4675, 82448
57.4688, 82448
57.47, 82448
57.4713, 82448
57.4725, 82448
57.4737, 82448
57.4749, 82448
57.4761, 82448
57.4773, 82448
57.4785, 82448
57.4797, 82448
57.4809, 82448
57.4821, 82448
57.4834, 82448
57.4846, 82448
57.4859, 82448
57.4872, 82448
57.4884, 82232
57.4896, 82232
57.4908, 82232
57.492, 82232
57.4932, 82232
57.4945, 82232
57.4957, 82232
57.4969, 82232
57.4982, 82232
57.4994, 82232
57.5007, 82232
57.5019, 82232
57.5032, 82232
57.5044, 82232
57.5056, 82232
57.5068, 82232
57.5081, 82232
57.5093, 82232
57.5105, 82232
57.5117, 82232
57.5129, 82232
57.514, 82016
57.5153, 82016
57.5165, 82016
57.5177, 82016
57.519, 82016
57.5202, 82016
57.5214, 82016
57.5225, 82016
57.5237, 82016
57.5249, 82016
57.5261, 82016
57.5275, 82016
57.5287, 82016
57.5299, 82016
57.531, 82016
57.5322, 82016
57.5333, 82016
57.5344, 82016
57.5355, 82016
57.5367, 82016
57.5379, 82016
57.539, 82016
57.5402, 82016
57.5414, 82016
57.5426, 82016
57.5438, 82016
57.5449, 82016
57.5461, 82016
57.5473, 82016
57.5484, 82232
57.5495, 82232
57.5507, 82232
57.5518, 82232
57.553, 82232
57.5542, 82232
57.5554, 82232
57.5565, 82232
57.5577, 82448
57.5589, 82448
57.56, 82448
57.5612, 82448
57.5623, 82448
57.5635, 82448
57.5646, 82448
57.5657, 82232
57.5669, 82232
57.5681, 82232
57.5692, 82232
57.5704, 82232
57.5715, 82232
57.5726, 82232
57.5738, 82448
57.5749, 82448
57.5761, 82448
57.5772, 82448
57.5783, 82448
57.5795, 82448
57.5806, 82448
57.5818, 82448
57.583, 82448
57.5841, 82448
57.5853, 82448
57.5864, 82448
57.5876, 82448
57.5889, 82448
57.5901, 82448
57.5913, 82448
57.5925, 82448
57.5937, 82448
57.5949, 82448
57.5961, 82448
57.5973, 82448
57.5985, 82448
57.5997, 82448
57.6008, 82448
57.6021, 82448
57.6032, 82448
57.6044, 82448
57.6056, 82448
57.6068, 82448
57.6081, 82232
57.6093, 82232
57.6106, 82232
57.6119, 82232
57.6131, 82232
57.6143, 82232
57.6156, 82232
57.6168, 82232
57.6181, 82232
57.6193, 82232
57.6206, 82232
57.6217, 82232
57.6229, 82232
57.6244, 82232
57.6256, 82016
57.6269, 82016
57.6281, 82016
57.6293, 82016
57.6305, 82016
57.6318, 82016
57.633, 82016
57.6342, 82016
57.6354, 82016
57.6366, 82016
57.6378, 82016
57.6389, 82016
57.6402, 82016
57.6415, 82016
57.6427, 82016
57.644, 82016
57.6453, 82016
57.6465, 82016
57.6478, 82016
57.649, 82016
57.6502, 82016
57.6514, 82016
57.6526, 82016
57.6538, 82016
57.655, 82016
57.6562, 82016
57.6574, 82016
57.6586, 82016
57.6603, 82016
57.6615, 82016
57.6627, 82016
57.6639, 82016
57.6651, 82016
57.6663, 82016
57.6675, 82016
57.6692, 82016
57.6706, 82016
57.672, 82016
57.6733, 82016
57.6748, 82016
57.6763, 82016
57.6776, 82016
57.6791, 82016
57.6806, 82016
57.6822, 82016
57.6846, 82016
57.689, 82016
57.6902, 82016
57.6914, 82016
57.6926, 82016
57.6937, 82232
57.695, 82232
57.6962, 82232
57.6973, 82232
57.6985, 82232
57.6997, 82232
57.7009, 82232
57.702, 82016
57.7033, 82016
57.7045, 82016
57.7058, 82016
57.7071, 82016
57.7083, 82016
57.7095, 82016
57.7107, 82448
57.7119, 82448
57.713, 82448
57.7141, 82448
57.7153, 82448
57.7164, 82448
57.7176, 82448
57.7188, 82664
57.7201, 82664
57.7213, 82664
57.7226, 82664
57.7238, 82664
57.7251, 82664
57.7263, 82664
57.7275, 82448
57.7288, 82448
57.7299, 82448
57.7311, 82448
57.7323, 82448
57.7334, 82448
57.7346, 82448
57.7358, 82448
57.7369, 82232
57.7381, 82232
57.7393, 82232
57.7404, 82232
57.7416, 82232
57.7427, 82232
57.7439, 82232
57.7451, 82232
57.7463, 82232
57.7475, 82232
57.7486, 82232
57.7497, 82232
57.7509, 82232
57.7521, 82232
57.7533, 81800
57.7544, 81800
57.7555, 81800
57.7567, 81800
57.7578, 81800
57.759, 81800
57.7602, 81800
57.7613, 81800
57.7625, 81800
57.7637, 81800
57.7648, 81800
57.766, 81800
57.7671, 81800
57.7683, 81800
57.7694, 81800
57.7706, 81584
57.7717, 81584
57.7729, 81584
57.7741, 81584
57.7752, 81584
57.7763, 81584
57.7774, 81584
57.7787, 81584
57.7798, 81584
57.7809, 81584
57.782, 81584
57.7831, 81584
57.7843, 81584
57.7855, 81584
57.7867, 81584
57.7878, 81368
57.789, 81368
57.7901, 81368
57.7913, 81368
57.7924, 81368
57.7935, 81368
57.7947, 81368
57.7958, 81584
57.7969, 81584
57.7984, 81584
57.7996, 81584
57.8007, 81584
57.8021, 81584
57.8032, 81584
57.8043, 81368
57.8054, 81368
57.8065, 81368
57.8076, 81368
57.8088, 81368
57.8099, 81368
57.811, 81368
57.8121, 81368
57.8132, 81368
57.8143, 81368
57.8154, 81368
57.8165, 81368
57.8176, 81368
57.8187, 81368
57.8198, 81368
57.821, 81368
57.8221, 81152
57.8232, 81152
57.8244, 81152
57.8257, 81152
57.8269, 81152
57.828, 81152
57.8292, 81152
57.8303, 81152
57.8315, 81152
57.8326, 81152
57.8338, 81152
57.8349, 81152
57.836, 81152
57.8413, 81368
57.8428, 81368
57.845, 81368
57.8468, 81584
57.8486, 81584
57.8509, 81584
57.8559, 82016
57.8587, 82016
57.8624, 82016
57.8642, 82232
57.8656, 82232
57.867, 82232
57.8684, 82232
57.8696, 82232
57.8707, 82232
57.872, 82232
57.8732, 82232
57.8745, 82232
57.8757, 82232
57.8769, 82232
57.878, 82232
57.8792, 82232
57.8804, 82232
57.8815, 82016
57.8827, 82016
57.8839, 82016
57.8852, 82016
57.8864, 82016
57.8877, 82016
57.8889, 82016
57.8901, 82016
57.8914, 82016
57.8926, 82016
57.8938, 82016
57.8952, 82016
57.8965, 82016
57.8977, 82016
57.899, 82016
57.9002, 82016
57.9014, 82016
57.9025, 82016
57.9037, 82016
57.9049, 82016
57.9061, 82016
57.9073, 81800
57.9085, 81800
57.9098, 81800
57.911, 81800
57.9122, 81800
57.9133, 81800
57.9146, 81800
57.9158, 82016
57.917, 82016
57.9182, 82016
57.9195, 82016
57.9207, 82016
57.9219, 82016
57.9232, 82016
57.9243, 81800
57.9255, 81800
57.9267, 81800
57.9279, 81800
57.9291, 81800
57.9303, 81800
57.9315, 81800
57.9326, 81800
57.9338, 81800
57.935, 81800
57.9362, 81800
57.9375, 81800
57.9387, 81800
57.9399, 81800
57.941, 81800
57.9422, 81800
57.9434, 81800
57.9447, 81800
57.946, 81800
57.9473, 81800
57.9486, 81800
57.9498, 81800
57.9511, 81800
57.9523, 81800
57.9534, 81800
57.9547, 81800
57.9559, 81800
57.9572, 81800
57.9584, 81800
57.9596, 81800
57.9608, 81800
57.962, 81800
57.9632, 81800
57.9644, 81800
57.9655, 81800
57.9697, 81800
57.9711, 81800
57.9749, 81800
57.9763, 81800
57.9778, 81800
57.9795, 81800
57.9809, 81800
57.9822, 81800
57.9836, 82016
57.9852, 82016
57.9865, 82016
57.9877, 82016
57.9891, 82016
57.9904, 82016
57.9916, 82016
57.9929, 81800
57.9941, 81800
57.9955, 81800
57.9968, 81800
57.9981, 81800
57.9994, 81800
58.0007, 81368
58.0019, 81368
58.0034, 81368
58.0047, 81368
58.006, 81368
58.0075, 81368
58.0088, 81368
58.0101, 81368
58.0114, 81368
58.0127, 81368
58.0166, 81368
58.0179, 81368
58.0206, 81368
58.022, 81368
58.0238, 81368
58.0251, 81368
58.0265, 81800
58.0278, 81800
58.0291, 81800
58.0304, 81800
58.0317, 81800
58.0329, 81800
58.0341, 81800
58.0353, 81800
58.0365, 81800
58.0376, 81800
58.0388, 81800
58.04, 81800
58.0412, 81800
58.0424, 81800
58.0436, 81584
58.0448, 81584
58.046, 81584
58.0472, 81584
58.0485, 81584
58.0497, 81584
58.0528, 81584
58.0543, 81584
58.0557, 81584
58.057, 81584
58.0582, 81584
58.0596, 81584
58.0609, 81800
58.0622, 81800
58.0722, 82016
58.0736, 82016
58.0748, 82016
58.076, 82016
58.0773, 82016
58.0785, 82016
58.0798, 82016
58.081, 82016
58.0822, 82016
58.0836, 82016
58.0848, 82016
58.086, 82232
58.0873, 82232
58.0885, 82232
58.0898, 82232
58.091, 82232
58.0923, 82232
58.0941, 82232
58.0954, 82016
58.0968, 82016
58.098, 82016
58.1007, 82016
58.102, 82016
58.1033, 82016
58.105, 82016
58.1088, 82016
58.1102, 82016
58.1129, 82016
58.1144, 82016
58.1157, 82016
58.1169, 82016
58.1181, 82016
58.1193, 82016
58.1205, 82232
58.1217, 82232
58.1257, 82232
58.127, 82232
58.1287, 82016
58.1332, 82016
58.1349, 82016
58.1361, 82016
58.1373, 82016
58.1388, 82016
58.1404, 82016
58.1419, 82016
58.1436, 82016
58.1451, 82016
58.1466, 82232
58.1482, 82232
58.1497, 82232
58.1514, 82232
58.1529, 82232
58.1543, 82016
58.1558, 82016
58.1571, 82016
58.1584, 82016
58.1596, 82016
58.1609, 82016
58.1627, 82016
58.1639, 82016
58.1652, 82016
58.1664, 82016
58.1678, 82016
58.1693, 82016
58.1706, 82016
58.1719, 82016
58.1732, 82016
58.1747, 82016
58.176, 82016
58.1772, 82016
58.1784, 82016
58.1797, 82016
58.1809, 82016
58.1821, 82016
58.1833, 82016
58.1845, 82016
58.1858, 82016
58.187, 82016
58.1882, 81800
58.1895, 81800
58.1907, 81800
58.1921, 81800
58.1933, 81800
58.1946, 81800
58.196, 81800
58.1973, 81800
58.1985, 81800
58.1998, 81800
58.2011, 81800
58.2024, 81800
58.2037, 81800
58.205, 81800
58.2063, 81800
58.2076, 81800
58.2088, 81800
58.2101, 81800
58.2113, 81800
58.2125, 81800
58.2138, 81800
58.215, 81800
58.2163, 81800
58.2175, 81800
58.2188, 81800
58.2201, 81800
58.2213, 81800
58.2225, 81800
58.2238, 81800
58.225, 81800
58.2262, 81800
58.2273, 81800
58.2285, 81800
58.2296, 81800
58.2308, 81584
58.2319, 81584
58.2331, 81584
58.2342, 81584
58.2354, 81584
58.2366, 81584
58.2378, 81584
58.2389, 81584
58.2401, 81584
58.2412, 81584
58.2424, 81584
58.2435, 81584
58.2447, 81584
58.2458, 81584
58.247, 81584
58.2481, 81584
58.2493, 81584
58.2504, 81584
58.2516, 81584
58.2528, 81584
58.2539, 81584
58.2551, 81584
58.2563, 81584
58.2575, 81368
58.2586, 81368
58.2598, 81368
58.2609, 81368
58.2621, 81368
58.2632, 81368
58.2644, 81368
58.2655, 81368
58.2667, 81368
58.2679, 81368
58.269, 81368
58.2702, 81368
58.2713, 81368
58.2725, 81368
58.2736, 81368
58.2748, 81368
58.2759, 81368
58.2771, 81368
58.2782, 81368
58.2794, 81368
58.2805, 81368
58.2817, 81368
58.2828, 81368
58.284, 81368
58.2852, 81368
58.2863, 81368
58.2875, 81368
58.2886, 81368
58.2897, 81368
58.2909, 81152
58.292, 81152
58.2932, 81152
58.2943, 81152
58.2955, 81152
58.2966, 81152
58.2978, 81152
58.2989, 81152
58.3, 81152
58.3012, 81152
58.3023, 81152
58.3035, 81152
58.3046, 81152
58.3058, 81152
58.3069, 81152
58.3081, 81152
58.3092, 81152
58.3103, 81152
58.3115, 81152
58.3126, 81152
58.3138, 81152
58.3149, 81152
58.3161, 81152
58.3172, 81152
58.3184, 81152
58.3195, 81152
58.3207, 81152
58.3218, 81152
58.323, 81152
58.3242, 81152
58.3253, 81152
58.3265, 81152
58.3276, 81152
58.3288, 81152
58.3299, 81152
58.3311, 81152
58.3323, 81152
58.3334, 80936
58.3346, 80936
58.3358, 80936
58.3369, 80936
58.3381, 80936
58.3392, 80936
58.3404, 80936
58.3415, 80936
58.3427, 81152
58.3438, 81152
58.345, 81152
58.3461, 81152
58.3473, 81152
58.3484, 81152
58.3496, 81152
58.3507, 80936
58.3518, 80936
58.353, 80936
58.3541, 80936
58.3553, 80936
58.3564, 80936
58.3576, 80936
58.3588, 81152
58.3599, 81152
58.3611, 81152
58.3623, 81152
58.3634, 81152
58.3645, 81152
58.3657, 81152
58.3668, 81152
58.368, 80936
58.3691, 80936
58.3703, 80936
58.3714, 80936
58.3726, 80936
58.3737, 80936
58.3749, 80936
58.376, 80936
58.3772, 80936
58.3783, 80936
58.3795, 80936
58.3806, 80936
58.3818, 80936
58.3829, 80936
58.3841, 80936
58.3852, 81152
58.3864, 81152
58.3876, 81152
58.3887, 81152
58.3899, 81152
58.391, 81152
58.3921, 81152
58.3933, 80936
58.3944, 80936
58.3956, 80936
58.3967, 80936
58.3979, 80936
58.399, 80936
58.4002, 80936
58.4013, 80936
58.4024, 80936
58.4036, 80936
58.4047, 80936
58.4059, 80936
58.407, 80936
58.4082, 80936
58.4093, 80936
58.4104, 80936
58.4116, 80936
58.4127, 80936
58.4139, 80936
58.415, 80936
58.4162, 80936
58.4173, 80936
58.4184, 80936
58.4196, 80936
58.4207, 80936
58.4219, 80936
58.423, 80936
58.4242, 80936
58.4253, 80936
58.446, 81152
58.4579, 81152
58.4593, 81152
58.4605, 81152
58.4617, 81152
58.4629, 81152
58.4642, 81152
58.4654, 81152
58.4667, 81152
58.468, 81152
58.4693, 81152
58.4706, 81152
58.4719, 81152
58.4732, 81152
58.4744, 81152
58.4757, 81152
58.4769, 81152
58.4781, 81152
58.4794, 81152
58.4806, 81152
58.4818, 81152
58.483, 81152
58.4842, 81152
58.4854, 81152
58.4866, 81152
58.4878, 81152
58.489, 81152
58.4903, 81152
58.4915, 81152
58.4927, 81152
58.4939, 81152
58.4951, 81152
58.4964, 81152
58.4976, 81152
58.4988, 81152
58.5, 81152
58.5012, 81152
58.5024, 81152
58.5036, 81152
58.5048, 81152
58.506, 81152
58.5073, 81152
58.5085, 81152
58.5097, 81152
58.5108, 81152
58.5121, 81152
58.5132, 81152
58.5144, 81152
58.5156, 81152
58.5168, 81152
58.518, 81152
58.5195, 81152
58.5208, 81368
58.5221, 81368
58.5233, 81368
58.5245, 81368
58.5257, 81368
58.5268, 81368
58.528, 81368
58.5292, 81368
58.5304, 81152
58.5315, 81152
58.5327, 81152
58.5338, 81152
58.535, 81152
58.5362, 81152
58.5374, 81152
58.5386, 81152
58.5398, 81152
58.541, 81152
58.5422, 81152
58.5436, 81152
58.5453, 81152
58.5469, 80936
58.5485, 80936
58.5501, 80936
58.5518, 80936
58.5534, 80936
58.555, 81152
58.5568, 81152
58.5582, 81152
58.5596, 81152
58.561, 81152
58.5624, 81152
58.5638, 81152
58.5651, 81152
58.5664, 81152
58.5678, 81152
58.5691, 81152
58.5705, 81152
58.5718, 81152
58.5731, 81152
58.5743, 81152
58.5756, 81152
58.5768, 81152
58.5781, 81152
58.5794, 81152
58.5807, 81152
58.582, 81152
58.5835, 81152
58.585, 81152
58.5863, 81152
58.5877, 81152
58.5891, 81152
58.5904, 81152
58.5917, 81152
58.5931, 81152
58.5945, 81152
58.5959, 81152
58.5973, 81152
58.5987, 81152
58.6001, 81152
58.6015, 81152
58.6028, 81152
58.6042, 81152
58.6055, 81152
58.6068, 81152
58.6083, 81152
58.6096, 81152
58.611, 81152
58.6124, 81152
58.6137, 81152
58.615, 81152
58.6163, 81152
58.6176, 81152
58.619, 81152
58.6202, 81152
58.6215, 81152
58.6227, 81152
58.624, 81152
58.6253, 81152
58.6266, 81152
58.6278, 81152
58.6291, 81152
58.6303, 81152
58.6316, 81152
58.6328, 81152
58.6341, 81152
58.6353, 81152
58.6366, 81152
58.6378, 81152
58.639, 81152
58.6403, 81152
58.6416, 81152
58.6428, 81152
58.6441, 81152
58.6453, 81152
58.6466, 81152
58.6479, 81152
58.6491, 81152
58.6503, 81152
58.6516, 81152
58.653, 81152
58.6543, 81152
58.6557, 81152
58.657, 81152
58.6583, 81152
58.6597, 81152
58.661, 81152
58.6623, 81152
58.6636, 81152
58.6649, 81152
58.6662, 81152
58.6676, 81152
58.6688, 81152
58.6701, 81152
58.6715, 81152
58.6728, 81152
58.6741, 81152
58.6754, 80936
58.6766, 80936
58.6778, 80936
58.6789, 80936
58.6801, 80936
58.6812, 80936
58.6824, 80936
58.6836, 80936
58.6848, 80936
58.6861, 80936
58.6874, 80936
58.6886, 80936
58.6897, 80936
58.6909, 80936
58.692, 80936
58.6932, 80936
58.6943, 80936
58.6955, 80936
58.6967, 80936
58.6978, 80936
58.699, 80936
58.7001, 80720
58.7013, 80720
58.7024, 80720
58.7035, 80720
58.7047, 80720
58.7059, 80720
58.707, 80720
58.7082, 80720
58.7093, 80720
58.7105, 80720
58.7116, 80720
58.7128, 80720
58.7139, 80720
58.7151, 80720
58.7163, 80720
58.7174, 80504
58.7186, 80504
58.7197, 80504
58.7209, 80504
58.722, 80504
58.7232, 80504
58.7243, 80504
58.7255, 80504
58.7266, 80288
58.7278, 80288
58.7289, 80288
58.7301, 80288
58.7312, 80288
58.7324, 80288
58.7336, 80288
58.7347, 80288
58.7361, 80288
58.7373, 80288
58.7385, 80288
58.7396, 80288
58.7408, 80288
58.742, 80288
58.7432, 80288
58.7443, 80288
58.7455, 80288
58.7466, 80288
58.7478, 80288
58.7489, 80288
58.7501, 80288
58.7512, 80288
58.7524, 80288
58.7536, 80288
58.7547, 80288
58.7559, 80288
58.757, 80288
58.7581, 80288
58.7593, 80288
58.7604, 80288
58.7615, 80288
58.7627, 80288
58.7638, 80288
58.765, 80288
58.7661, 80288
58.7673, 80288
58.7684, 80288
58.7695, 80288
58.7707, 80288
58.7718, 80288
58.7729, 80288
58.7741, 80288
58.7752, 80288
58.7764, 80288
58.7775, 80288
58.7787, 80288
58.7798, 80288
58.7809, 80288
58.7821, 80288
58.7832, 80288
58.7844, 80288
58.7855, 80288
58.7866, 80288
58.7878, 80288
58.7889, 80288
58.7901, 80288
58.7912, 80288
58.7923, 80288
58.7935, 80288
58.7946, 80288
58.7958, 80288
58.7969, 80288
58.798, 80288
58.7992, 80288
58.8004, 80288
58.8016, 80288
58.8028, 80288
58.8039, 80288
58.8051, 80288
58.8062, 80288
58.8074, 80288
58.8085, 80288
58.8097, 80288
58.8108, 80288
58.812, 80288
58.8131, 80288
58.8142, 80288
58.8154, 80288
58.8165, 80288
58.8177, 80288
58.8188, 80288
58.82, 80288
58.8212, 80288
58.8224, 80288
58.8236, 80288
58.8248, 80288
58.8259, 80288
58.8271, 80288
58.8284, 80288
58.8295, 80288
58.8307, 80288
58.8318, 80288
58.833, 80288
58.8342, 80288
58.8353, 80288
58.8365, 80288
58.8376, 80504
58.8388, 80504
58.84, 80504
58.8412, 80504
58.8423, 80504
58.8435, 80504
58.8446, 80504
58.8457, 80288
58.8469, 80288
58.848, 80288
58.8492, 80288
58.8503, 80288
58.8515, 80288
58.8526, 80288
58.8538, 80288
58.8549, 80288
58.856, 80288
58.8572, 80288
58.8583, 80288
58.8595, 80288
58.8606, 80288
58.8618, 80288
58.8629, 80072
58.8641, 80072
58.8652, 80072
58.8664, 80072
58.8675, 80072
58.8687, 80072
58.8698, 80072
58.871, 80072
58.8721, 80072
58.8733, 80072
58.8744, 80072
58.8756, 80072
58.8767, 80072
58.8779, 80072
58.879, 80072
58.8802, 80072
58.8813, 80072
58.8825, 80072
58.8836, 80072
58.8848, 80072
58.8859, 80072
58.8871, 80072
58.8882, 80072
58.8894, 80072
58.8905, 80072
58.8917, 80072
58.8928, 80072
58.8939, 80072
58.8952, 80072
58.8963, 80072
58.8975, 80072
58.8986, 80072
58.8998, 80072
58.9009, 80072
58.9021, 80072
58.9032, 80072
58.9043, 80072
58.9055, 80072
58.9066, 80072
58.9078, 80072
58.9089, 80072
58.9101, 80072
58.9112, 80072
58.9123, 80072
58.9135, 80072
58.9146, 80072
58.9158, 80072
58.9169, 80072
58.9181, 80072
58.9192, 80072
58.9204, 80072
58.9215, 80072
58.9226, 80072
58.9238, 80072
58.9249, 80072
58.9261, 80072
58.9272, 80072
58.9284, 80072
58.9295, 80072
58.9306, 80072
58.9318, 80072
58.9329, 80072
58.9341, 80072
58.9352, 80072
58.9363, 80072
58.9375, 80072
58.9386, 80072
58.9398, 79856
58.9409, 79856
58.942, 79856
58.9432, 79856
58.9443, 79856
58.9455, 79856
58.9466, 79856
58.9478, 79856
58.9489, 79856
58.95, 79856
58.9511, 79856
58.9523, 79856
58.9534, 79856
58.9546, 79856
58.9558, 79856
58.9569, 80072
58.9581, 80072
58.9592, 80072
58.9603, 80072
58.9615, 80072
58.9626, 80072
58.9638, 80072
58.9649, 79856
58.9661, 79856
58.9672, 79856
58.9684, 79856
58.9695, 79856
58.9707, 79856
58.9718, 79856
58.973, 79856
58.9741, 79856
58.9752, 79856
58.9764, 79856
58.99, 80072
58.9981, 80072
59.0048, 80288
59.0063, 80288
59.0074, 80288
59.0086, 80288
59.0098, 80288
59.0109, 80288
59.0121, 80288
59.0133, 80288
59.0144, 80288
59.0157, 80288
59.0169, 80504
59.0257, 80720
59.0275, 80720
59.0289, 80720
59.0302, 80720
59.0316, 80720
59.033, 80720
59.0343, 80720
59.0357, 80720
59.0371, 80720
59.0384, 80720
59.0396, 80720
59.0408, 80720
59.042, 80720
59.0432, 80720
59.0444, 80720
59.0455, 80720
59.0467, 80720
59.048, 80720
59.0493, 80720
59.0505, 80720
59.0518, 80720
59.0531, 80720
59.0544, 80720
59.0557, 80720
59.057, 80720
59.0583, 80720
59.0595, 80720
59.0607, 80720
59.062, 80720
59.0633, 80720
59.0646, 80720
59.0659, 80720
59.0673, 80720
59.0685, 80720
59.0698, 80720
59.0711, 80720
59.0724, 80720
59.0736, 80720
59.0748, 80720
59.0766, 80720
59.0779, 80720
59.0792, 80720
59.0805, 80720
59.0817, 80720
59.083, 80720
59.0843, 80936
59.0855, 80936
59.1054, 80720
59.1075, 80720
59.1089, 80720
59.1102, 80936
59.1115, 80936
59.1127, 80936
59.1141, 80936
59.1154, 80936
59.1167, 80936
59.118, 80936
59.1194, 80936
59.1207, 80936
59.1221, 80936
59.1234, 80936
59.1247, 80936
59.1259, 80936
59.1271, 80936
59.1282, 80936
59.1294, 80936
59.1305, 80936
59.1317, 80936
59.1328, 80936
59.1339, 80936
59.135, 80936
59.1362, 80720
59.1374, 80720
59.1385, 80720
59.1397, 80720
59.1408, 80720
59.142, 80720
59.1431, 80720
59.1442, 80504
59.1454, 80504
59.1465, 80504
59.1477, 80504
59.1488, 80504
59.15, 80504
59.1511, 80504
59.1522, 80504
59.1534, 80504
59.1545, 80504
59.1557, 80504
59.1568, 80504
59.1579, 80504
59.159, 80504
59.1602, 80504
59.1613, 80504
59.1625, 80504
59.1636, 80504
59.1649, 80504
59.1661, 80504
59.1673, 80504
59.1684, 80504
59.1696, 80288
59.1707, 80288
59.1719, 80288
59.1731, 80288
59.1742, 80288
59.1754, 80288
59.1765, 80288
59.1777, 80288
59.1788, 80504
59.18, 80504
59.1811, 80504
59.1823, 80504
59.1834, 80504
59.1846, 80504
59.1857, 80504
59.1868, 80504
59.188, 80504
59.1891, 80504
59.1902, 80504
59.1914, 80504
59.1925, 80504
59.1937, 80504
59.1948, 80504
59.196, 80288
59.1971, 80288
59.1982, 80288
59.1994, 80288
59.2005, 80288
59.2017, 80288
59.2028, 80288
59.204, 80072
59.2051, 80072
59.2063, 80072
59.2074, 80072
59.2086, 80072
59.2097, 80072
59.2108, 80072
59.212, 80072
59.2131, 80072
59.2142, 80072
59.2154, 80072
59.2165, 80072
59.2176, 80072
59.2188, 80072
59.2199, 80072
59.221, 80072
59.2222, 80072
59.2233, 80072
59.2245, 80072
59.2256, 80072
59.2267, 80072
59.2279, 80072
59.229, 80072
59.2301, 80072
59.2313, 80072
59.2324, 80072
59.2335, 80072
59.2347, 80072
59.2358, 80072
59.2369, 80072
59.2381, 80072
59.2392, 80072
59.2403, 80072
59.2415, 80072
59.2426, 80072
59.2438, 80072
59.2449, 80072
59.246, 80072
59.2471, 80072
59.2483, 80072
59.2494, 80072
59.2506, 80072
59.2517, 80072
59.2528, 80072
59.254, 80072
59.2551, 80072
59.2563, 80072
59.2574, 80072
59.2585, 80072
59.2597, 80072
59.2608, 80072
59.2619, 80072
59.2631, 80072
59.2643, 80072
59.2654, 80072
59.2665, 80072
59.2677, 80072
59.2688, 80072
59.2699, 80072
59.2711, 80072
59.2722, 79856
59.2734, 79856
59.2745, 79856
59.2756, 79856
59.2768, 79856
59.2779, 79856
59.2791, 79856
59.2802, 79856
59.2814, 79856
59.2825, 79856
59.2836, 79856
59.2848, 79856
59.2859, 79856
59.287, 79856
59.2882, 79856
59.2893, 79856
59.2904, 79856
59.2916, 79856
59.2927, 79856
59.2938, 79856
59.295, 79856
59.2961, 79856
59.2973, 79856
59.2984, 79856
59.2995, 79856
59.3007, 79856
59.3018, 79856
59.3029, 79856
59.3041, 79856
59.3052, 79856
59.3063, 79856
59.3075, 79856
59.3086, 79856
59.3097, 79856
59.3108, 79856
59.312, 79856
59.3131, 79856
59.3142, 79856
59.3154, 79856
59.3165, 79856
59.3176, 79856
59.3188, 79856
59.3199, 79856
59.3211, 79856
59.3222, 79856
59.3233, 79856
59.3245, 79856
59.3256, 79856
59.3267, 79856
59.3279, 79856
59.329, 79856
59.3301, 79856
59.3313, 79856
59.3324, 79856
59.3336, 79856
59.3347, 79856
59.3359, 79856
59.337, 79856
59.3381, 79856
59.3393, 79856
59.3404, 79856
59.3415, 79856
59.3427, 79856
59.3438, 79856
59.345, 79856
59.3461, 79856
59.3472, 79856
59.3484, 79856
59.3495, 79856
59.3506, 79856
59.3518, 79856
59.3529, 79856
59.3541, 79856
59.3552, 79856
59.3563, 79856
59.3575, 79856
59.3586, 79856
59.3597, 79856
59.3609, 79856
59.362, 79856
59.3632, 79856
59.3643, 79856
59.3654, 79856
59.3666, 79640
59.3677, 79640
59.3688, 79640
59.37, 79640
59.3711, 79640
59.3722, 79640
59.3734, 79640
59.3745, 79640
59.3756, 79640
59.3768, 79640
59.3779, 79640
59.3791, 79640
59.3802, 79640
59.3814, 79640
59.3825, 79640
59.3836, 79640
59.3848, 79640
59.3859, 79640
59.387, 79640
59.3882, 79640
59.3893, 79640
59.3904, 79640
59.3916, 79640
59.3927, 79640
59.3938, 79640
59.395, 79640
59.3961, 79640
59.3972, 79640
59.3984, 79640
59.3995, 79640
59.4007, 79640
59.4018, 79640
59.4029, 79640
59.4041, 79640
59.4052, 79640
59.4064, 79640
59.4075, 79640
59.4087, 79640
59.4098, 79640
59.411, 79640
59.4121, 79640
59.4132, 79640
59.4144, 79640
59.4155, 79640
59.4167, 79640
59.4178, 79640
59.4189, 79640
59.4201, 79640
59.4212, 79640
59.4223, 79640
59.4235, 79640
59.4246, 79640
59.4257, 79640
59.4269, 79640
59.428, 79640
59.4292, 79640
59.4303, 79640
59.4315, 79640
59.4326, 79640
59.4337, 79640
59.4349, 79640
59.436, 79640
59.4371, 79640
59.4383, 79640
59.4394, 79640
59.4405, 79640
59.4417, 79640
59.4428, 79640
59.444, 79640
59.4451, 79640
59.4463, 79640
59.4474, 79640
59.4485, 79640
59.4497, 79640
59.4508, 79640
59.4519, 79640
59.4531, 79640
59.4542, 79640
59.4553, 79640
59.4565, 79640
59.4576, 79640
59.4588, 79640
59.4599, 79640
59.461, 79640
59.4622, 79640
59.4633, 79640
59.4644, 79640
59.4656, 79640
59.4667, 79640
59.4678, 79640
59.469, 79640
59.4701, 79640
59.4712, 79640
59.4724, 79640
59.4735, 79640
59.4746, 79640
59.4758, 79640
59.4769, 79640
59.478, 79640
59.4791, 79640
59.4803, 79640
59.4814, 79640
59.4826, 79640
59.4837, 79640
59.4848, 79640
59.486, 79640
59.4871, 79640
59.4883, 79640
59.4894, 79640
59.4905, 79640
59.4918, 79640
59.493, 79640
59.4941, 79640
59.4953, 79640
59.4964, 79640
59.4975, 79640
59.4987, 79640
59.4998, 79640
59.5009, 79640
59.5021, 79640
59.5032, 79640
59.5044, 79640
59.5055, 79640
59.5066, 79640
59.5078, 79640
59.5089, 79640
59.5101, 79640
59.5112, 79640
59.5123, 79640
59.5135, 79640
59.5146, 79640
59.5157, 79640
59.5169, 79640
59.518, 79640
59.5191, 79640
59.5203, 79424
59.5214, 79424
59.5226, 79424
59.5237, 79424
59.5248, 79424
59.526, 79424
59.5272, 79424
59.5283, 79424
59.5294, 79424
59.5306, 79424
59.5317, 79424
59.5329, 79424
59.5341, 79424
59.5352, 79424
59.5363, 79424
59.5375, 79640
59.5386, 79640
59.5398, 79640
59.5409, 79640
59.5421, 79640
59.558, 79856
59.5593, 79856
59.5606, 79856
59.5618, 79856
59.563, 79856
59.5643, 79856
59.5655, 79856
59.5667, 79856
59.5679, 79856
59.5691, 79856
59.5703, 79856
59.5715, 80072
59.5727, 80072
59.5739, 80072
59.5752, 80072
59.5765, 80072
59.5777, 80072
59.579, 80288
59.5803, 80288
59.5816, 80288
59.5829, 80288
59.5842, 80288
59.5854, 80288
59.5867, 80288
59.5879, 80504
59.5892, 80504
59.5906, 80504
59.5918, 80504
59.5931, 80504
59.5943, 80504
59.5954, 80504
59.5966, 80504
59.5978, 80504
59.5989, 80504
59.6001, 80504
59.6012, 80504
59.6023, 80504
59.6035, 80504
59.6046, 80504
59.6057, 80288
59.6069, 80288
59.608, 80288
59.6092, 80288
59.6103, 80288
59.6115, 80288
59.6126, 80288
59.614, 80288
59.6153, 80288
59.6166, 80288
59.6179, 80288
59.6192, 80288
59.6204, 80288
59.6215, 80288
59.6227, 80504
59.6238, 80504
59.625, 80504
59.6261, 80504
59.6273, 80504
59.6285, 80504
59.6296, 80504
59.6308, 80936
59.632, 80936
59.6331, 80936
59.6343, 80936
59.6356, 80936
59.6368, 80936
59.638, 80936
59.6392, 80936
59.6406, 80936
59.6419, 80936
59.6432, 80936
59.6445, 80936
59.6457, 80936
59.6469, 80936
59.6482, 81368
59.6494, 81368
59.6506, 81368
59.6519, 81368
59.6533, 81368
59.6546, 81368
59.6559, 81368
59.6571, 81368
59.6584, 81368
59.6596, 81368
59.6608, 81368
59.6619, 81368
59.6631, 81368
59.6645, 81584
59.6657, 81584
59.667, 81584
59.6682, 81584
59.6694, 81584
59.6707, 81584
59.6719, 81584
59.6733, 81368
59.6746, 81368
59.6759, 81368
59.6774, 81368
59.6788, 81368
59.6803, 81368
59.6818, 81584
59.6834, 81584
59.6849, 81584
59.6863, 81584
59.6879, 81584
59.6894, 81584
59.6908, 81584
59.6922, 81584
59.6936, 81584
59.6949, 81584
59.6962, 81584
59.6975, 81584
59.6988, 81800
59.7, 81800
59.7013, 81800
59.7025, 81800
59.7037, 81800
59.705, 81800
59.7062, 81800
59.7074, 81800
59.7087, 81800
59.7099, 81800
59.7112, 81800
59.7125, 81800
59.7138, 81800
59.715, 81800
59.7163, 81800
59.7175, 81800
59.7187, 81800
59.72, 81800
59.7212, 81800
59.7224, 81800
59.7237, 81800
59.7249, 81800
59.7262, 81800
59.7274, 81800
59.7287, 81800
59.7299, 81800
59.7312, 81800
59.7324, 81800
59.7337, 81800
59.7349, 81800
59.7362, 81800
59.7374, 81800
59.7385, 81800
59.7397, 81800
59.7411, 81584
59.7424, 81584
59.7437, 81584
59.7451, 81584
59.7463, 81584
59.7476, 81584
59.7489, 81584
59.7501, 81800
59.7513, 81800
59.7526, 81800
59.7538, 81800
59.7551, 81800
59.7564, 81800
59.7577, 81800
59.759, 81800
59.7602, 81800
59.7615, 81800
59.7627, 81800
59.776, 82016
59.7775, 82016
59.7789, 82016
59.7802, 82016
59.7815, 82016
59.7827, 82016
59.784, 82016
59.7852, 82016
59.7865, 82016
59.7877, 82016
59.789, 82016
59.7902, 82016
59.7915, 82016
59.7927, 81800
59.7939, 81800
59.7953, 81800
59.7965, 81800
59.7977, 81800
59.799, 81800
59.8002, 81800
59.8015, 82016
59.8027, 82016
59.8039, 82016
59.8052, 82016
59.8064, 82016
59.8076, 82016
59.8089, 82016
59.8101, 82016
59.8114, 82016
59.8126, 82016
59.8139, 82016
59.8152, 82016
59.8165, 82016
59.8178, 82016
59.8191, 82016
59.8204, 82016
59.8219, 82016
59.8234, 82016
59.8248, 82016
59.8264, 82016
59.8278, 82016
59.8291, 82016
59.8304, 82016
59.8318, 82016
59.8331, 82016
59.8343, 82016
59.8356, 82016
59.8368, 82016
59.8381, 82016
59.8393, 82016
59.8405, 82016
59.8418, 82016
59.843, 82016
59.8443, 82232
59.8455, 82232
59.847, 82232
59.8484, 82232
59.8621, 82232
59.8635, 82232
59.865, 82232
59.8663, 82232
59.8676, 82232
59.8688, 82232
59.8701, 82232
59.8713, 82232
59.8725, 82232
59.8738, 82232
59.875, 82232
59.8762, 82232
59.8775, 82232
59.8787, 82232
59.88, 82232
59.8812, 82232
59.8824, 82232
59.8837, 82232
59.8849, 82232
59.8861, 82232
59.8874, 82232
59.8886, 82232
59.8898, 82232
59.8912, 82232
59.8924, 82232
59.8937, 82232
59.8949, 82232
59.8962, 82232
59.8975, 82232
59.8988, 82232
59.9001, 82232
59.9014, 82232
59.9027, 82232
59.904, 82232
59.9053, 82232
59.9066, 82232
59.908, 82232
59.9094, 82232
59.9109, 82232
59.9125, 82232
59.9141, 82232
59.9158, 82232
59.9174, 82232
59.9189, 82232
59.9204, 82232
59.9219, 82232
59.9233, 82232
59.9246, 82232
59.9259, 82232
59.9273, 82232
59.9285, 82232
59.9298, 82232
59.9311, 82232
59.9323, 82232
59.9335, 82232
59.9348, 82232
59.9361, 82232
59.9373, 82232
59.9387, 82448
59.9403, 82448
59.9417, 82448
59.9434, 82448
59.945, 82448
59.9464, 82232
59.9479, 82232
59.9492, 82232
59.9504, 82232
59.9517, 82232
59.9529, 82232
59.9541, 82232
59.9554, 82448
59.9566, 82448
59.9578, 82448
59.9591, 82448
59.9604, 82448
59.9616, 82448
59.9629, 82448
59.9645, 82448
59.9658, 82448
59.9671, 82448
59.9686, 82448
59.9701, 82448
59.9716, 82448
59.973, 82448
59.9745, 82448
59.9759, 82448
59.9774, 82448
59.9789, 82448
59.9803, 82448
59.9817, 82448
59.9832, 82448
59.9849, 82448
59.9862, 82448
59.9874, 82448
59.9887, 82448
59.9899, 82448
59.9912, 82448
59.9925, 82448
59.9937, 82448
59.9949, 82448
59.9962, 82448
59.9974, 82664
59.9987, 82664
59.9999, 82664
60.0012, 82664
60.0026, 82664
60.0038, 82664
60.0051, 82664
60.0063, 82448
60.0075, 82448
60.0088, 82448
60.01, 82448
60.0113, 82448
60.0125, 82448
60.0138, 82448
60.015, 82448
60.0162, 82448
60.0175, 82448
60.0187, 82448
60.02, 82448
60.0213, 82448
60.0225, 82448
60.0238, 82448
60.0261, 82448
60.0275, 82448
60.0288, 82448
60.0299, 82448
60.0312, 82448
60.0323, 82448
60.0335, 82448
60.0347, 82448
60.0361, 82448
60.0374, 82448
60.0387, 82448
60.04, 82232
60.0414, 82232
60.0427, 82232
60.044, 82232
60.0452, 82232
60.0465, 82232
60.0478, 82232
60.049, 82448
60.0502, 82448
60.0513, 82448
60.0525, 82448
60.0536, 82448
60.0548, 82448
60.0559, 82448
60.0571, 82232
60.0582, 82232
60.0594, 82232
60.0605, 82232
60.0661, 82232
60.0673, 82232
60.0686, 82232
60.0698, 82232
60.0724, 82232
60.0736, 82232
60.0749, 82232
60.0762, 82232
60.0775, 82232
60.0788, 82232
60.08, 82232
60.0811, 82232
60.0823, 82232
60.0834, 82232
60.0846, 82232
60.0857, 82232
60.0868, 82232
60.088, 82232
60.0892, 82232
60.0903, 82232
60.0914, 82232
60.0926, 82232
60.0937, 82232
60.0949, 82232
60.096, 82232
60.0972, 82232
60.0983, 82232
60.0995, 82016
60.1008, 82016
60.1021, 82016
60.1033, 82016
60.1046, 82016
60.1058, 82016
60.1069, 82016
60.1081, 82016
60.1092, 82016
60.1104, 82016
60.1115, 82016
60.1126, 82016
60.1138, 82016
60.1149, 82016
60.1161, 82016
60.1173, 82016
60.1187, 82016
60.12, 82016
60.1214, 82016
60.1228, 82016
60.1242, 82016
60.1254, 82016
60.1267, 82016
60.1279, 82016
60.1292, 82016
60.1304, 82016
60.1317, 82016
60.1329, 82016
60.1341, 82016
60.1353, 82016
60.1364, 82016
60.1375, 82016
60.1387, 82016
60.1398, 82016
60.141, 82016
60.1421, 82016
60.1432, 81584
60.1444, 81584
60.1455, 81584
60.1468, 81584
60.148, 81584
60.1493, 81584
60.1505, 81584
60.1517, 81800
60.1528, 81800
60.154, 81800
60.1551, 81800
60.1563, 81800
60.1574, 81800
60.1586, 81800
60.1597, 81584
60.1608, 81584
60.162, 81584
60.1633, 81584
60.1646, 81584
60.1659, 81584
60.1673, 81584
60.1686, 81800
60.1701, 81800
60.1714, 81800
60.1726, 81800
60.1739, 81800
60.1753, 81800
60.1766, 82016
60.1778, 82016
60.179, 82016
60.1802, 82016
60.1813, 82016
60.1824, 82016
60.1836, 82016
60.1847, 82016
60.1859, 81800
60.187, 81800
60.1882, 81800
60.1893, 81800
60.1906, 81800
60.1919, 81800
60.1933, 81800
60.1946, 81800
60.1959, 81800
60.1974, 81800
60.1987, 81800
60.2, 81800
60.2012, 81800
60.2023, 82016
60.2035, 82016
60.2046, 82016
60.2058, 82016
60.207, 82016
60.2082, 82016
60.2093, 82016
60.2105, 82232
60.2117, 82232
60.2128, 82232
60.214, 82232
60.2152, 82232
60.2163, 82232
60.2175, 82232
60.2186, 82232
60.2198, 82448
60.221, 82448
60.2223, 82448
60.2235, 82448
60.2249, 82448
60.2261, 82448
60.2291, 82448
60.2305, 82448
60.2317, 82448
60.2329, 82448
60.234, 82448
60.2352, 82448
60.2363, 82448
60.2374, 82448
60.2386, 82448
60.2398, 82448
60.241, 82448
60.2422, 82448
60.2434, 82448
60.2446, 82448
60.2458, 82448
60.247, 82448
60.2482, 82448
60.2495, 82448
60.2507, 82448
60.2519, 82448
60.2532, 82448
60.2544, 82448
60.2555, 82448
60.2567, 82448
60.2578, 82448
60.259, 82448
60.2604, 82448
60.2616, 82448
60.2629, 82448
60.264, 82448
60.2652, 82448
60.2663, 82448
60.2675, 82448
60.2686, 82448
60.2698, 82448
60.271, 82664
60.2721, 82664
60.2734, 82664
60.2748, 82664
60.2762, 82664
60.2775, 82664
60.2787, 82664
60.2799, 82448
60.2811, 82448
60.2822, 82448
60.2834, 82448
60.2845, 82448
60.2857, 82448
60.2869, 82448
60.2881, 82664
60.2893, 82664
60.2906, 82664
60.2918, 82664
60.293, 82664
60.2942, 82664
60.2955, 82664
60.2967, 82664
60.298, 82664
60.2992, 82664
60.3006, 82664
60.3018, 82664
60.3029, 82664
60.3041, 82664
60.3053, 82664
60.3064, 82664
60.3077, 82664
60.3093, 82664
60.3106, 82664
60.3119, 82664
60.3134, 82664
60.3146, 82664
60.3158, 82664
60.317, 82664
60.3181, 82664
60.3193, 82664
60.3204, 82664
60.3216, 82664
60.3229, 82664
60.3243, 82664
60.3255, 82664
60.3267, 82664
60.3279, 82664
60.3291, 82664
60.3303, 82664
60.3314, 82664
60.3326, 82664
60.3338, 82664
60.3352, 82664
60.3365, 82664
60.3377, 82664
60.3388, 82664
60.34, 82664
60.3412, 82664
60.3424, 82664
60.3437, 82664
60.3449, 82664
60.3462, 82664
60.3474, 82880
60.3487, 82880
60.3498, 82880
60.351, 82880
60.3521, 82880
60.3533, 82880
60.3545, 82880
60.3556, 82880
60.3568, 82880
60.358, 82880
60.3593, 82880
60.3605, 82880
60.3618, 82880
60.363, 82880
60.3642, 82880
60.3653, 82880
60.3676, 82880
60.3688, 82880
60.3699, 82880
60.3711, 82880
60.3723, 82880
60.3735, 82664
60.3746, 82664
60.3758, 82664
60.3769, 82664
60.3781, 82664
60.3792, 82664
60.3804, 82664
60.3815, 82448
60.3826, 82448
60.3838, 82448
60.385, 82448
60.3861, 82448
60.3873, 82448
60.3884, 82448
60.3896, 82448
60.3907, 82232
60.3919, 82232
60.3933, 82232
60.3945, 82232
60.3957, 82232
60.3968, 82232
60.398, 82232
60.3992, 82448
60.4004, 82448
60.4017, 82448
60.403, 82448
60.4042, 82448
60.4054, 82448
60.4068, 82664
60.4081, 82664
60.4094, 82664
60.4106, 82664
60.4118, 82664
60.4129, 82664
60.4141, 82664
60.4152, 82664
60.4164, 82664
60.4175, 82664
60.4187, 82664
60.4199, 82664
60.4212, 82664
60.4225, 82664
60.4239, 82880
60.4251, 82880
60.4263, 82880
60.4275, 82880
60.4286, 82880
60.4298, 82880
60.4309, 82880
60.4321, 82880
60.4334, 82880
60.4347, 82880
60.4359, 82880
60.4371, 82880
60.4384, 82880
60.4396, 82880
60.4408, 82880
60.4419, 82880
60.4431, 82880
60.4443, 82880
60.4454, 82880
60.4466, 82880
60.4477, 82880
60.4489, 82880
60.4501, 83096
60.4514, 83096
60.4529, 83096
60.4541, 83096
60.4553, 83096
60.4565, 83096
60.4576, 83096
60.4588, 83096
60.46, 83096
60.4612, 83096
60.4624, 83096
60.4636, 83096
60.4648, 83096
60.4662, 83096
60.4674, 83096
60.4686, 83096
60.4698, 83096
60.471, 83096
60.4725, 83096
60.4737, 83096
60.4749, 83096
60.476, 83096
60.4773, 83096
60.4787, 83096
60.4802, 83096
60.4815, 83096
60.4828, 83096
60.4841, 83096
60.4855, 83096
60.4868, 83096
60.4881, 83096
60.4892, 83096
60.4904, 83096
60.4916, 83096
60.4927, 83096
60.4939, 83096
60.4951, 83096
60.4963, 83096
60.4975, 83096
60.4986, 83096
60.4998, 83096
60.501, 83096
60.5021, 83096
60.5033, 83096
60.5045, 83096
60.5058, 83096
60.5069, 83096
60.5081, 83096
60.5093, 82880
60.5105, 82880
60.5117, 82880
60.5129, 82880
60.5141, 82880
60.5152, 82880
60.5164, 82880
60.5176, 82880
60.5187, 83096
60.5199, 83096
60.521, 83096
60.5222, 83096
60.5233, 83096
60.5245, 83096
60.5256, 83096
60.5269, 83096
60.528, 83096
60.5292, 83096
60.5306, 83096
60.5319, 83096
60.5331, 83096
60.5344, 83096
60.5356, 83096
60.5369, 83096
60.5381, 83096
60.5395, 83096
60.5411, 83096
60.5423, 83096
60.5436, 83096
60.5449, 83096
60.546, 83096
60.5472, 83096
60.5484, 83096
60.5495, 83096
60.5507, 83096
60.5518, 83096
60.553, 83096
60.5542, 83096
60.5555, 83096
60.5568, 83096
60.558, 83096
60.5592, 83096
60.5604, 83096
60.5616, 83096
60.5628, 83096
60.5639, 83096
60.5651, 83096
60.5665, 83096
60.5678, 83096
60.5691, 83096
60.5706, 83096
60.5721, 83096
60.5734, 83096
60.5745, 83096
60.5757, 83096
60.5769, 83096
60.578, 83096
60.5792, 83096
60.5806, 83096
60.5818, 83096
60.583, 83096
60.5843, 83096
60.5854, 83096
60.5866, 83096
60.5877, 83096
60.5888, 83096
60.59, 83096
60.5912, 83096
60.5924, 83096
60.5937, 83096
60.595, 83096
60.5964, 83096
60.5977, 83096
60.599, 83096
60.6003, 83096
60.6016, 83096
60.6028, 83096
60.604, 83312
60.6051, 83312
60.6065, 83312
60.6077, 83312
60.6088, 83312
60.61, 83312
60.6112, 83312
60.6125, 83312
60.6137, 83312
60.6149, 83312
60.616, 83312
60.6172, 83312
60.6184, 83312
60.6198, 83312
60.621, 83312
60.6224, 83312
60.6237, 83312
60.6249, 83312
60.6261, 83312
60.6274, 83312
60.6287, 83312
60.6299, 83312
60.6312, 83312
60.6324, 83312
60.6335, 83312
60.6347, 83312
60.6359, 83312
60.637, 83312
60.6382, 83312
60.6394, 83312
60.6405, 83312
60.6416, 83312
60.6428, 83312
60.6439, 83312
60.6451, 83312
60.6463, 83096
60.6476, 83096
60.6489, 83096
60.6501, 83096
60.6513, 83096
60.6524, 83096
60.6536, 83096
60.6547, 82880
60.6559, 82880
60.6571, 82880
60.6583, 82880
60.6597, 82880
60.661, 82880
60.6622, 82880
60.6634, 82880
60.6646, 82880
60.6658, 82880
60.667, 82880
60.6682, 82880
60.6694, 82880
60.6707, 82880
60.6719, 82664
60.6731, 82664
60.6744, 82664
60.6758, 82664
60.6772, 82664
60.6786, 82664
60.6799, 82448
60.6811, 82448
60.6823, 82448
60.6835, 82448
60.6848, 82448
60.6863, 82448
60.688, 82448
60.6898, 82448
60.6914, 82448
60.6928, 82448
60.6941, 82448
60.6956, 82448
60.6969, 82448
60.6981, 82448
60.6994, 82448
60.7008, 82448
60.7021, 82448
60.7038, 82448
60.7054, 82448
60.7067, 82448
60.7079, 82448
60.7092, 82448
60.7106, 82448
60.7119, 82448
60.7131, 82448
60.7143, 82448
60.7155, 82448
60.7169, 82448
60.7182, 82448
60.7195, 82448
60.7208, 82448
60.7221, 82448
60.7234, 83312
60.7246, 83312
60.7259, 83312
60.7273, 83312
60.7286, 83312
60.7299, 83312
60.7311, 84392
60.7323, 84392
60.7337, 84392
60.7351, 84392
60.7365, 84392
60.7378, 84392
60.739, 84392
60.7403, 85472
60.7417, 85472
60.7433, 85472
60.7448, 85472
60.7462, 85472
60.7475, 85472
60.7489, 85688
60.7502, 85688
60.7515, 85688
60.7528, 85688
60.7541, 85688
60.7554, 85688
60.7567, 85040
60.758, 85040
60.7593, 85040
60.7605, 85040
60.7616, 85040
60.7628, 85040
60.764, 85040
60.7651, 85040
60.7663, 84608
60.7675, 84608
60.7686, 84608
60.7698, 84608
60.7709, 84608
60.7721, 84608
60.7734, 84608
60.7748, 84176
60.7762, 84176
60.7774, 84176
60.7788, 84176
60.7801, 84176
60.7814, 84176
60.7827, 84176
60.7839, 84176
60.7851, 84176
60.7864, 84176
60.7924, 84608
60.7937, 84608
60.795, 84608
60.7963, 84608
60.7976, 84608
60.7989, 84608
60.8003, 84824
60.8016, 84824
60.8029, 84824
60.8042, 84824
60.8055, 84824
60.8068, 84824
60.8081, 85040
60.8095, 85040
60.8112, 85040
60.814, 85040
60.8154, 85040
60.8167, 84824
60.8182, 84824
60.8197, 84824
60.8211, 84824
60.8261, 84824
60.8276, 84824
60.829, 84824
60.8303, 84824
60.8317, 84824
60.833, 84824
60.8343, 85256
60.8357, 85256
60.837, 85256
60.8383, 85256
60.8395, 85256
60.8421, 84608
60.8436, 84608
60.8451, 84608
60.8465, 84608
60.8479, 84608
60.8494, 84608
60.8508, 84608
60.8539, 84608
60.8581, 84608
60.8625, 84392
60.8639, 84392
60.8652, 84392
60.8665, 84392
60.8678, 84392
60.8692, 84392
60.8705, 84392
60.8738, 84392
60.8753, 84392
60.8767, 84176
60.878, 84176
60.8794, 84176
60.8811, 84176
60.8869, 84176
60.8885, 84176
60.89, 84176
60.8915, 84176
60.8985, 84176
60.8999, 84176
60.9013, 84176
60.9028, 84176
60.9041, 84176
60.9055, 84176
60.9069, 84176
60.9082, 84176
60.9096, 84176
60.9109, 84176
60.9126, 84176
60.9159, 84176
60.918, 84176
60.9196, 84176
60.921, 84176
60.9224, 84176
60.9239, 84176
60.9256, 84176
60.9272, 83960
60.9305, 83960
60.9318, 83960
60.9341, 83960
60.9363, 83960
60.9376, 83960
60.939, 83960
60.9404, 83960
60.9417, 83960
60.943, 83960
60.9444, 84176
60.9456, 84176
60.9468, 84176
60.9481, 84176
60.9493, 84176
60.9505, 84176
60.9518, 84176
60.9532, 84176
60.9546, 84176
60.9559, 84176
60.9571, 84176
60.9582, 84176
60.9595, 84176
60.9607, 84176
60.9621, 83960
60.9634, 83960
60.9647, 83960
60.9659, 83960
60.9672, 83960
60.9685, 83960
60.9698, 83960
60.971, 83960
60.9721, 83960
60.9732, 83960
60.9743, 83960
60.9755, 83960
60.9766, 83960
60.9777, 83960
60.9788, 83960
60.9799, 83960
60.9811, 83960
60.9822, 83960
60.9834, 83960
60.9846, 83960
60.9858, 83960
60.9871, 83960
60.9884, 83960
60.99, 83960
60.9917, 83960
60.9933, 83960
60.9948, 83960
60.9966, 83960
60.9982, 83960
60.9997, 83960
61.0011, 83960
61.0026, 83960
61.0039, 83960
61.0053, 83960
61.0066, 83960
61.0079, 83960
61.0092, 83960
61.0105, 83960
61.0118, 83960
61.0132, 83960
61.0145, 83960
61.0159, 83960
61.0172, 83960
61.0184, 83960
61.0196, 83960
61.0209, 83960
61.0222, 83960
61.0236, 83960
61.025, 83960
61.0264, 83960
61.0277, 83960
61.0292, 83960
61.0308, 83960
61.0323, 83960
61.0339, 83960
61.0355, 83960
61.0369, 83960
61.0383, 83960
61.0396, 83960
61.041, 83960
61.0424, 83960
61.0438, 83960
61.0452, 83960
61.0466, 83960
61.048, 83960
61.0494, 83960
61.0508, 83960
61.0522, 83960
61.0536, 83960
61.055, 83960
61.0564, 83960
61.0577, 83960
61.0598, 83960
61.0613, 83960
61.0627, 83960
61.0641, 83960
61.0656, 83960
61.067, 83960
61.0685, 83960
61.0701, 83960
61.0715, 83960
61.0731, 83960
61.0746, 83960
61.0761, 83960
61.0775, 83960
61.0788, 83960
61.0803, 83960
61.0818, 83960
61.0834, 83960
61.0849, 83960
61.0864, 83960
61.0878, 83960
61.0893, 83960
61.0908, 83960
61.0922, 83960
61.0936, 83960
61.0949, 83960
61.0963, 83960
61.0977, 83960
61.0992, 83960
61.1007, 83960
61.1022, 83960
61.1038, 83960
61.1054, 83960
61.107, 83960
61.1085, 83960
61.1101, 83960
61.1115, 83960
61.1128, 83960
61.1141, 83960
61.1153, 83960
61.1167, 83960
61.1181, 83960
61.1196, 83960
61.121, 83960
61.1225, 83960
61.1239, 83960
61.1252, 83960
61.1267, 83960
61.1281, 83960
61.1295, 83960
61.1309, 83960
61.1324, 83960
61.134, 83960
61.1357, 83960
61.1373, 83960
61.1386, 83960
61.14, 83960
61.1414, 83960
61.1428, 83960
61.1443, 83960
61.1457, 83960
61.1471, 83960
61.1486, 83960
61.15, 84176
61.1514, 84176
61.1528, 84176
61.1541, 84176
61.1553, 84176
61.1568, 84176
61.1583, 84176
61.1598, 84176
61.1611, 84176
61.1628, 84176
61.1644, 84176
61.1661, 84176
61.1676, 84176
61.1692, 84176
61.1706, 84176
61.1718, 84176
61.1732, 84176
61.1746, 83960
61.1761, 83960
61.1775, 83960
61.1789, 83960
61.1803, 83960
61.1817, 83960
61.1831, 83960
61.1845, 84176
61.1857, 84176
61.187, 84176
61.1883, 84176
61.1897, 84176
61.191, 84176
61.1925, 84176
61.1941, 84176
61.1957, 84176
61.1972, 84176
61.1986, 84176
61.2001, 84176
61.2014, 84176
61.2026, 84176
61.2039, 84176
61.2055, 84176
61.2071, 84176
61.2085, 84176
61.21, 84176
61.2115, 84176
61.2131, 84176
61.2145, 84176
61.2161, 84176
61.2175, 83960
61.2187, 83960
61.2198, 83960
61.221, 83960
61.2221, 83960
61.2233, 83960
61.2245, 83960
61.2259, 83528
61.2272, 83528
61.2285, 83528
61.2298, 83528
61.2312, 83528
61.2326, 83528
61.2338, 83528
61.235, 83744
61.2361, 83744
61.2373, 83744
61.2385, 83744
61.2401, 83744
61.2417, 83744
61.2434, 83744
61.2448, 83744
61.2463, 83744
61.2477, 83744
61.2491, 83744
61.2505, 83744
61.252, 83960
61.2534, 83960
61.2547, 83960
61.2559, 83960
61.257, 83960
61.2582, 83960
61.2593, 83960
61.2605, 83744
61.2616, 83744
61.2628, 83744
61.264, 83744
61.2652, 83744
61.2664, 83744
61.2677, 83744
61.269, 83528
61.2707, 83528
61.2723, 83528
61.2739, 83528
61.2755, 83528
61.2769, 83528
61.2781, 83960
61.2792, 83960
61.2804, 83960
61.2815, 83960
61.2827, 83960
61.2838, 83960
61.285, 83960
61.2861, 83528
61.2874, 83528
61.2885, 83528
61.2896, 83528
61.2907, 83528
61.2919, 83528
61.2931, 83528
61.2942, 83312
61.2954, 83312
61.2965, 83312
61.2976, 83312
61.2987, 83312
61.3, 83312
61.3014, 83312
61.3028, 83528
61.3043, 83528
61.3058, 83528
61.3073, 83528
61.3085, 83528
61.3097, 83528
61.3109, 83744
61.3145, 83744
61.3161, 83744
61.3176, 83744
61.3191, 83744
61.3207, 83960
61.3223, 83960
61.3236, 83960
61.3249, 83960
61.3263, 83960
61.3276, 83960
61.329, 84176
61.3302, 84176
61.3314, 84176
61.3325, 84176
61.3337, 84176
61.3349, 84176
61.336, 84176
61.3372, 84176
61.3383, 84176
61.3395, 84176
61.3406, 84176
61.3418, 84176
61.3433, 84176
61.3447, 84176
61.3461, 84176
61.3476, 84176
61.3491, 84176
61.3504, 84176
61.3516, 84176
61.3528, 84176
61.3539, 84176
61.3551, 84176
61.3563, 84176
61.3574, 84176
61.3585, 84176
61.3598, 84176
61.3618, 84176
61.3643, 83960
61.3664, 83960
61.3681, 83960
61.3699, 83960
61.3718, 83744
61.3736, 83744
61.3755, 83744
61.3769, 83744
61.3782, 83744
61.3797, 83528
61.3811, 83528
61.3825, 83528
61.384, 83528
61.3853, 83528
61.3867, 83528
61.3882, 83744
61.3896, 83744
61.391, 83744
61.3925, 83744
61.3937, 83744
61.3949, 83744
61.3961, 83744
61.3975, 83528
61.399, 83528
61.4003, 83528
61.4021, 83528
61.4061, 83528
61.4074, 83528
61.4087, 83528
61.41, 83528
61.4113, 83528
61.4127, 83528
61.414, 83528
61.4154, 83528
61.4166, 83528
61.4181, 83528
61.4215, 83528
61.4228, 83528
61.4241, 83528
61.4254, 83528
61.4266, 83528
61.4279, 83528
61.4319, 83744
61.4333, 83744
61.4346, 83744
61.4359, 83744
61.4372, 83744
61.4385, 83744
61.4399, 83960
61.4412, 83960
61.4426, 83960
61.4439, 83960
61.4453, 83960
61.4466, 83960
61.4495, 83960
61.4509, 83960
61.4523, 83960
61.4536, 83960
61.455, 83960
61.4565, 83744
61.4603, 83744
61.4618, 83744
61.4634, 83744
61.4649, 83744
61.4663, 83744
61.4677, 83744
61.4738, 83744
61.4753, 83744
61.4766, 83744
61.478, 83744
61.4793, 83744
61.4806, 83744
61.482, 83744
61.4833, 83744
61.4847, 83744
61.4861, 83744
61.4874, 83744
61.4887, 83744
61.4899, 83744
61.4916, 83744
61.4933, 83744
61.4949, 83744
61.4964, 83744
61.498, 83744
61.4997, 83744
61.5034, 83744
61.5084, 83528
61.5109, 83528
61.5131, 83528
61.515, 83528
61.5168, 83528
61.5199, 83528
61.5308, 83528
61.5343, 83528
61.5366, 83528
61.5382, 83528
61.5395, 83528
61.5418, 83528
61.5493, 83528
61.552, 83528
61.5551, 83528
61.5628, 83312
61.5666, 83528
61.5697, 83528
61.5814, 83312
61.5889, 83312
61.5909, 83312
61.5949, 83312
61.6077, 83096
61.6111, 83312
61.6212, 83312
61.628, 83312
61.6326, 83312
61.6379, 83312
61.6418, 83096
61.6509, 83096
61.6532, 83096
61.6566, 83096
61.6684, 83096
61.6707, 83096
61.6733, 83096
61.6753, 83096
61.679, 83096
61.6831, 83096
61.6848, 83096
61.6866, 83096
61.6988, 83096
61.7029, 83096
61.7103, 83096
61.7128, 83096
61.7269, 83096
61.7293, 82880
61.7349, 82880
61.7408, 82880
61.7444, 82880
61.7524, 83096
61.7543, 83096
61.7558, 83096
61.758, 83096
61.7601, 83096
61.7614, 83096
61.7626, 83096
61.7637, 83096
61.7651, 83096
61.7664, 83096
61.7679, 83096
61.7693, 83096
61.7741, 83096
61.7821, 83312
61.791, 83528
61.7924, 83528
61.8011, 83528
61.8088, 83744
61.8177, 83744
61.819, 83744
61.8232, 83960
61.8245, 83960
61.8257, 83960
61.8279, 83960
61.8329, 83960
61.8414, 83744
61.843, 83744
61.8523, 83528
61.8539, 83528
61.8561, 83528
61.8578, 83528
61.8652, 83528
61.8668, 83528
61.8682, 83528
61.8708, 83528
61.8776, 83528
61.8797, 83528
61.8825, 83312
61.885, 83312
61.887, 83312
61.8967, 83312
61.8984, 83312
61.9, 83312
61.9104, 83312
61.9123, 83312
61.9164, 83312
61.9187, 83312
61.9199, 83312
61.9211, 83312
61.9225, 83312
61.9237, 83312
61.9249, 83312
61.9271, 82880
61.9289, 82880
61.9301, 82880
61.932, 82880
61.9355, 82880
61.9374, 82880
61.9387, 82880
61.9399, 82880
61.9411, 82880
61.9423, 82880
61.9444, 82880
61.9504, 82880
61.9582, 82664
61.9623, 82664
61.9656, 82664
61.971, 82664
61.975, 82664
61.9773, 82664
61.9807, 82664
61.9836, 82664
61.9864, 82664
61.9884, 82664
61.9897, 82664
61.991, 82664
61.9922, 82664
61.9934, 82664
61.9947, 82664
61.9959, 82664
61.9971, 82664
61.9983, 82664
61.9996, 82664
62.0028, 82448
62.0139, 82880
62.0163, 82880
62.0176, 82880
62.0188, 82880
62.0201, 82664
62.0215, 82664
62.0227, 82664
62.024, 82664
62.0253, 82664
62.0265, 82664
62.0277, 82664
62.029, 82448
62.0302, 82448
62.0315, 82448
62.0328, 82448
62.034, 82448
62.0353, 82448
62.0365, 82448
62.0377, 82448
62.039, 82448
62.0403, 82448
62.0415, 82448
62.0427, 82448
62.0442, 82448
62.0522, 82448
62.0544, 82664
62.0558, 82664
62.057, 82664
62.0583, 82664
62.0596, 82664
62.0608, 82664
62.062, 82664
62.0632, 82448
62.0646, 82448
62.0659, 82448
62.0751, 82448
62.0809, 82880
62.0823, 82880
62.0835, 82880
62.0849, 82880
62.086, 82880
62.0872, 82880
62.0884, 82880
62.0896, 82880
62.0907, 82880
62.0919, 82880
62.093, 82880
62.0942, 82880
62.0953, 82880
62.0966, 82664
62.0977, 82664
62.0989, 82664
62.1037, 82664
62.105, 82880
62.1062, 82880
62.1074, 82880
62.1086, 82880
62.1098, 82880
62.111, 82880
62.1122, 82880
62.1133, 82880
62.1146, 83096
62.1158, 83096
62.1172, 83096
62.1244, 83096
62.1258, 83096
62.1271, 83096
62.1283, 83096
62.1296, 83096
62.1352, 83312
62.1368, 83312
62.138, 83312
62.1393, 83312
62.1405, 83312
62.1417, 83312
62.143, 83312
62.1443, 83312
62.1455, 83312
62.1468, 83312
62.1481, 82880
62.1493, 82880
62.1505, 82880
62.1533, 82664
62.1591, 82664
62.1656, 82664
62.1736, 82664
62.1765, 82664
62.1783, 82664
62.1799, 82664
62.1815, 82664
62.183, 82664
62.1845, 82664
62.1864, 82664
62.1881, 82664
62.1896, 82664
62.1989, 83096
62.2012, 83096
62.2033, 83096
62.2051, 83096
62.2069, 83096
62.2086, 83096
62.2107, 83096
62.2138, 83096
62.2197, 83312
62.2233, 83312
62.2282, 83312
62.2323, 83096
62.2377, 83096
62.2408, 83096
62.2429, 83096
62.2446, 83096
62.2463, 83096
62.2482, 83096
62.25, 83096
62.2555, 83096
62.2597, 83096
62.2624, 83096
62.2644, 83096
62.2663, 83096
62.268, 82880
62.2696, 82880
62.2738, 82880
62.2807, 82880
62.2833, 82880
62.2851, 82664
62.2867, 82664
62.2883, 82664
62.2899, 82664
62.2937, 82880
62.3001, 82880
62.3033, 82880
62.3108, 82880
62.3137, 82880
62.3171, 82880
62.319, 82880
62.321, 82880
62.3235, 82880
62.3253, 82880
62.3269, 82880
62.329, 82880
62.3327, 82880
62.3374, 82880
62.3408, 82880
62.3425, 82880
62.344, 82880
62.3455, 82880
62.3475, 82880
62.3514, 82880
62.3552, 82880
62.3648, 82880
62.3675, 82880
62.3827, 82880
62.3866, 82880
62.393, 82880
62.3944, 82880
62.3967, 83096
62.4069, 83312
62.4083, 83312
62.414, 83312
62.416, 83312
62.4177, 83312
62.4195, 83312
62.4207, 83312
62.4218, 83312
62.4267, 83312
62.4301, 83528
62.434, 83528
62.4353, 83528
62.4365, 83528
62.4447, 83744
62.446, 83744
62.448, 83744
62.4501, 83744
62.4525, 83744
62.4539, 83744
62.4578, 83960
62.4593, 83960
62.4606, 83960
62.462, 83960
62.4689, 83960
62.4702, 83960
62.4714, 83960
62.4727, 84176
62.4741, 84176
62.4753, 84176
62.4765, 84176
62.4777, 84176
62.4843, 84392
62.4903, 84392
62.4928, 84392
62.4941, 84392
62.4987, 84392
62.5, 84392
62.5013, 84392
62.5027, 84392
62.504, 84392
62.5053, 84392
62.5066, 84392
62.5079, 84392
62.5091, 84392
62.5103, 84392
62.5114, 84392
62.5127, 84392
62.5138, 84392
62.515, 84608
62.5162, 84608
62.5174, 84608
62.5186, 84608
62.5198, 84608
62.5211, 84608
62.5222, 84608
62.5234, 84608
62.5246, 84608
62.5258, 84608
62.527, 84608
62.5282, 84608
62.5293, 84608
62.5305, 84608
62.5316, 84608
62.5328, 84608
62.5339, 84608
62.5352, 84608
62.5364, 84608
62.5376, 84608
62.5388, 84608
62.5399, 84608
62.5411, 84608
62.5424, 84608
62.5435, 84608
62.5447, 84608
62.5459, 84608
62.5474, 84608
62.5487, 84608
62.55, 84608
62.5514, 84608
62.5527, 84608
62.554, 84608
62.5553, 84608
62.5566, 84608
62.558, 84608
62.5593, 84608
62.5606, 84608
62.5619, 84608
62.5631, 84608
62.5645, 84608
62.5657, 84392
62.567, 84392
62.5683, 84392
62.5696, 84392
62.5708, 84392
62.5721, 84392
62.5734, 84392
62.5747, 84392
62.5759, 84392
62.5771, 84392
62.5784, 84392
62.5797, 84392
62.581, 84392
62.5822, 84392
62.5834, 84392
62.5846, 84392
62.5859, 84392
62.5872, 84392
62.5884, 84392
62.5897, 84392
62.5912, 84392
62.5926, 84392
62.594, 84392
62.5954, 84392
62.5968, 84392
62.5982, 84392
62.5998, 84392
62.6012, 84392
62.6026, 84392
62.6041, 84392
62.6055, 84392
62.6068, 84392
62.6082, 84392
62.6096, 84392
62.6111, 84392
62.6125, 84392
62.6138, 84392
62.6152, 84392
62.6166, 84392
62.6181, 84392
62.6195, 84392
62.6208, 84392
62.6221, 84392
62.6235, 84392
62.6249, 84392
62.6263, 84392
62.628, 84392
62.6296, 84392
62.6311, 84392
62.6325, 84392
62.634, 84176
62.6355, 84176
62.6368, 84176
62.6379, 84176
62.6391, 84176
62.6403, 84176
62.6415, 84176
62.6429, 84176
62.6442, 84176
62.6455, 84176
62.6468, 84176
62.648, 84176
62.6493, 84176
62.6505, 84176
62.6517, 84176
62.6529, 84176
62.6542, 84176
62.6556, 84176
62.657, 84176
62.6583, 84176
62.6594, 84176
62.6606, 84176
62.6617, 84176
62.6628, 84176
62.664, 84176
62.6651, 84176
62.6663, 84176
62.6675, 84176
62.6686, 83744
62.6698, 83744
62.6711, 83744
62.6723, 83744
62.6736, 83744
62.6748, 83744
62.6759, 83744
62.6771, 83744
62.6782, 83744
62.6794, 83744
62.6808, 83744
62.6822, 83744
62.6835, 83744
62.6849, 83744
62.6862, 83744
62.6876, 83744
62.6888, 83744
62.69, 83744
62.6913, 83744
62.6925, 83744
62.6938, 84176
62.695, 84176
62.6962, 84176
62.6973, 84176
62.6985, 84176
62.6996, 84176
62.7008, 84176
62.7019, 84176
62.7031, 84392
62.7042, 84392
62.7054, 84392
62.7065, 84392
62.7077, 84392
62.709, 84392
62.7103, 84392
62.7116, 84392
62.7128, 84392
62.7141, 84392
62.7153, 84392
62.7166, 84392
62.7178, 84392
62.7191, 84392
62.7203, 84608
62.7214, 84608
62.7226, 84608
62.7237, 84608
62.7249, 84608
62.726, 84608
62.7271, 84608
62.7283, 84392
62.7294, 84392
62.7305, 84392
62.7317, 84392
62.7328, 84392
62.7339, 84392
62.7351, 84392
62.7363, 84392
62.7374, 84176
62.7385, 84176
62.7397, 84176
62.741, 84176
62.7423, 84176
62.7438, 84176
62.7455, 83960
62.7472, 83960
62.7486, 83960
62.7502, 83960
62.7517, 83960
62.753, 83960
62.7543, 83960
62.7556, 83960
62.757, 83960
62.7583, 83960
62.7598, 83960
62.7614, 83960
62.7629, 83960
62.7642, 83960
62.7656, 83960
62.7669, 83960
62.7682, 83960
62.7695, 83960
62.7707, 83744
62.772, 83744
62.7733, 83744
62.7746, 83744
62.7759, 83744
62.7771, 83744
62.7784, 83744
62.7796, 83960
62.7808, 83960
62.7821, 83960
62.7833, 83960
62.7846, 83960
62.7858, 83960
62.787, 83960
62.7883, 83960
62.7895, 83960
62.7908, 83960
62.7921, 83960
62.7934, 83960
62.7946, 83960
62.7958, 83960
62.7969, 83960
62.7981, 83960
62.7992, 83960
62.8003, 83960
62.8015, 83960
62.8026, 83960
62.8038, 83960
62.8049, 83960
62.8062, 83960
62.8075, 83960
62.8089, 83960
62.8102, 83960
62.813, 83960
62.8143, 83960
62.8155, 83960
62.8168, 83960
62.818, 83960
62.8193, 83960
62.8206, 83960
62.8219, 83960
62.823, 83960
62.8242, 83960
62.8253, 83960
62.8264, 83960
62.8276, 83960
62.8287, 83960
62.8298, 83960
62.8311, 83528
62.8334, 83528
62.8347, 83528
62.836, 83528
62.8373, 83528
62.8386, 83528
62.8398, 83744
62.841, 83744
62.8423, 83744
62.8435, 83744
62.8448, 83744
62.8461, 83744
62.8484, 84176
62.8497, 84176
62.8509, 84176
62.8522, 84176
62.8534, 84176
62.8547, 84176
62.856, 84176
62.8594, 84176
62.8621, 84176
62.8659, 84392
62.8678, 84392
62.869, 84392
62.8703, 84392
62.8716, 84392
62.8728, 84392
62.874, 84608
62.8752, 84608
62.8764, 84608
62.8776, 84608
62.8788, 84608
62.88, 84608
62.8811, 84608
62.8823, 84608
62.8835, 84608
62.8848, 84608
62.8861, 84608
62.8874, 84608
62.8887, 84608
62.89, 84608
62.8912, 84608
62.8923, 84608
62.8935, 84608
62.8947, 84608
62.8958, 84608
62.897, 84608
62.8982, 84608
62.8995, 84608
62.9008, 84608
62.9022, 84608
62.9035, 84608
62.9048, 84608
62.9061, 84608
62.9073, 84608
62.9085, 84608
62.9098, 84608
62.9111, 84608
62.9124, 84608
62.9136, 84608
62.9149, 84608
62.9162, 84608
62.9176, 84608
62.9189, 84608
62.9204, 84608
62.9218, 84608
62.9231, 84608
62.9244, 84824
62.9256, 84824
62.927, 84824
62.9284, 84824
62.9298, 84824
62.9313, 84824
62.9327, 84608
62.9341, 84608
62.9357, 84608
62.9374, 84608
62.9387, 84608
62.94, 84608
62.9413, 84608
62.9427, 84608
62.9439, 84608
62.945, 84608
62.9462, 84608
62.9475, 84608
62.9488, 84608
62.95, 84608
62.9513, 84608
62.9525, 84608
62.9537, 84608
62.955, 84608
62.9562, 84608
62.9574, 84608
62.9585, 84608
62.9597, 84608
62.961, 84608
62.9623, 84608
62.9636, 84608
62.965, 84608
62.9665, 84608
62.9678, 84608
62.9693, 84608
62.9707, 84608
62.972, 84608
62.9732, 84608
62.9745, 84608
62.9759, 84392
62.9774, 84392
62.9788, 84392
62.9802, 84392
62.9815, 84392
62.9827, 84392
62.984, 84392
62.9854, 84392
62.9867, 84392
62.9879, 84392
62.9892, 84392
62.9906, 84392
62.9919, 84392
62.9931, 84392
62.9945, 84392
62.9958, 84392
62.9972, 84392
62.9984, 84392
62.9998, 84392
63.001, 84392
63.0023, 84392
63.0035, 84392
63.0048, 84392
63.0061, 84392
63.0074, 84392
63.0086, 84392
63.0098, 84392
63.011, 84392
63.0122, 84392
63.0135, 84392
63.0147, 84392
63.016, 84392
63.0173, 84392
63.0187, 84608
63.0202, 84608
63.0216, 84608
63.0231, 84608
63.0246, 84608
63.026, 84608
63.0273, 84392
63.0286, 84392
63.0301, 84392
63.0315, 84392
63.0329, 84392
63.0341, 84392
63.0354, 84392
63.0366, 84392
63.0379, 84392
63.0392, 84392
63.0405, 84392
63.0418, 84392
63.0431, 84392
63.0443, 84392
63.0456, 84392
63.0469, 84392
63.0481, 84392
63.0493, 84392
63.0506, 84392
63.052, 84608
63.0534, 84608
63.0547, 84608
63.0559, 84608
63.0572, 84608
63.0585, 84608
63.0599, 84608
63.0611, 84392
63.0624, 84392
63.0638, 84392
63.0651, 84392
63.0663, 84392
63.0676, 84392
63.0688, 84392
63.07, 84608
63.0712, 84608
63.0725, 84608
63.0738, 84608
63.0752, 84608
63.0765, 84608
63.0778, 84608
63.0794, 84608
63.0809, 84608
63.0822, 84608
63.0836, 84608
63.0849, 84608
63.0861, 84608
63.0875, 84608
63.0888, 84608
63.0901, 84608
63.0914, 84608
63.0927, 84608
63.0941, 84608
63.0954, 84392
63.0966, 84392
63.098, 84392
63.0994, 84392
63.1007, 84392
63.102, 84392
63.1033, 84608
63.1046, 84608
63.1057, 84608
63.1069, 84608
63.1081, 84608
63.1092, 84608
63.1104, 84608
63.1116, 84608
63.1128, 84608
63.1142, 84608
63.1156, 84608
63.1169, 84608
63.1183, 84608
63.1198, 84608
63.1212, 84608
63.1226, 84608
63.1238, 84608
63.1252, 84608
63.1266, 84608
63.1279, 84608
63.1292, 84608
63.1305, 84608
63.1319, 84608
63.1332, 84608
63.1345, 84608
63.1358, 84608
63.1372, 84608
63.1385, 84608
63.1399, 84608
63.1412, 84608
63.1425, 84608
63.1437, 84608
63.145, 84608
63.1463, 84608
63.1476, 84608
63.1488, 84608
63.1502, 84608
63.1515, 84608
63.1528, 84608
63.1541, 84608
63.1554, 84608
63.1567, 84608
63.158, 84608
63.1594, 84608
63.1607, 84608
63.162, 84608
63.1634, 84608
63.1647, 84608
63.1662, 84608
63.1677, 84608
63.169, 84608
63.1705, 84608
63.1719, 84608
63.1732, 84608
63.1746, 84608
63.176, 84608
63.1774, 84608
63.1788, 84608
63.1802, 84608
63.1815, 84608
63.1828, 84608
63.1841, 84608
63.1854, 84608
63.1867, 84608
63.188, 84608
63.1893, 84608
63.1907, 84608
63.192, 84608
63.1934, 84608
63.1947, 84608
63.1959, 84608
63.1972, 84608
63.1985, 84608
63.1998, 84608
63.2011, 84608
63.2025, 84608
63.2039, 84608
63.2054, 84608
63.2068, 84824
63.2082, 84824
63.2096, 84824
63.211, 84824
63.2125, 84824
63.2139, 84824
63.2154, 84608
63.2167, 84608
63.218, 84608
63.2194, 84608
63.2207, 84608
63.2219, 84608
63.2232, 84608
63.2244, 84608
63.2255, 84608
63.2267, 84608
63.228, 84608
63.2293, 84608
63.2305, 84608
63.2317, 84176
63.2329, 84176
63.2342, 84176
63.2355, 84176
63.2366, 84176
63.2378, 84176
63.2389, 84176
63.2401, 84176
63.2412, 84176
63.2425, 84176
63.2438, 84176
63.2451, 84176
63.2463, 84176
63.2477, 84176
63.249, 83960
63.2503, 83960
63.2516, 83960
63.2528, 83960
63.254, 83960
63.2552, 83960
63.2564, 83960
63.2576, 84392
63.2587, 84392
63.2599, 84392
63.261, 84392
63.2622, 84392
63.2633, 84392
63.2644, 84392
63.2656, 84392
63.2667, 84392
63.2679, 84392
63.269, 84392
63.2703, 84392
63.2716, 84392
63.2729, 84392
63.2742, 84176
63.2754, 84176
63.2769, 84176
63.2782, 84176
63.2795, 84176
63.2807, 84176
63.282, 84176
63.2833, 84392
63.2846, 84392
63.2858, 84392
63.287, 84392
63.2882, 84392
63.2893, 84392
63.2905, 84392
63.2916, 84392
63.2928, 84392
63.2939, 84392
63.295, 84392
63.2962, 84392
63.2973, 84392
63.2985, 84392
63.2996, 84392
63.3008, 84392
63.3019, 84392
63.3031, 84392
63.3043, 84392
63.3056, 84392
63.3069, 84392
63.3081, 84176
63.3094, 84176
63.3106, 84176
63.3119, 84176
63.313, 84176
63.3142, 84176
63.3153, 84176
63.3165, 84176
63.3176, 84176
63.3187, 84176
63.3199, 84176
63.3211, 84176
63.3224, 84176
63.3238, 84176
63.3251, 84176
63.3266, 84176
63.328, 84176
63.3292, 84176
63.3305, 84176
63.3318, 84176
63.3331, 84176
63.3344, 84176
63.3357, 84176
63.337, 84176
63.3382, 84176
63.3394, 84176
63.3406, 84176
63.3417, 84176
63.3428, 83960
63.344, 83960
63.3451, 83960
63.3462, 83960
63.3474, 83960
63.3485, 83960
63.352, 83528
63.3535, 83528
63.3548, 83528
63.3561, 83528
63.3574, 83528
63.3587, 83528
63.36, 83744
63.3613, 83744
63.3626, 83744
63.3639, 83744
63.3654, 83744
63.3691, 83528
63.3704, 83528
63.3717, 83528
63.373, 83528
63.3742, 83528
63.3755, 83528
63.3769, 83960
63.3782, 83960
63.3797, 83960
63.3811, 83960
63.3824, 83960
63.3836, 83960
63.3848, 83960
63.3861, 83960
63.3873, 83960
63.3886, 83960
63.3898, 83960
63.3911, 83960
63.3922, 83960
63.3933, 83960
63.3944, 83528
63.3956, 83528
63.3967, 83528
63.3996, 83528
63.406, 83744
63.4073, 83744
63.4085, 83744
63.4096, 83744
63.4108, 84176
63.4119, 84176
63.4131, 84176
63.4143, 84176
63.4155, 84176
63.4168, 84176
63.418, 84176
63.4193, 84176
63.4205, 84176
63.4217, 84176
63.4229, 84176
63.4241, 84176
63.4253, 84176
63.4265, 84176
63.4277, 84392
63.4289, 84392
63.43, 84392
63.4312, 84392
63.4324, 84392
63.4335, 84392
63.4348, 84392
63.4361, 84608
63.4374, 84608
63.4387, 84608
63.44, 84608
63.4414, 84608
63.4427, 84608
63.444, 84608
63.4452, 84608
63.4465, 84608
63.4479, 84608
63.4492, 84608
63.4506, 84608
63.4519, 84608
63.4532, 84824
63.4545, 84824
63.4559, 84824
63.4572, 84824
63.4586, 84824
63.4599, 84824
63.461, 84824
63.4623, 84824
63.4637, 84824
63.4651, 84824
63.4664, 84824
63.4677, 84824
63.4689, 84824
63.4702, 84824
63.4716, 84824
63.4731, 84824
63.4746, 84824
63.476, 84824
63.4773, 84824
63.4786, 84824
63.48, 84824
63.4813, 84824
63.4827, 84824
63.484, 84824
63.4853, 84824
63.4866, 84824
63.4879, 84824
63.4892, 84824
63.4905, 84824
63.4917, 84824
63.493, 84824
63.4945, 84824
63.496, 84824
63.4973, 84824
63.4986, 84824
63.5, 84824
63.5013, 84824
63.5026, 84824
63.504, 84824
63.5053, 84824
63.5067, 84824
63.508, 84824
63.5093, 84824
63.5105, 84824
63.5118, 84824
63.5129, 84824
63.5142, 84824
63.5154, 84824
63.5166, 84824
63.5179, 84824
63.5192, 84824
63.5206, 84824
63.5218, 84824
63.523, 84824
63.5243, 84824
63.5258, 84824
63.5274, 84824
63.5287, 84824
63.53, 84824
63.5313, 84824
63.5325, 84824
63.5337, 84824
63.5348, 84824
63.536, 84824
63.5373, 84824
63.5384, 84824
63.5396, 84824
63.5408, 84824
63.5421, 84824
63.5433, 84824
63.5445, 84824
63.5456, 84824
63.5468, 84824
63.5479, 84824
63.5491, 84824
63.5502, 84824
63.5514, 84824
63.5526, 84824
63.5538, 84824
63.5549, 84824
63.5562, 84824
63.5574, 84824
63.5586, 84824
63.56, 84824
63.5613, 84824
63.5626, 84824
63.564, 84608
63.5653, 84608
63.5666, 84608
63.5679, 84608
63.5691, 84608
63.5704, 84608
63.5718, 84608
63.5731, 84824
63.5744, 84824
63.5757, 84824
63.577, 84824
63.5784, 84824
63.5798, 84824
63.581, 84824
63.5823, 84824
63.5835, 84824
63.5848, 84824
63.586, 84824
63.5873, 84824
63.5885, 84824
63.5898, 84824
63.591, 84824
63.5923, 84824
63.5936, 84824
63.595, 84824
63.5963, 84824
63.5975, 84824
63.5988, 84824
63.6003, 84824
63.6016, 84824
63.603, 84824
63.6043, 84824
63.6058, 84824
63.6072, 84824
63.6085, 84824
63.6099, 84824
63.6113, 84824
63.6128, 84824
63.6142, 84824
63.6156, 84824
63.6171, 84824
63.6186, 84824
63.62, 84824
63.6212, 84824
63.6226, 84824
63.6242, 84824
63.6256, 84824
63.6269, 84824
63.6282, 84824
63.6295, 84824
63.6308, 84824
63.6322, 84824
63.6336, 84824
63.6351, 84824
63.6365, 84824
63.638, 84824
63.6397, 84824
63.6413, 84608
63.6435, 84608
63.6452, 84608
63.6468, 84608
63.6481, 84608
63.6494, 84608
63.6511, 84608
63.6525, 84608
63.6541, 84608
63.6555, 84608
63.6568, 84608
63.6581, 84608
63.6595, 84608
63.6608, 84608
63.6621, 84608
63.6634, 84608
63.6648, 84608
63.6661, 84608
63.6675, 84608
63.6688, 84608
63.6702, 84608
63.6716, 84608
63.6729, 84608
63.6742, 84608
63.6756, 84608
63.6769, 84608
63.6783, 84608
63.6797, 84608
63.6811, 84608
63.6826, 84608
63.6841, 84608
63.6856, 84608
63.687, 84608
63.6883, 84608
63.6896, 84608
63.691, 84608
63.6923, 84608
63.6937, 84608
63.695, 84608
63.6964, 84608
63.6977, 84608
63.6992, 84608
63.7005, 84608
63.7019, 84608
63.7034, 84608
63.705, 84608
63.7064, 84608
63.7078, 84608
63.7098, 84608
63.7113, 84608
63.7127, 84608
63.7141, 84608
63.7154, 84608
63.7167, 84608
63.7181, 84608
63.7194, 84608
63.7208, 84608
63.7221, 84608
63.7235, 84608
63.7248, 84608
63.7261, 84608
63.7274, 84608
63.7286, 84608
63.7298, 84608
63.7312, 84608
63.7325, 84608
63.7338, 84608
63.7351, 84608
63.7364, 84608
63.7376, 84608
63.7389, 84608
63.7402, 84608
63.7414, 84608
63.7426, 84608
63.7438, 84824
63.745, 84824
63.7462, 84824
63.7475, 84824
63.7488, 84824
63.75, 84824
63.7514, 84824
63.7525, 84824
63.7537, 84824
63.7549, 84824
63.7561, 84824
63.7572, 84824
63.7584, 84824
63.7596, 84824
63.7609, 84824
63.7624, 84824
63.7638, 84824
63.7652, 84824
63.7664, 84824
63.7677, 84824
63.769, 84824
63.7703, 84824
63.7716, 84824
63.7729, 84824
63.7742, 84824
63.7754, 84824
63.7768, 84824
63.7781, 84824
63.7795, 84824
63.7808, 84824
63.7821, 84824
63.7834, 84824
63.7847, 84824
63.7861, 84608
63.7873, 84608
63.7885, 84608
63.7898, 84608
63.7909, 84608
63.7922, 84608
63.7935, 84608
63.7947, 84608
63.7959, 84608
63.7972, 84608
63.7985, 84608
63.7998, 84608
63.8009, 84608
63.8021, 84608
63.8034, 84176
63.8047, 84176
63.806, 84176
63.8073, 84176
63.8086, 84176
63.8098, 84176
63.8111, 84176
63.8127, 83960
63.8143, 83960
63.8157, 83960
63.8171, 83960
63.8184, 83960
63.8197, 83960
63.821, 84176
63.8223, 84176
63.8237, 84176
63.825, 84176
63.8263, 84176
63.8276, 84176
63.8288, 84176
63.8301, 84176
63.8314, 84176
63.8326, 84176
63.8338, 84176
63.835, 84176
63.8362, 84176
63.8374, 83744
63.8386, 83744
63.8398, 83744
63.8471, 83960
63.8486, 83960
63.8499, 83960
63.8512, 83960
63.8525, 83960
63.8537, 83960
63.855, 83960
63.8563, 83960
63.8575, 83960
63.8588, 83960
63.8601, 83960
63.8614, 83960
63.8626, 83960
63.8638, 83744
63.8649, 83744
63.866, 83744
63.8671, 83744
63.8683, 83744
63.8694, 83744
63.8705, 83744
63.8717, 83528
63.8728, 83528
63.874, 83528
63.8752, 83528
63.8764, 83528
63.8776, 83528
63.8789, 83528
63.8802, 83312
63.8814, 83312
63.8827, 83312
63.8838, 83312
63.885, 83312
63.8861, 83312
63.8872, 83312
63.8884, 83528
63.8895, 83528
63.8906, 83528
63.8918, 83528
63.8929, 83528
63.8942, 83528
63.8955, 83528
63.8968, 83528
63.8981, 83312
63.8993, 83312
63.9006, 83312
63.9019, 83312
63.9051, 83312
63.9064, 83744
63.9077, 83744
63.909, 83744
63.9102, 83744
63.9115, 83744
63.9127, 83744
63.914, 83528
63.9152, 83528
63.9163, 83528
63.9175, 83528
63.9186, 83528
63.9198, 83528
63.9209, 83528
63.9272, 83312
63.9286, 83312
63.9298, 83312
63.931, 83312
63.9321, 83528
63.9333, 83528
63.9344, 83528
63.9355, 83528
63.9367, 83528
63.9378, 83528
63.9411, 83528
63.946, 83528
63.9474, 83528
63.9487, 83960
63.9499, 83960
63.9512, 83960
63.9525, 83960
63.9537, 83960
63.9549, 83960
63.956, 83960
63.9572, 83960
63.9583, 83960
63.9594, 83960
63.9606, 83960
63.9618, 83960
63.9629, 83960
63.9641, 83960
63.9652, 83744
63.9664, 83744
63.9676, 83744
63.9689, 83744
63.9702, 83744
63.9716, 83744
63.9729, 83744
63.9744, 83960
63.9757, 83960
63.9769, 83960
63.978, 83960
63.9792, 83960
63.9804, 83960
63.9815, 83960
63.9827, 84392
63.9839, 84392
63.985, 84392
63.9862, 84392
63.9874, 84392
63.9885, 84392
63.9897, 84392
63.9909, 84608
63.992, 84608
63.9932, 84608
63.9944, 84608
63.9955, 84608
63.9967, 84608
63.9979, 84608
63.9992, 84608
64.0005, 84608
64.0018, 84608
64.0032, 84608
64.0046, 84608
64.0061, 84608
64.0074, 84608
64.0088, 85040
64.0101, 85040
64.0114, 85040
64.0127, 85040
64.014, 85040
64.0153, 85040
64.0165, 85040
64.0176, 85040
64.0188, 85040
64.0199, 85040
64.0211, 85040
64.0222, 85040
64.0234, 85040
64.0246, 85040
64.0258, 85040
64.027, 85040
64.0283, 85040
64.0295, 85040
64.0307, 85040
64.0318, 85040
64.033, 85040
64.0341, 85040
64.0353, 85040
64.0364, 85040
64.0376, 85040
64.0389, 85040
64.0402, 85040
64.0415, 85040
64.0427, 85040
64.0439, 85040
64.0451, 85040
64.0464, 85040
64.0476, 85040
64.0489, 85040
64.05, 85040
64.0512, 85040
64.0524, 85040
64.0537, 85040
64.0549, 85040
64.0562, 85040
64.0574, 85040
64.0586, 85040
64.0598, 84824
64.0609, 84824
64.0621, 84824
64.0632, 84824
64.0646, 84824
64.0658, 84824
64.067, 84824
64.0681, 84824
64.0694, 84824
64.0707, 84824
64.0722, 84824
64.0741, 84824
64.0758, 84608
64.0777, 84608
64.0792, 84608
64.0806, 84608
64.0819, 84608
64.0834, 84608
64.0848, 84392
64.0862, 84392
64.0877, 84392
64.0892, 84392
64.0906, 84392
64.0917, 84392
64.0931, 84608
64.0944, 84608
64.0956, 84608
64.0969, 84608
64.098, 84608
64.0993, 84608
64.1007, 84608
64.102, 84608
64.1033, 84608
64.1046, 84608
64.1059, 84608
64.1072, 84608
64.1085, 84608
64.1099, 84608
64.1112, 84824
64.1125, 84824
64.1138, 84824
64.1152, 84824
64.1166, 84824
64.118, 84824
64.1194, 84824
64.1206, 84824
64.122, 84824
64.1233, 84824
64.1246, 84824
64.1259, 84824
64.1273, 84824
64.1287, 84824
64.1301, 84824
64.1315, 84824
64.1329, 84824
64.1342, 84824
64.1354, 84824
64.1368, 84824
64.1382, 84824
64.1396, 84824
64.1409, 84824
64.1422, 84824
64.1438, 84824
64.1452, 84608
64.1466, 84608
64.1482, 84608
64.1497, 84608
64.1512, 84608
64.1526, 84608
64.1541, 84824
64.1556, 84824
64.1573, 84824
64.1589, 84824
64.1604, 84824
64.1617, 84608
64.1632, 84608
64.1647, 84608
64.1663, 84608
64.1678, 84608
64.1692, 84608
64.1705, 84824
64.1718, 84824
64.1732, 84824
64.1747, 84824
64.1761, 84824
64.1776, 84824
64.179, 84608
64.1804, 84608
64.1818, 84608
64.1833, 84608
64.1847, 84608
64.186, 84608
64.1873, 84824
64.1888, 84824
64.1902, 84824
64.1917, 84824
64.1931, 84824
64.1944, 84824
64.1956, 84824
64.1968, 84824
64.198, 84824
64.1991, 84824
64.2003, 84824
64.2014, 84824
64.2026, 84824
64.2038, 84824
64.2051, 84824
64.2063, 84824
64.2075, 84824
64.2086, 84824
64.2098, 84824
64.2109, 84824
64.2122, 84824
64.2133, 84824
64.2145, 84824
64.2158, 84824
64.2172, 84824
64.2186, 84824
64.22, 84824
64.2214, 84824
64.2228, 84824
64.2241, 84824
64.2255, 84824
64.2268, 84824
64.2281, 84824
64.2294, 84824
64.2307, 84824
64.2321, 84824
64.2334, 84824
64.2347, 84824
64.2359, 84824
64.2372, 84824
64.2385, 84824
64.2399, 84824
64.2412, 84824
64.2425, 84824
64.2439, 84824
64.2453, 84824
64.2466, 84824
64.248, 84824
64.2492, 84824
64.2505, 84824
64.252, 84824
64.2533, 84824
64.2546, 84824
64.256, 84824
64.2574, 84824
64.2587, 84824
64.2602, 84824
64.2617, 84824
64.2632, 84824
64.2646, 84824
64.2659, 84824
64.2673, 84824
64.2687, 84824
64.27, 84824
64.2714, 84824
64.2727, 84824
64.274, 84824
64.2753, 84824
64.2765, 84824
64.2779, 84824
64.2792, 84824
64.2805, 84824
64.2817, 85040
64.2832, 85040
64.2846, 85040
64.2858, 85040
64.2872, 85040
64.2885, 85040
64.2898, 85040
64.2912, 85040
64.2925, 85040
64.2938, 85040
64.295, 85040
64.2964, 85040
64.2976, 85040
64.299, 85040
64.3004, 85040
64.3017, 85040
64.303, 85040
64.3043, 85040
64.3057, 85040
64.3071, 85040
64.3085, 85040
64.3099, 85040
64.3112, 85040
64.3126, 85040
64.3139, 85040
64.3152, 85040
64.3165, 85040
64.3177, 85040
64.3189, 85040
64.3202, 85040
64.3215, 85040
64.3228, 85040
64.3241, 85040
64.3255, 85040
64.327, 85040
64.3284, 85040
64.3299, 85040
64.3313, 85040
64.3326, 84824
64.3339, 84824
64.3352, 84824
64.3365, 84824
64.3379, 84824
64.3393, 84824
64.3407, 84824
64.3467, 84824
64.348, 84824
64.3493, 84824
64.3506, 84824
64.3518, 84824
64.3531, 84824
64.3544, 84824
64.3557, 84824
64.3571, 84824
64.3585, 84824
64.3599, 84824
64.3613, 84824
64.3626, 84824
64.3639, 84824
64.3652, 84824
64.3668, 84824
64.3681, 84824
64.3693, 84824
64.3705, 84824
64.3716, 84824
64.3728, 84824
64.3739, 84824
64.3752, 84392
64.3765, 84392
64.3777, 84392
64.3789, 84392
64.3801, 84392
64.3814, 84392
64.3826, 84392
64.3838, 84176
64.3851, 84176
64.3863, 84176
64.3876, 84176
64.3889, 84176
64.3903, 84176
64.3916, 84176
64.3929, 84176
64.3941, 84176
64.3954, 84176
64.3966, 84176
64.4001, 84176
64.4014, 84392
64.4026, 84392
64.4038, 84392
64.405, 84392
64.4062, 84392
64.4074, 84392
64.4087, 84392
64.41, 84176
64.4112, 84176
64.4123, 84176
64.4135, 84176
64.4146, 84176
64.4159, 84176
64.4171, 84176
64.4184, 83744
64.4197, 83744
64.4209, 83744
64.4222, 83744
64.4234, 83744
64.4246, 83744
64.4259, 83744
64.4272, 84176
64.4283, 84176
64.4294, 84176
64.4306, 84176
64.4317, 84176
64.4329, 84176
64.434, 84176
64.4351, 83960
64.4363, 83960
64.4375, 83960
64.4386, 83960
64.4397, 83960
64.4409, 83960
64.4421, 83960
64.4433, 83528
64.4445, 83528
64.4456, 83528
64.4468, 83528
64.4479, 83528
64.449, 83528
64.4502, 83528
64.4523, 83528
64.4554, 83528
64.4567, 83528
64.4578, 83528
64.459, 83528
64.4601, 83960
64.4613, 83960
64.4624, 83960
64.4635, 83960
64.4647, 83960
64.4658, 83960
64.4669, 83960
64.4684, 83960
64.4741, 83744
64.4754, 83744
64.4767, 83744
64.4779, 84176
64.4792, 84176
64.4804, 84176
64.4817, 84176
64.4831, 84176
64.4844, 84176
64.4855, 84176
64.4866, 84608
64.4878, 84608
64.4889, 84608
64.4901, 84608
64.4912, 84608
64.4924, 84608
64.4935, 84608
64.4946, 84608
64.4958, 84608
64.497, 84608
64.4982, 84608
64.4996, 84608
64.5009, 84608
64.5022, 84608
64.5034, 84608
64.5045, 84608
64.5057, 84608
64.5068, 84608
64.508, 84608
64.5091, 84608
64.5102, 84608
64.5114, 84824
64.5125, 84824
64.5137, 84824
64.5149, 84824
64.5163, 84824
64.5177, 84824
64.5191, 84824
64.5206, 84824
64.522, 84824
64.5233, 84824
64.5245, 84824
64.5258, 84824
64.527, 84824
64.5283, 84824
64.5295, 84824
64.5307, 84824
64.5319, 84824
64.533, 84824
64.5342, 84824
64.5353, 84824
64.5365, 84824
64.5376, 84392
64.5387, 84392
64.5399, 84392
64.541, 84392
64.5422, 84392
64.5435, 84392
64.5449, 84392
64.5462, 84176
64.5475, 84176
64.5489, 84176
64.5503, 84176
64.5517, 84176
64.553, 84176
64.5542, 84608
64.5554, 84608
64.5566, 84608
64.5578, 84608
64.5591, 84608
64.5603, 84608
64.5615, 84608
64.5626, 84608
64.5638, 84608
64.565, 84608
64.5661, 84608
64.5673, 84608
64.5685, 84608
64.5697, 84608
64.5708, 84608
64.5721, 84824
64.5733, 84824
64.5745, 84824
64.5757, 84824
64.5769, 84824
64.5781, 84824
64.5793, 84824
64.5805, 85040
64.5817, 85040
64.5828, 85040
64.5841, 85040
64.5853, 85040
64.5865, 85040
64.5877, 85040
64.5889, 85040
64.5902, 85040
64.5915, 85040
64.5928, 85040
64.594, 85040
64.5954, 85040
64.5966, 84824
64.5978, 84824
64.599, 84824
64.6002, 84824
64.6015, 84824
64.6027, 84824
64.6039, 84824
64.6051, 84824
64.6062, 85040
64.6074, 85040
64.6085, 85040
64.6097, 85040
64.6108, 85040
64.612, 85040
64.6133, 85040
64.6151, 85040
64.6166, 85040
64.618, 85040
64.6193, 85040
64.6205, 85040
64.6217, 85040
64.6228, 85040
64.624, 85040
64.6251, 85040
64.6264, 85040
64.6276, 85040
64.6288, 85040
64.6301, 85040
64.6313, 85040
64.6325, 85040
64.6336, 85040
64.6347, 85040
64.636, 85040
64.6373, 85040
64.6385, 85040
64.6397, 85040
64.641, 85040
64.6421, 85040
64.6434, 85040
64.6448, 85040
64.6461, 85040
64.6476, 85040
64.649, 84824
64.6506, 84824
64.6521, 84824
64.6535, 84824
64.6549, 84824
64.6562, 84824
64.6575, 84824
64.6588, 84824
64.6601, 84824
64.6613, 84824
64.6626, 84824
64.6639, 84824
64.6652, 84824
64.6664, 84824
64.6677, 84824
64.669, 84824
64.6703, 84824
64.6716, 84824
64.6729, 84824
64.6743, 85040
64.6758, 85040
64.6772, 85040
64.6786, 85040
64.68, 85040
64.6814, 85040
64.6828, 85040
64.6842, 85040
64.6855, 85040
64.6869, 85040
64.6883, 85040
64.6896, 85040
64.6909, 85040
64.6923, 85040
64.6936, 85040
64.695, 85040
64.6963, 85040
64.6976, 85040
64.6989, 85040
64.7002, 85040
64.7014, 85040
64.7027, 85040
64.7039, 85040
64.7053, 85040
64.7065, 85040
64.7078, 85040
64.7091, 85040
64.7104, 85040
64.7116, 85040
64.7128, 85040
64.714, 85040
64.7155, 85040
64.7169, 85040
64.7183, 85040
64.7197, 85040
64.7212, 85040
64.7226, 85040
64.7241, 85040
64.7254, 85040
64.7267, 85040
64.7279, 85040
64.7292, 85040
64.7305, 85040
64.7318, 85040
64.7331, 85040
64.7344, 85040
64.7357, 85040
64.737, 85040
64.7383, 85040
64.7396, 85040
64.7409, 85040
64.7422, 85040
64.7436, 85040
64.745, 85040
64.7463, 85040
64.7477, 85040
64.7491, 85040
64.7505, 85040
64.7519, 85040
64.7531, 85040
64.7545, 85040
64.7558, 85040
64.7572, 85040
64.7585, 85040
64.76, 85040
64.7614, 85040
64.763, 85040
64.7643, 85040
64.7655, 85040
64.7669, 85040
64.7682, 85040
64.7695, 85040
64.7708, 85040
64.7722, 85040
64.7735, 85040
64.7749, 85040
64.7762, 85040
64.7775, 85040
64.7787, 85040
64.78, 85040
64.7813, 85040
64.7827, 85040
64.7839, 85040
64.7853, 85040
64.7867, 85040
64.7882, 85040
64.7897, 85040
64.791, 85040
64.7924, 85040
64.7939, 85040
64.7953, 85040
64.7965, 85040
64.7978, 85040
64.7992, 85040
64.8004, 85040
64.8017, 85040
64.8031, 85040
64.8044, 85040
64.8056, 85040
64.8069, 85040
64.8083, 85040
64.8097, 85040
64.811, 85040
64.8124, 85040
64.8137, 85040
64.815, 85040
64.8162, 85040
64.8175, 85040
64.8187, 85040
64.8199, 85040
64.8212, 85040
64.8224, 85040
64.8237, 85040
64.8249, 85040
64.8261, 85040
64.8274, 85040
64.8288, 85040
64.8302, 85040
64.8316, 85040
64.8329, 85040
64.8341, 85040
64.8355, 85040
64.8367, 85040
64.838, 85040
64.8394, 85040
64.8408, 85040
64.8421, 85040
64.8435, 85040
64.8448, 85040
64.846, 85040
64.8473, 85040
64.8486, 85040
64.8498, 85040
64.851, 85040
64.8523, 85040
64.8535, 84824
64.8547, 84824
64.856, 84824
64.8574, 84824
64.859, 84824
64.8605, 84824
64.862, 85040
64.8634, 85040
64.8647, 85040
64.866, 85040
64.8674, 85040
64.8688, 85040
64.8703, 84824
64.8717, 84824
64.8731, 84824
64.8744, 84824
64.8758, 84824
64.8771, 84824
64.8783, 84824
64.8796, 84824
64.8808, 84824
64.882, 84824
64.8833, 84824
64.8846, 84824
64.8859, 84824
64.8872, 84824
64.8885, 84824
64.8897, 84824
64.8913, 84824
64.8926, 84824
64.894, 84824
64.8953, 84824
64.8965, 84824
64.8978, 84824
64.8991, 84824
64.9004, 84824
64.9017, 84824
64.9031, 84824
64.9043, 84824
64.9056, 84824
64.9069, 84824
64.9081, 84824
64.9094, 84824
64.9107, 84824
64.9121, 84824
64.9134, 84824
64.9148, 84824
64.9162, 84824
64.9175, 84824
64.9189, 84824
64.9201, 84824
64.9214, 84824
64.9227, 84824
64.9239, 84824
64.9253, 84824
64.9265, 84824
64.9278, 84824
64.9291, 84824
64.9303, 84824
64.9317, 84824
64.9331, 84824
64.9345, 84824
64.936, 84824
64.9374, 84824
64.9387, 84824
64.94, 84824
64.9413, 84824
64.9426, 84824
64.9438, 84824
64.945, 84824
64.9463, 84824
64.9475, 84392
64.9486, 84392
64.9498, 84392
64.9512, 84392
64.9525, 84392
64.9537, 84392
64.9549, 84392
64.956, 84176
64.9572, 84176
64.9583, 84176
64.9595, 84176
64.9608, 84176
64.9621, 84176
64.9634, 84176
64.9647, 84176
64.966, 84176
64.9673, 84176
64.9686, 84176
64.9699, 84176
64.9711, 84176
64.9723, 84392
64.9735, 84392
64.9747, 84392
64.9759, 84392
64.9771, 84392
64.9782, 84392
64.9793, 84392
64.9805, 84392
64.9816, 84608
64.9828, 84608
64.9839, 84608
64.985, 84608
64.9862, 84608
64.9874, 84608
64.9886, 84608
64.9898, 84608
64.9911, 84608
64.9924, 84608
64.9936, 84608
64.9949, 84608
64.9961, 84608
64.9974, 84608
64.9986, 84608
64.9997, 84608
65.0009, 84608
65.0021, 84608
65.0032, 84608
65.0044, 84608
65.0055, 84608
65.0067, 84824
65.0078, 84824
65.0089, 84824
65.0101, 84824
65.0112, 84824
65.0124, 84824
65.0135, 84824
65.0146, 84824
65.0158, 84608
65.0169, 84608
65.018, 84608
65.0192, 84608
65.0203, 84608
65.0214, 84608
65.0226, 84608
65.0237, 84608
65.025, 84608
65.0262, 84608
65.0276, 84608
65.0289, 84608
65.0301, 84608
65.0312, 84608
65.0324, 84608
65.0335, 84608
65.0347, 84608
65.0358, 84608
65.037, 84608
65.0381, 84608
65.0393, 84608
65.0404, 84608
65.0416, 84608
65.0429, 84608
65.0443, 84608
65.0456, 84608
65.047, 84608
65.0483, 84608
65.0496, 84608
65.0508, 84608
65.0522, 84608
65.0535, 84608
65.0548, 84608
65.056, 84608
65.0573, 84608
65.0585, 84608
65.0596, 84608
65.0608, 84608
65.0619, 84608
65.0631, 84608
65.0642, 84608
65.0654, 84608
65.0665, 84824
65.0676, 84824
65.0689, 84824
65.0701, 84824
65.0713, 84824
65.0726, 84824
65.0738, 84824
65.075, 84824
65.0761, 84824
65.0773, 84824
65.0784, 84824
65.0796, 84824
65.0807, 84824
65.0819, 84824
65.083, 84824
65.0841, 84824
65.0853, 84824
65.0864, 84824
65.0878, 84824
65.0892, 84824
65.0906, 84824
65.092, 84608
65.0933, 84608
65.0947, 84608
65.0961, 84608
65.0974, 84608
65.0986, 84608
65.0999, 84608
65.1011, 84608
65.1024, 84608
65.1036, 84608
65.1047, 84608
65.1058, 84608
65.107, 84608
65.1081, 84608
65.1092, 84392
65.1104, 84392
65.1115, 84392
65.1127, 84392
65.1138, 84392
65.1149, 84392
65.1161, 84392
65.1174, 84176
65.1186, 84176
65.12, 84176
65.1213, 84176
65.1226, 84176
65.124, 84176
65.1252, 84176
65.1264, 84392
65.1275, 84392
65.1287, 84392
65.1298, 84392
65.131, 84392
65.1321, 84392
65.1333, 84392
65.1344, 84608
65.1356, 84608
65.1367, 84608
65.1379, 84608
65.1391, 84608
65.1402, 84608
65.1414, 84608
65.1426, 84608
65.1438, 84824
65.145, 84824
65.1462, 84824
65.1474, 84824
65.1485, 84824
65.1497, 84824
65.1509, 84824
65.1521, 84824
65.1532, 84824
65.1544, 84824
65.1556, 84824
65.1568, 84824
65.1581, 84824
65.1593, 84824
65.1605, 85040
65.1617, 85040
65.1629, 85040
65.1642, 85040
65.1655, 85040
65.1667, 85040
65.1678, 85040
65.169, 85040
65.1701, 85040
65.1713, 85040
65.1724, 85040
65.1736, 85040
65.1748, 85040
65.1761, 85040
65.1775, 85040
65.1786, 85040
65.1798, 85040
65.181, 85040
65.1821, 85040
65.1833, 85040
65.1844, 85040
65.1856, 85040
65.1868, 85040
65.188, 85040
65.1895, 85040
65.1907, 85040
65.1921, 85040
65.1933, 85040
65.1945, 85040
65.1957, 85040
65.1968, 85040
65.198, 85040
65.1992, 85040
65.2003, 85040
65.2015, 85040
65.2027, 85040
65.2039, 85040
65.2052, 85040
65.2063, 85040
65.2075, 85040
65.2087, 85040
65.21, 85040
65.2113, 85256
65.2124, 85256
65.2137, 85256
65.2149, 85256
65.2161, 85256
65.2173, 85256
65.2184, 85256
65.2197, 85256
65.2209, 85256
65.2222, 85256
65.2236, 85256
65.2251, 85256
65.2264, 85256
65.2277, 85256
65.2289, 85040
65.23, 85040
65.2312, 85040
65.2323, 85040
65.2335, 85040
65.2348, 85040
65.2364, 85040
65.2381, 85040
65.2396, 85040
65.2413, 85040
65.2428, 85040
65.2443, 85040
65.2458, 84824
65.2472, 84824
65.2487, 84824
65.2502, 84824
65.2517, 84824
65.2532, 84824
65.2546, 85040
65.256, 85040
65.2573, 85040
65.2588, 85040
65.2603, 85040
65.2618, 85040
65.2634, 84824
65.2649, 84824
65.2663, 84824
65.2677, 84824
65.2691, 84824
65.2706, 84824
65.2722, 84824
65.2738, 84824
65.2755, 84824
65.2771, 84824
65.2787, 84824
65.2803, 84608
65.2818, 84608
65.2832, 84608
65.2846, 84608
65.2861, 84608
65.2877, 84824
65.2892, 84824
65.2907, 84824
65.2921, 84824
65.2936, 84824
65.2952, 84824
65.2967, 84608
65.2982, 84608
65.2997, 84608
65.3011, 84608
65.3024, 84608
65.304, 84608
65.3055, 84824
65.307, 84824
65.3085, 84824
65.31, 84824
65.3115, 84824
65.3127, 84824
65.3138, 84824
65.315, 84824
65.3165, 84824
65.3181, 84824
65.3196, 84824
65.3212, 84824
65.3228, 84824
65.3243, 84824
65.3259, 84824
65.3275, 84824
65.329, 84824
65.3306, 84824
65.3321, 84824
65.3336, 84824
65.335, 84824
65.3365, 84824
65.3379, 84824
65.3394, 85040
65.3409, 85040
65.3424, 85040
65.3438, 85040
65.3452, 85040
65.3465, 85040
65.3479, 85040
65.3493, 85040
65.3508, 85040
65.3522, 85040
65.3537, 85040
65.355, 85040
65.3564, 85040
65.3578, 85040
65.3592, 85040
65.3605, 85040
65.362, 85040
65.3635, 85040
65.3649, 85040
65.3664, 85040
65.368, 85040
65.3698, 85040
65.3715, 85040
65.373, 85040
65.3744, 85040
65.3759, 85040
65.3774, 85040
65.3789, 85040
65.3805, 85040
65.3821, 85040
65.3836, 85040
65.3852, 85040
65.3867, 85040
65.3882, 85040
65.3898, 85040
65.3914, 85040
65.3929, 85040
65.3943, 85040
65.3957, 85040
65.3973, 85040
65.3986, 85040
65.4, 85256
65.4015, 85256
65.4029, 85256
65.4044, 85256
65.4058, 85256
65.4074, 85040
65.4089, 85040
65.4106, 85040
65.4122, 85040
65.4138, 85040
65.4154, 85040
65.4168, 85040
65.4182, 85040
65.4198, 85040
65.4213, 85040
65.4228, 85040
65.4244, 85040
65.4259, 85040
65.4274, 85040
65.4288, 85040
65.4303, 85040
65.4317, 85040
65.4332, 85040
65.4346, 85040
65.436, 85040
65.4377, 85040
65.4394, 85040
65.4411, 85040
65.4427, 85040
65.4443, 85040
65.4457, 85040
65.4474, 85040
65.449, 85040
65.4505, 85040
65.4519, 85040
65.4531, 85040
65.4542, 85040
65.4554, 85040
65.4566, 85040
65.4577, 85040
65.4589, 84824
65.46, 84824
65.4612, 84824
65.4624, 84824
65.4635, 84824
65.4647, 84824
65.4658, 84824
65.4669, 84824
65.4681, 84824
65.4692, 84824
65.4704, 84824
65.4715, 84824
65.4727, 84824
65.4738, 84824
65.475, 84824
65.4761, 84824
65.4772, 84824
65.4783, 84824
65.4795, 84824
65.4806, 84824
65.4817, 84824
65.4828, 84824
65.4839, 84824
65.485, 85040
65.4862, 85040
65.4873, 85040
65.4884, 85040
65.4895, 85040
65.4906, 85040
65.4917, 85040
65.4928, 85040
65.4939, 85040
65.4951, 85040
65.4962, 85040
65.4973, 85040
65.4984, 85040
65.4996, 85040
65.5007, 85040
65.5018, 85040
65.5029, 85040
65.504, 85040
65.5051, 85040
65.5062, 85040
65.5074, 85040
65.5085, 85040
65.5096, 85040
65.5107, 85256
65.5118, 85256
65.5129, 85256
65.514, 85256
65.5151, 85256
65.5162, 85256
65.5173, 85256
65.5184, 85256
65.5195, 85256
65.5206, 85256
65.5217, 85256
65.5228, 85256
65.5239, 85256
65.5251, 85256
65.5264, 85256
65.5275, 85256
65.5287, 85256
65.5298, 85256
65.531, 85256
65.5323, 85256
65.5335, 85256
65.5347, 85256
65.5358, 84824
65.537, 84824
65.5382, 84824
65.5394, 84824
65.5407, 84824
65.542, 84824
65.5432, 84824
65.5443, 84824
65.5454, 84824
65.5512, 84824
65.5526, 85040
65.5539, 85040
65.5551, 85040
65.5563, 85040
65.5591, 85040
65.5604, 85040
65.5617, 84824
65.5629, 84824
65.5641, 84824
65.5652, 84824
65.5663, 84824
65.5675, 84824
65.5687, 84824
65.5698, 84608
65.571, 84608
65.5721, 84608
65.5821, 84608
65.5834, 84608
65.5846, 84608
65.5857, 84608
65.5869, 84824
65.588, 84824
65.5892, 84824
65.5903, 84824
65.5914, 84824
65.5926, 84824
65.5937, 84824
65.5948, 84824
65.5959, 84392
65.5971, 84392
65.5982, 84392
65.5994, 84392
65.6005, 84392
65.6016, 84392
65.6028, 84392
65.604, 84176
65.6051, 84176
65.6062, 84176
65.6074, 84176
65.6086, 84176
65.61, 84176
65.6113, 84176
65.6132, 84608
65.6145, 84608
65.6157, 84608
65.6168, 84608
65.618, 84608
65.6211, 85688
65.6231, 85688
65.6244, 85688
65.6264, 85688
65.6277, 85688
65.629, 85688
65.6301, 85904
65.6313, 85904
65.6324, 85904
65.6335, 85904
65.6347, 85904
65.6358, 85904
65.6384, 86120
65.6408, 86120
65.6421, 86120
65.6439, 86120
65.6452, 86120
65.6463, 85472
65.6474, 85472
65.6486, 85472
65.6497, 85472
65.6509, 85472
65.652, 85472
65.6532, 85472
65.6542, 85472
65.658, 85256
65.6594, 85256
65.6609, 85256
65.6623, 85256
65.6638, 85040
65.6663, 85040
65.6676, 85040
65.6689, 85040
65.6702, 85040
65.6715, 85040
65.6728, 84824
65.6739, 84824
65.6751, 84824
65.6763, 84824
65.6774, 84824
65.6786, 84824
65.6797, 84824
65.6808, 84392
65.682, 84392
65.6832, 84392
65.6843, 84392
65.6856, 84392
65.687, 84392
65.6884, 84392
65.6895, 84176
65.6907, 84176
65.6918, 84176
65.693, 84176
65.6941, 84176
65.6953, 84176
65.6964, 84176
65.6976, 83960
65.6987, 83960
65.6999, 83960
65.701, 83960
65.7022, 83960
65.7033, 83960
65.7045, 83960
65.7056, 83960
65.7067, 83744
65.7079, 83744
65.709, 83744
65.7102, 83744
65.7113, 83744
65.7124, 83744
65.7136, 83744
65.7147, 83744
65.7159, 83744
65.717, 83744
65.7181, 83744
65.7193, 83744
65.7204, 83744
65.7216, 83744
65.7227, 83744
65.7239, 83744
65.725, 83744
65.7262, 83744
65.7274, 83744
65.7285, 83744
65.7296, 83744
65.7308, 83744
65.732, 83528
65.7331, 83528
65.7342, 83528
65.7353, 83528
65.7364, 83528
65.7375, 83528
65.7386, 83528
65.7397, 83528
65.7408, 83528
65.7419, 83528
65.743, 83528
65.7442, 83528
65.7453, 83528
65.7464, 83528
65.7475, 83528
65.7486, 83528
65.7498, 83528
65.7509, 83528
65.752, 83528
65.7531, 83528
65.7542, 83528
65.7553, 83528
65.7564, 83528
65.7575, 83528
65.7586, 83528
65.7597, 83528
65.7608, 83528
65.7619, 83528
65.7631, 83528
65.7642, 83528
65.7653, 83528
65.7664, 83960
65.7675, 83960
65.7686, 83960
65.7697, 83960
65.7708, 83960
65.7719, 83960
65.773, 83960
65.7741, 83960
65.7752, 83960
65.7763, 83960
65.7774, 83960
65.7785, 83960
65.7796, 83960
65.7807, 83960
65.7818, 83960
65.7829, 83960
65.784, 83960
65.7851, 83960
65.7862, 83960
65.7872, 83960
65.7883, 83960
65.7894, 83960
65.7905, 83960
65.7916, 83960
65.7927, 83960
65.7938, 83960
65.7949, 83960
65.796, 83960
65.7971, 83960
65.7982, 83960
65.7993, 83960
65.8004, 83960
65.8016, 83960
65.8027, 83960
65.8038, 83960
65.8049, 83960
65.806, 83960
65.8071, 83960
65.8082, 83960
65.8093, 83744
65.8104, 83744
65.8115, 83744
65.8126, 83744
65.8138, 83744
65.8149, 83744
65.816, 83744
65.8171, 83744
65.8182, 83744
65.8193, 83744
65.8204, 83744
65.8215, 83744
65.8226, 83744
65.8237, 83744
65.8248, 83744
65.826, 83528
65.8271, 83528
65.8282, 83528
65.8293, 83528
65.8304, 83528
65.8316, 83528
65.8327, 83528
65.8338, 83528
65.8349, 83744
65.836, 83744
65.8371, 83744
65.8382, 83744
65.8393, 83744
65.8404, 83744
65.8415, 83744
65.8427, 83528
65.8438, 83528
65.8449, 83528
65.846, 83528
65.8471, 83528
65.8482, 83528
65.8493, 83528
65.8504, 83528
65.8516, 83744
65.8527, 83744
65.8539, 83744
65.8552, 83744
65.8565, 83744
65.8577, 83744
65.859, 83744
65.8603, 83744
65.8616, 83744
65.8629, 83744
65.8642, 83744
65.8655, 83744
65.8668, 83744
65.8681, 83744
65.8695, 83744
65.8707, 83744
65.8718, 83744
65.873, 83744
65.8741, 83744
65.8752, 83744
65.8764, 83744
65.8775, 83744
65.8787, 83744
65.8798, 83744
65.8809, 83744
65.8821, 83744
65.8834, 83744
65.8846, 83744
65.886, 83960
65.8873, 83960
65.8884, 83960
65.8895, 83960
65.8907, 83960
65.892, 83960
65.8933, 83960
65.8946, 83960
65.8964, 83960
65.8976, 83960
65.8989, 83960
65.9001, 83960
65.9014, 83960
65.9026, 83744
65.9038, 83744
65.9051, 83744
65.9064, 83744
65.9076, 83744
65.9088, 83744
65.91, 83744
65.9112, 83528
65.9123, 83528
65.9143, 83528
65.9156, 83528
65.9168, 83528
65.9181, 83528
65.9193, 83528
65.9205, 83744
65.9216, 83744
65.9228, 83744
65.9239, 83744
65.9251, 83744
65.9263, 83744
65.9275, 83744
65.9286, 83528
65.9298, 83528
65.931, 83528
65.9327, 83528
65.9339, 83528
65.9351, 83528
65.9364, 83528
65.9375, 83528
65.9387, 83528
65.9399, 83528
65.941, 83528
65.9422, 83528
65.9434, 83528
65.9445, 83528
65.9457, 83528
65.9474, 83528
65.9486, 83528
65.9501, 83528
65.9513, 83528
65.9525, 83528
65.9547, 83528
65.956, 83528
65.9573, 83528
65.9586, 83528
65.96, 83528
65.9613, 83528
65.9629, 83528
65.9641, 83528
65.9653, 83528
65.9665, 83528
65.9676, 83528
65.9688, 83528
65.9699, 83528
65.971, 83528
65.9721, 83528
65.9733, 83528
65.9745, 83528
65.9756, 83528
65.9767, 83528
65.9779, 83528
65.979, 83312
65.9802, 83312
65.9813, 83312
65.9825, 83312
65.9836, 83312
65.9848, 83312
65.9859, 83312
65.9871, 83312
65.9882, 83312
65.9894, 83312
65.9906, 83312
65.9918, 83312
65.9929, 83312
65.994, 83312
65.9952, 83312
65.9963, 83096
65.9975, 83096
65.9987, 83096
65.9999, 83096
66.001, 83096
66.0022, 83096
66.0033, 83096
66.0045, 83096
66.0056, 83096
66.0068, 83096
66.0079, 83096
66.0091, 83096
66.0103, 83096
66.0114, 83096
66.0126, 83096
66.0137, 83096
66.0149, 83096
66.016, 83096
66.0172, 83096
66.0183, 83096
66.0195, 83096
66.0206, 83096
66.0217, 83096
66.0229, 83096
66.024, 83096
66.0251, 83096
66.0263, 83096
66.0274, 83096
66.0286, 83096
66.0297, 83096
66.0309, 83096
66.032, 83096
66.0331, 83096
66.0343, 83096
66.0354, 83096
66.0366, 83096
66.0377, 83096
66.0389, 83096
66.04, 83096
66.0412, 83096
66.0423, 83096
66.0434, 83096
66.0446, 83096
66.0457, 83096
66.0469, 83096
66.048, 83096
66.0492, 83096
66.0504, 83096
66.0515, 83096
66.0527, 83096
66.0538, 83096
66.055, 83096
66.0562, 83096
66.0574, 83096
66.0587, 83096
66.0599, 83096
66.0611, 83096
66.0623, 83096
66.0635, 83096
66.0647, 83096
66.0659, 83096
66.0671, 83096
66.0682, 83096
66.0694, 83096
66.0707, 83096
66.0719, 83096
66.073, 83096
66.0742, 83096
66.0785, 83096
66.0799, 83096
66.0882, 83096
66.0902, 83312
66.0916, 83312
66.0929, 83312
66.0967, 83312
66.0981, 83312
66.0996, 83312
66.1009, 83312
66.1022, 83312
66.1035, 83312
66.1049, 83312
66.1063, 83312
66.1079, 83312
66.1092, 83312
66.1104, 83312
66.1116, 83312
66.1128, 83312
66.114, 83312
66.1152, 83312
66.1165, 83312
66.1177, 83312
66.1189, 83312
66.1203, 83312
66.1215, 83312
66.1227, 83312
66.1239, 83312
66.1251, 83096
66.1262, 83096
66.1275, 83096
66.1286, 83096
66.1298, 83096
66.131, 83096
66.1322, 83096
66.1333, 83096
66.1345, 83096
66.1357, 83096
66.1369, 83096
66.1381, 83096
66.1393, 83096
66.1405, 83096
66.1417, 82880
66.1428, 82880
66.144, 82880
66.1452, 82880
66.1464, 82880
66.1476, 82880
66.149, 82880
66.1501, 82880
66.1514, 82880
66.1526, 82880
66.1537, 82880
66.1549, 82880
66.1561, 82880
66.1573, 82880
66.1585, 82880
66.1597, 82880
66.1608, 82880
66.1621, 82880
66.1632, 82880
66.1644, 82880
66.1656, 82880
66.1668, 82880
66.168, 82880
66.1693, 82880
66.1705, 82880
66.1717, 82880
66.1729, 82880
66.1741, 82880
66.1753, 82880
66.1764, 82664
66.1776, 82664
66.1788, 82664
66.1801, 82664
66.1814, 82664
66.1826, 82664
66.1838, 82448
66.185, 82448
66.1862, 82448
66.1874, 82448
66.1886, 82448
66.1898, 82448
66.1909, 82448
66.1921, 82448
66.1933, 82448
66.1945, 82448
66.1957, 82448
66.1969, 82448
66.1981, 82448
66.1993, 82448
66.2005, 82448
66.2049, 82448
66.2063, 82448
66.2138, 82664
66.2165, 82664
66.219, 83096
66.2203, 83096
66.2216, 83096
66.2228, 83096
66.2242, 83096
66.2255, 83096
66.2268, 83312
66.2281, 83312
66.2292, 83312
66.2305, 83312
66.2317, 83312
66.2329, 83312
66.2341, 83312
66.2353, 83312
66.2364, 83312
66.2376, 83312
66.2389, 83312
66.2401, 83312
66.2413, 83312
66.2424, 83312
66.2467, 83312
66.2482, 83312
66.2509, 83312
66.2523, 83312
66.2539, 83312
66.2553, 83312
66.2566, 83312
66.2579, 83312
66.2592, 83312
66.2605, 83312
66.2619, 83312
66.2632, 83312
66.2647, 83312
66.266, 83312
66.2672, 83312
66.2683, 83312
66.2696, 83528
66.2707, 83528
66.2719, 83528
66.2731, 83528
66.2743, 83528
66.2755, 83528
66.2768, 83528
66.278, 83096
66.2792, 83096
66.2804, 83096
66.2843, 83096
66.2855, 83096
66.2899, 83096
66.302, 83312
66.3035, 83312
66.3048, 83312
66.306, 83312
66.3072, 83312
66.3084, 83312
66.3096, 83312
66.3108, 83312
66.3121, 83312
66.3133, 83312
66.3145, 83312
66.3157, 83312
66.3169, 83312
66.3182, 83312
66.3195, 83312
66.3207, 83312
66.322, 83312
66.3232, 83312
66.3245, 83312
66.3257, 83312
66.3269, 83312
66.3282, 83312
66.3294, 83312
66.3306, 83312
66.332, 83312
66.3333, 83312
66.3346, 83312
66.3359, 83312
66.3372, 83312
66.3384, 83312
66.3397, 83312
66.341, 83312
66.3423, 83312
66.3435, 83312
66.3447, 83312
66.346, 83312
66.3476, 83312
66.3489, 83312
66.3502, 83312
66.3514, 83312
66.3533, 83312
66.3585, 83312
66.3612, 83312
66.3641, 83312
66.3655, 83312
66.3667, 83312
66.3681, 83312
66.3702, 83312
66.3716, 83096
66.3729, 83096
66.3743, 83096
66.376, 83096
66.3776, 83096
66.379, 83096
66.3805, 83312
66.3819, 83312
66.3833, 83312
66.3847, 83312
66.3864, 83312
66.3892, 83312
66.3913, 83312
66.3934, 83312
66.395, 83312
66.3967, 83312
66.3985, 83312
66.4001, 83312
66.4019, 83312
66.4046, 83312
66.4064, 83312
66.4084, 83312
66.4104, 83312
66.4122, 83312
66.4141, 83312
66.4159, 83312
66.4178, 83312
66.4203, 83312
66.4222, 83312
66.424, 83312
66.4259, 83312
66.4277, 83312
66.4294, 83312
66.4307, 83312
66.432, 83312
66.4333, 83312
66.4346, 83312
66.4359, 83312
66.4371, 83312
66.4384, 83312
66.44, 83528
66.4416, 83528
66.4429, 83528
66.4442, 83528
66.4455, 83528
66.4467, 83528
66.448, 83528
66.4493, 83528
66.4506, 83528
66.4518, 83528
66.4531, 83528
66.4544, 83528
66.4557, 83528
66.4569, 83744
66.4582, 83744
66.4595, 83744
66.4608, 83744
66.4623, 83744
66.4639, 83744
66.4656, 83744
66.467, 83744
66.469, 83744
66.4704, 83744
66.4717, 83744
66.473, 83744
66.4744, 83744
66.4761, 83744
66.4783, 83744
66.4805, 83744
66.4823, 83744
66.4839, 83744
66.4851, 83744
66.4863, 83744
66.4874, 83744
66.4886, 83744
66.4898, 83744
66.491, 83744
66.4924, 83744
66.4937, 83744
66.495, 83744
66.4962, 83744
66.4974, 83744
66.4987, 83744
66.5, 83528
66.5012, 83528
66.5024, 83528
66.5036, 83528
66.5048, 83528
66.5061, 83528
66.5073, 83528
66.5085, 83528
66.5097, 83528
66.5109, 83528
66.5121, 83528
66.5133, 83528
66.5146, 83528
66.5158, 83528
66.517, 83528
66.5182, 83528
66.5195, 83528
66.5208, 83528
66.522, 83528
66.5232, 83528
66.5244, 83528
66.5257, 83312
66.5269, 83312
66.5282, 83312
66.5294, 83312
66.5307, 83312
66.5319, 83312
66.5332, 83312
66.5344, 83312
66.5357, 83312
66.5369, 83312
66.5382, 83312
66.5395, 83312
66.5407, 83312
66.5419, 83312
66.5433, 83312
66.5446, 83312
66.5458, 83312
66.5471, 83312
66.5484, 83312
66.5497, 83312
66.5509, 83312
66.5523, 83312
66.5535, 83312
66.5547, 83312
66.556, 83312
66.5572, 83312
66.5584, 83312
66.5596, 83312
66.5609, 83312
66.5622, 83312
66.5634, 83312
66.5649, 83312
66.5661, 83312
66.5673, 83312
66.5686, 83096
66.5698, 83096
66.5711, 83096
66.5723, 83096
66.5735, 83096
66.5748, 83096
66.576, 83096
66.5773, 83096
66.5785, 83096
66.5798, 83096
66.581, 83096
66.5822, 83096
66.5835, 83096
66.5848, 83096
66.5861, 83096
66.5873, 83096
66.5885, 83096
66.5897, 83096
66.591, 83096
66.5923, 83096
66.5936, 83096
66.5949, 83096
66.5964, 83096
66.5977, 83096
66.5989, 83096
66.6002, 83096
66.6014, 83096
66.6026, 82880
66.6039, 82880
66.6051, 82880
66.6062, 82880
66.6074, 82880
66.6086, 82880
66.6097, 82880
66.6109, 82880
66.6121, 82880
66.6132, 82880
66.6144, 82880
66.6155, 82880
66.6167, 82880
66.6178, 82880
66.6189, 82880
66.6201, 82880
66.6212, 82880
66.6224, 82880
66.6236, 82880
66.6248, 82880
66.6259, 82880
66.6271, 82880
66.6283, 82880
66.6294, 82880
66.6306, 82880
66.6318, 82880
66.6329, 82880
66.6341, 82880
66.6353, 82880
66.6364, 83096
66.6376, 83096
66.6388, 83096
66.64, 83096
66.6412, 83096
66.6425, 83096
66.6437, 83096
66.645, 83528
66.6462, 83528
66.6474, 83528
66.6487, 83528
66.6501, 83528
66.6514, 83528
66.6526, 83528
66.6539, 83744
66.6552, 83744
66.6564, 83744
66.6576, 83744
66.6589, 83744
66.6601, 83744
66.6613, 83744
66.6625, 83744
66.6637, 83744
66.6649, 83744
66.6661, 83744
66.6674, 83744
66.6687, 83744
66.6699, 83744
66.6713, 83528
66.6725, 83528
66.6737, 83528
66.675, 83528
66.6762, 83528
66.6774, 83528
66.6787, 83528
66.6799, 83312
66.6812, 83312
66.6823, 83312
66.6836, 83312
66.6847, 83312
66.6859, 83312
66.6872, 83312
66.6884, 83096
66.6896, 83096
66.6908, 83096
66.6921, 83096
66.6933, 83096
66.6946, 83096
66.6958, 82880
66.697, 82880
66.6983, 82880
66.6995, 82880
66.7008, 82880
66.7025, 82880
66.7038, 82880
66.705, 82880
66.7062, 82880
66.7075, 82880
66.7087, 82880
66.7099, 82880
66.7113, 82880
66.7125, 82880
66.7138, 82664
66.715, 82664
66.7162, 82664
66.7175, 82664
66.7195, 82664
66.7208, 82664
66.7348, 82664
66.7419, 82880
66.7454, 82880
66.747, 83096
66.7484, 83096
66.7499, 83096
66.7513, 83096
66.7528, 83096
66.7544, 83096
66.7632, 83096
66.7654, 83096
66.7673, 83096
66.7691, 83096
66.771, 83096
66.7728, 83312
66.7741, 83312
66.7861, 83312
66.7878, 83312
66.7895, 83312
66.7912, 83312
66.7928, 83312
66.7942, 83312
66.7955, 83312
66.7967, 83312
66.7979, 83312
66.7992, 83312
66.8004, 83312
66.8016, 83312
66.8028, 83312
66.8039, 83312
66.8052, 83312
66.8064, 83312
66.8077, 83312
66.8089, 83312
66.8102, 83312
66.8114, 83312
66.8135, 83312
66.8161, 83096
66.8182, 83096
66.8204, 83096
66.8226, 83096
66.8245, 83096
66.8262, 83096
66.8277, 83096
66.8294, 83096
66.8336, 83096
66.8391, 83096
66.8415, 83096
66.8444, 83096
66.8463, 83096
66.8481, 83096
66.8555, 83312
66.8621, 83312
66.8642, 83312
66.8661, 83312
66.8679, 83312
66.8696, 83312
66.8714, 83312
66.873, 83312
66.8745, 83312
66.8768, 83312
66.8789, 83312
66.8809, 83312
66.8824, 83312
66.8859, 83096
66.8932, 83312
66.9026, 83312
66.9118, 83312
66.916, 83312
66.9219, 83528
66.9237, 83528
66.9249, 83528
66.9261, 83528
66.9274, 83528
66.9286, 83528
66.9298, 83528
66.9309, 83528
66.9321, 83528
66.9332, 83528
66.9344, 83528
66.9355, 83528
66.9368, 83528
66.9389, 83528
66.9403, 83528
66.9415, 83528
66.9428, 83528
66.944, 83528
66.9453, 83528
66.9465, 83528
66.9478, 83528
66.9491, 83528
66.9504, 83528
66.9519, 83528
66.9533, 83528
66.9546, 83528
66.9558, 83528
66.9571, 83528
66.9583, 83528
66.9596, 83528
66.9609, 83528
66.9622, 83528
66.9636, 83528
66.9649, 83528
66.9662, 83528
66.9675, 83528
66.9688, 83528
66.9707, 83528
66.9722, 83528
66.9735, 83528
66.9748, 83528
66.9761, 83528
66.9773, 83528
66.9786, 83528
66.9799, 83528
66.9811, 83528
66.9824, 83528
66.9837, 83528
66.9849, 83528
66.9861, 83744
66.9873, 83744
66.9886, 83744
66.9898, 83744
66.9912, 83744
66.9924, 83744
66.9937, 83744
66.9949, 83744
66.9961, 83744
66.9974, 83744
66.9986, 83744
66.9999, 83744
67.0011, 83744
67.0023, 83744
67.0036, 83744
67.0049, 83744
67.0062, 83744
67.0074, 83744
67.0087, 83744
67.0099, 83744
67.0114, 83744
67.0127, 83744
67.014, 83744
67.0153, 83744
67.0165, 83744
67.0177, 83744
67.0188, 83744
67.0199, 83744
67.0211, 83528
67.0222, 83528
67.0234, 83528
67.0245, 83528
67.0256, 83528
67.0268, 83528
67.0279, 83528
67.0291, 83528
67.0304, 83528
67.0316, 83528
67.0328, 83528
67.0339, 83528
67.0351, 83528
67.0363, 83528
67.0375, 83744
67.0386, 83744
67.0398, 83744
67.0409, 83744
67.0421, 83744
67.0432, 83744
67.0444, 83744
67.0455, 83744
67.0467, 83960
67.0478, 83960
67.0489, 83960
67.0501, 83960
67.0512, 83960
67.0524, 83960
67.0535, 83960
67.0547, 83744
67.0558, 83744
67.0569, 83744
67.0581, 83744
67.0592, 83744
67.0604, 83744
67.0615, 83744
67.0626, 83744
67.0638, 83744
67.0649, 83744
67.0661, 83744
67.0672, 83744
67.0683, 83744
67.0695, 83744
67.0706, 83744
67.0718, 83744
67.0729, 83744
67.0741, 83744
67.0752, 83744
67.0763, 83744
67.0775, 83744
67.0786, 83744
67.0797, 83744
67.0809, 83744
67.082, 83744
67.0831, 83744
67.0843, 83744
67.0854, 83744
67.0866, 83744
67.0877, 83744
67.0889, 83744
67.09, 83744
67.0912, 83744
67.0923, 83744
67.0935, 83744
67.0946, 83744
67.0958, 83744
67.0969, 83960
67.098, 83960
67.0992, 83960
67.1003, 83960
67.1014, 83960
67.1026, 83960
67.1037, 83960
67.1049, 83960
67.106, 83960
67.1072, 83960
67.1083, 83960
67.1095, 83960
67.1106, 83960
67.1117, 83960
67.1129, 83960
67.114, 83960
67.1151, 83960
67.1163, 83960
67.1174, 83960
67.1186, 83960
67.1197, 83960
67.1208, 83960
67.122, 83960
67.1232, 83960
67.1243, 83960
67.1254, 83960
67.1266, 83960
67.1277, 83960
67.1289, 83960
67.13, 83960
67.1312, 83960
67.1323, 83960
67.1334, 83960
67.1346, 83960
67.1358, 83960
67.137, 83960
67.1381, 83960
67.1393, 83960
67.1404, 83960
67.1416, 83960
67.1427, 83960
67.1439, 83960
67.145, 83960
67.1462, 83960
67.1473, 83960
67.1484, 83960
67.1496, 83960
67.1507, 83960
67.1519, 83960
67.153, 83960
67.1541, 83960
67.1553, 83960
67.1564, 83960
67.1576, 83744
67.1587, 83744
67.1599, 83744
67.161, 83744
67.1621, 83744
67.1633, 83744
67.1644, 83744
67.1656, 83744
67.1667, 83744
67.1679, 83744
67.169, 83744
67.1701, 83744
67.1713, 83744
67.1724, 83744
67.1736, 83744
67.1747, 83744
67.1759, 83744
67.177, 83744
67.1782, 83744
67.1793, 83744
67.1804, 83744
67.1816, 83744
67.1827, 83744
67.1839, 83744
67.185, 83744
67.1861, 83744
67.1873, 83744
67.1884, 83744
67.1896, 83744
67.1907, 83744
67.1919, 83744
67.193, 83744
67.1941, 83744
67.1953, 83744
67.1964, 83744
67.1976, 83744
67.1987, 83744
67.1998, 83744
67.201, 83744
67.2021, 83744
67.2033, 83744
67.2044, 83744
67.2055, 83744
67.2067, 83744
67.2078, 83744
67.209, 83744
67.2101, 83744
67.2113, 83744
67.2124, 83744
67.2136, 83744
67.2147, 83744
67.2159, 83744
67.217, 83744
67.2181, 83744
67.2193, 83744
67.2204, 83744
67.2216, 83744
67.2227, 83744
67.2239, 83744
67.225, 83528
67.2261, 83528
67.2273, 83528
67.2284, 83528
67.2296, 83528
67.2307, 83528
67.2319, 83528
67.233, 83528
67.2342, 83744
67.2353, 83744
67.2365, 83744
67.2376, 83744
67.2388, 83744
67.2399, 83744
67.2411, 83744
67.2422, 83528
67.2434, 83528
67.2445, 83528
67.2457, 83528
67.2468, 83528
67.248, 83528
67.2491, 83528
67.2503, 83528
67.2515, 83528
67.2526, 83528
67.2537, 83528
67.2549, 83528
67.256, 83528
67.2572, 83528
67.2583, 83528
67.2595, 83528
67.2606, 83528
67.2617, 83528
67.2629, 83528
67.264, 83528
67.2652, 83528
67.2663, 83528
67.2675, 83528
67.2686, 83528
67.2697, 83528
67.2709, 83528
67.272, 83528
67.2732, 83528
67.2743, 83528
67.2755, 83528
67.2766, 83312
67.2778, 83312
67.2789, 83312
67.2801, 83312
67.2812, 83312
67.2824, 83312
67.2835, 83312
67.2846, 83528
67.2858, 83528
67.2869, 83528
67.2881, 83528
67.2892, 83528
67.2904, 83528
67.2915, 83528
67.2927, 83528
67.2938, 83312
67.295, 83312
67.2961, 83312
67.2973, 83312
67.2984, 83312
67.2995, 83312
67.3007, 83312
67.3018, 83312
67.303, 83312
67.3041, 83312
67.3052, 83312
67.3064, 83312
67.3075, 83312
67.3087, 83312
67.3098, 83312
67.311, 83096
67.3121, 83096
67.3133, 83096
67.3191, 83096
67.3343, 83312
67.3365, 83528
67.3381, 83528
67.3396, 83528
67.341, 83528
67.3424, 83528
67.3438, 83528
67.3456, 83744
67.3472, 83744
67.3484, 83744
67.3496, 83744
67.3509, 83744
67.3522, 83744
67.3535, 83744
67.3659, 83960
67.3679, 83960
67.3694, 83960
67.3708, 84176
67.3722, 84176
67.3736, 84176
67.3748, 84176
67.3761, 84176
67.3774, 84176
67.3787, 83960
67.38, 83960
67.3815, 83960
67.3832, 83960
67.3845, 83960
67.3858, 83960
67.3871, 83960
67.3884, 83960
67.3897, 83960
67.3909, 83960
67.3922, 83960
67.3935, 83960
67.3949, 83960
67.3962, 83960
67.3976, 83960
67.3989, 83960
67.4002, 83960
67.4015, 83960
67.4027, 83960
67.404, 83960
67.4053, 83960
67.4065, 83960
67.4078, 83960
67.409, 83960
67.4103, 83960
67.4115, 83960
67.4128, 83960
67.4141, 83960
67.4153, 83960
67.4166, 83960
67.4179, 83960
67.4192, 83960
67.4204, 83960
67.4218, 83960
67.4232, 83960
67.4245, 83960
67.4257, 83960
67.4269, 83960
67.4282, 83960
67.4294, 83960
67.4307, 83960
67.432, 83960
67.4333, 83960
67.4346, 83960
67.4359, 83960
67.4371, 83960
67.4384, 83744
67.4397, 83744
67.4409, 83744
67.4421, 83744
67.4433, 83744
67.4446, 83744
67.4458, 83744
67.447, 83960
67.4482, 83960
67.4494, 83960
67.4507, 83960
67.452, 83960
67.4534, 83960
67.4548, 83960
67.4562, 83744
67.4576, 83744
67.4588, 83744
67.4601, 83744
67.4614, 83744
67.4626, 83744
67.4639, 83744
67.4651, 83744
67.4663, 83744
67.4674, 83744
67.4686, 83744
67.4698, 83744
67.4709, 83744
67.4721, 83744
67.4732, 83744
67.4744, 83744
67.4755, 83744
67.4767, 83744
67.4778, 83744
67.4789, 83744
67.4801, 83744
67.4812, 83744
67.4823, 83744
67.4835, 83744
67.4846, 83744
67.4857, 83744
67.4869, 83744
67.488, 83744
67.4892, 83744
67.4903, 83744
67.4915, 83744
67.4926, 83744
67.4937, 83744
67.4949, 83744
67.496, 83744
67.4971, 83744
67.4983, 83528
67.4994, 83528
67.5005, 83528
67.5017, 83528
67.5028, 83528
67.504, 83528
67.5051, 83528
67.5062, 83528
67.5074, 83744
67.5085, 83744
67.5097, 83744
67.5108, 83744
67.5119, 83744
67.5131, 83744
67.5142, 83744
67.5153, 83744
67.5165, 83744
67.5176, 83744
67.5188, 83744
67.5199, 83744
67.521, 83744
67.5222, 83744
67.5233, 83744
67.5245, 83744
67.5256, 83744
67.5267, 83744
67.5279, 83744
67.529, 83744
67.5302, 83744
67.5313, 83744
67.5325, 83744
67.5337, 83744
67.5348, 83744
67.5359, 83744
67.5371, 83744
67.5382, 83744
67.5393, 83744
67.5405, 83744
67.5416, 83744
67.5427, 83744
67.5438, 83744
67.545, 83744
67.5461, 83744
67.5472, 83744
67.5484, 83744
67.5495, 83744
67.5506, 83744
67.5518, 83744
67.5529, 83744
67.554, 83744
67.5552, 83744
67.5563, 83744
67.5575, 83744
67.5586, 83744
67.5597, 83744
67.5608, 83744
67.562, 83744
67.5631, 83744
67.5643, 83744
67.5654, 83744
67.5665, 83744
67.5676, 83744
67.5688, 83744
67.5699, 83744
67.571, 83744
67.5722, 83744
67.5733, 83744
67.5744, 83744
67.5756, 83744
67.5767, 83744
67.5779, 83744
67.579, 83744
67.5801, 83744
67.5813, 83744
67.5824, 83744
67.5835, 83744
67.5847, 83744
67.5858, 83744
67.587, 83744
67.5881, 83744
67.5892, 83744
67.5904, 83744
67.5915, 83744
67.5926, 83744
67.5938, 83744
67.5949, 83744
67.5961, 83744
67.5972, 83744
67.5983, 83744
67.5995, 83744
67.6006, 83960
67.6017, 83960
67.6028, 83960
67.604, 83960
67.6051, 83960
67.6063, 83960
67.6074, 83960
67.6086, 83960
67.6097, 83960
67.6109, 83960
67.6121, 83960
67.6132, 83960
67.6144, 83960
67.6155, 83960
67.6166, 83960
67.6178, 83960
67.6189, 83960
67.62, 83960
67.6212, 83960
67.6223, 83960
67.6235, 83960
67.6246, 83960
67.6257, 83960
67.6269, 83960
67.628, 83960
67.6292, 83960
67.6303, 83960
67.6314, 83960
67.6326, 83960
67.6337, 83960
67.6348, 83960
67.636, 83960
67.6371, 83960
67.6382, 83960
67.6394, 83960
67.6405, 83960
67.6417, 83960
67.6428, 83960
67.644, 83960
67.6451, 83960
67.6462, 83960
67.6474, 83960
67.6485, 83960
67.6496, 83960
67.6508, 83960
67.6519, 83960
67.6531, 83960
67.6542, 83960
67.6553, 83960
67.6565, 83960
67.6576, 83960
67.6587, 83960
67.6599, 83960
67.661, 83960
67.6622, 83960
67.6633, 83960
67.6644, 83960
67.6656, 83960
67.6667, 83960
67.6678, 83960
67.669, 83960
67.6701, 83960
67.6713, 83960
67.6724, 83960
67.6736, 83960
67.6747, 83960
67.6758, 83960
67.677, 83960
67.6781, 83960
67.6792, 83960
67.6804, 83960
67.6815, 83960
67.6826, 83960
67.6838, 83960
67.6849, 83960
67.6861, 83960
67.6873, 83960
67.6884, 83960
67.6895, 83960
67.6907, 83960
67.6918, 83960
67.693, 83960
67.6941, 83960
67.6953, 83960
67.6964, 83960
67.6975, 83960
67.6987, 83960
67.6998, 83960
67.701, 83960
67.7021, 83960
67.7032, 84176
67.7044, 84176
67.7055, 84176
67.7066, 84176
67.7078, 84176
67.7089, 84176
67.71, 84176
67.7112, 84176
67.7123, 83960
67.7135, 83960
67.7146, 83960
67.7157, 83960
67.7169, 83960
67.718, 83960
67.7192, 83960
67.7203, 83960
67.7214, 83960
67.7226, 83960
67.7237, 83960
67.7249, 83960
67.726, 83960
67.7272, 83960
67.7283, 83960
67.7294, 83960
67.7306, 83960
67.7317, 83960
67.7329, 83960
67.734, 83960
67.7351, 83960
67.7363, 83960
67.7374, 83960
67.7385, 83960
67.7397, 83960
67.7408, 83960
67.742, 83960
67.7431, 83960
67.7442, 83960
67.7454, 83960
67.7465, 83960
67.7477, 83960
67.7488, 83960
67.7499, 83960
67.7511, 83960
67.7522, 83960
67.7534, 83960
67.7545, 83960
67.7556, 83960
67.7568, 83960
67.7579, 83960
67.759, 83960
67.7602, 83960
67.7613, 83960
67.7624, 83960
67.7636, 83960
67.7647, 83960
67.7658, 83960
67.767, 83960
67.7681, 83960
67.7693, 83960
67.7704, 83960
67.7715, 83744
67.7727, 83744
67.7738, 83744
67.7749, 83744
67.7761, 83744
67.7772, 83744
67.7783, 83744
67.7795, 83744
67.7806, 83744
67.7818, 83744
67.783, 83744
67.7843, 83744
67.7856, 83744
67.7871, 83744
67.7884, 83744
67.7896, 83744
67.7908, 83744
67.792, 83744
67.7931, 83744
67.7943, 83744
67.7954, 83744
67.7966, 83744
67.7977, 83744
67.7989, 83744
67.8, 83744
67.8012, 83744
67.8023, 83744
67.8035, 83744
67.8046, 83744
67.8058, 83528
67.8069, 83528
67.8081, 83528
67.8093, 83528
67.8104, 83528
67.8116, 83528
67.8127, 83528
67.8139, 83312
67.815, 83312
67.8161, 83312
67.8173, 83312
67.8184, 83312
67.8196, 83312
67.8207, 83312
67.8219, 83312
67.823, 83312
67.8241, 83312
67.8253, 83312
67.8264, 83312
67.8276, 83312
67.8287, 83312
67.8299, 83312
67.831, 83312
67.8322, 83312
67.8333, 83312
67.8345, 83312
67.8356, 83312
67.8368, 83312
67.8379, 83312
67.8391, 83312
67.8402, 83096
67.8414, 83096
67.8425, 83096
67.8437, 83096
67.8448, 83096
67.8459, 83096
67.8471, 83096
67.8483, 83096
67.8494, 83096
67.8506, 83096
67.8517, 83096
67.8529, 83096
67.854, 83096
67.8552, 83096
67.8563, 83096
67.8574, 82880
67.8586, 82880
67.8597, 82880
67.8609, 82880
67.862, 82880
67.8632, 82880
67.8643, 82880
67.8654, 82880
67.8666, 82880
67.8677, 82880
67.8748, 82880
67.8842, 82880
67.8857, 82880
67.8872, 82880
67.8887, 82880
67.8903, 82880
67.892, 82880
67.8936, 82880
67.8952, 82880
67.8965, 82880
67.8978, 82880
67.8992, 83096
67.9006, 83096
67.9019, 83096
67.9032, 83096
67.9044, 83096
67.9056, 83096
67.9067, 83096
67.908, 83096
67.9092, 83096
67.9105, 83096
67.9118, 83096
67.913, 83096
67.9143, 83096
67.9155, 83096
67.9168, 83312
67.918, 83312
67.9193, 83312
67.9206, 83312
67.9218, 83312
67.9231, 83312
67.9243, 83312
67.9256, 83528
67.9268, 83528
67.9281, 83528
67.9293, 83528
67.9307, 83528
67.932, 83528
67.9332, 83528
67.9343, 83528
67.9355, 83528
67.9366, 83528
67.9378, 83528
67.9389, 83528
67.9401, 83528
67.9412, 83528
67.9423, 83096
67.9435, 83096
67.9446, 83096
67.9458, 83096
67.9469, 83096
67.948, 83096
67.9492, 83096
67.9505, 83096
67.9518, 83096
67.953, 83096
67.9544, 83096
67.9556, 83096
67.9568, 83096
67.958, 83096
67.9592, 83528
67.9603, 83528
67.9614, 83528
67.9625, 83528
67.9636, 83528
67.9648, 83528
67.9661, 83528
67.9672, 83528
67.9684, 83960
67.9696, 83960
67.9707, 83960
67.9719, 83960
67.9731, 83960
67.9743, 83960
67.9756, 83960
67.9772, 83960
67.9786, 83960
67.9799, 83960
67.9812, 83960
67.9825, 83960
67.9837, 83960
67.985, 84176
67.9863, 84176
67.9876, 84176
67.9888, 84176
67.9901, 84176
67.9914, 84176
67.9927, 84176
67.9939, 84392
67.9952, 84392
67.9965, 84392
67.9977, 84392
67.999, 84392
68.0004, 84392
68.0018, 84392
68.0033, 84392
68.0046, 84392
68.0059, 84392
68.0072, 84392
68.0085, 84392
68.0097, 84392
68.0108, 84392
68.012, 84392
68.0132, 84392
68.0144, 84392
68.0157, 84392
68.0172, 84392
68.0186, 84608
68.0199, 84608
68.0213, 84608
68.0226, 84608
68.0238, 84608
68.025, 84608
68.0261, 84608
68.0273, 84608
68.0286, 84608
68.0298, 84608
68.0311, 84608
68.0326, 84608
68.034, 84608
68.0354, 84608
68.0368, 84608
68.0381, 84608
68.0393, 84608
68.0406, 84608
68.042, 84608
68.0433, 84608
68.0445, 84608
68.0458, 84608
68.047, 84608
68.0483, 84608
68.0496, 84608
68.0509, 84608
68.0522, 84608
68.0534, 84608
68.0546, 84608
68.056, 84608
68.0574, 84608
68.0586, 84608
68.0598, 84608
68.0612, 84608
68.0624, 84608
68.0637, 84608
68.0649, 84608
68.066, 84608
68.0672, 84608
68.0685, 84608
68.0697, 84608
68.0709, 84608
68.0722, 84608
68.0734, 84608
68.0747, 84608
68.0759, 84608
68.0771, 84608
68.0783, 84608
68.0795, 84608
68.0807, 84608
68.0819, 84608
68.0831, 84608
68.0844, 84608
68.0855, 84608
68.0867, 84608
68.0878, 84824
68.089, 84824
68.0901, 84824
68.0913, 84824
68.0925, 84824
68.0936, 84824
68.0949, 84824
68.0961, 84608
68.0972, 84608
68.0984, 84608
68.0995, 84608
68.1007, 84608
68.1018, 84608
68.103, 84608
68.1041, 84608
68.1052, 84608
68.1064, 84608
68.1075, 84608
68.1087, 84608
68.1098, 84608
68.111, 84608
68.1121, 84608
68.1133, 84608
68.1147, 84608
68.1159, 84608
68.1171, 84608
68.1182, 84608
68.1194, 84608
68.1205, 84608
68.1217, 84608
68.1228, 84608
68.124, 84608
68.1253, 84608
68.1265, 84608
68.1277, 84608
68.129, 84608
68.1302, 84608
68.1315, 84608
68.1328, 84608
68.1341, 84608
68.1353, 84608
68.1367, 84608
68.138, 84608
68.1394, 84608
68.1408, 84608
68.1422, 84608
68.1436, 84608
68.1449, 84608
68.1462, 84608
68.1474, 84608
68.1486, 84608
68.1499, 84608
68.1512, 84608
68.1525, 84608
68.1537, 84608
68.155, 84608
68.1563, 84608
68.1576, 84608
68.1589, 84608
68.1602, 84608
68.1614, 84608
68.1627, 84608
68.164, 84392
68.1652, 84392
68.1664, 84392
68.1678, 84392
68.1691, 84392
68.1703, 84392
68.1716, 84392
68.1729, 84392
68.1741, 84392
68.1754, 84392
68.1767, 84392
68.178, 84392
68.1794, 84392
68.1807, 84608
68.182, 84608
68.1833, 84608
68.1846, 84608
68.1859, 84608
68.1872, 84608
68.1884, 84608
68.1896, 84392
68.1908, 84392
68.192, 84392
68.1933, 84392
68.1947, 84392
68.1961, 84392
68.1976, 84392
68.199, 84392
68.2003, 84392
68.2015, 84392
68.2027, 84392
68.2039, 84392
68.2051, 84392
68.2062, 84392
68.2074, 84392
68.2085, 84392
68.2097, 84392
68.2108, 84392
68.2121, 84392
68.2132, 84392
68.2144, 84392
68.2155, 84392
68.2167, 84392
68.2178, 84392
68.2189, 84392
68.2201, 84392
68.2213, 84392
68.2224, 84392
68.2236, 84392
68.2247, 84392
68.2259, 84392
68.227, 84392
68.2282, 84392
68.2294, 84392
68.2307, 84392
68.2319, 84392
68.233, 84392
68.2342, 84392
68.2353, 84392
68.2365, 84392
68.2376, 84392
68.2388, 84392
68.2401, 84392
68.2414, 84392
68.2427, 84392
68.244, 84392
68.2453, 84392
68.2466, 84392
68.2478, 84392
68.249, 84608
68.2502, 84608
68.2513, 84608
68.2525, 84608
68.2536, 84608
68.2548, 84608
68.256, 84608
68.2573, 84608
68.2587, 84392
68.26, 84392
68.2614, 84392
68.2627, 84392
68.2639, 84392
68.2653, 84392
68.2666, 84392
68.2679, 84392
68.2692, 84392
68.2706, 84392
68.272, 84392
68.2733, 84392
68.2746, 84392
68.2759, 84392
68.2773, 84392
68.2786, 84392
68.2799, 84392
68.2812, 84392
68.2824, 84392
68.2837, 84392
68.285, 84392
68.2863, 84392
68.2875, 84392
68.2888, 84392
68.2902, 84392
68.2915, 84392
68.2928, 84392
68.2943, 84392
68.2956, 84392
68.297, 84392
68.2983, 84392
68.2996, 84392
68.3009, 84392
68.3021, 84392
68.3032, 84392
68.3044, 84392
68.3055, 84392
68.3067, 84392
68.3079, 84392
68.309, 84392
68.3102, 84392
68.3115, 84392
68.3127, 84392
68.3138, 84392
68.315, 84392
68.3162, 84392
68.3173, 84392
68.3185, 84392
68.3197, 84392
68.3209, 84392
68.3224, 84392
68.3238, 84392
68.3252, 84392
68.3266, 84392
68.3279, 84392
68.3293, 84392
68.3307, 84392
68.332, 84392
68.3335, 84392
68.3349, 84392
68.3363, 84392
68.3378, 84392
68.3394, 84392
68.3411, 84392
68.3427, 84176
68.3443, 84176
68.3457, 84176
68.3471, 84176
68.3487, 84176
68.3501, 84176
68.3515, 84392
68.3526, 84392
68.3538, 84392
68.3549, 84392
68.3561, 84392
68.3572, 84392
68.3584, 84392
68.3596, 84392
68.3608, 84176
68.3619, 84176
68.3632, 84176
68.3644, 84176
68.3657, 84176
68.3669, 84176
68.368, 84176
68.3692, 83960
68.3703, 83960
68.3715, 83960
68.3727, 83960
68.3741, 83960
68.3754, 83960
68.3767, 83960
68.3781, 83528
68.3794, 83528
68.3806, 83528
68.3819, 83528
68.3832, 83528
68.3845, 83528
68.3858, 83744
68.387, 83744
68.3882, 83744
68.3894, 83744
68.3905, 83744
68.3916, 83744
68.3928, 83744
68.3939, 83744
68.3951, 83960
68.3962, 83960
68.3974, 83960
68.3985, 83960
68.3997, 83960
68.4008, 83960
68.402, 83960
68.4033, 83960
68.4046, 83960
68.4059, 83960
68.4072, 83960
68.4084, 83960
68.4097, 83960
68.4109, 83960
68.4121, 83960
68.4133, 83960
68.4144, 83960
68.4155, 83960
68.4167, 83960
68.4178, 83960
68.4189, 83960
68.4201, 83960
68.4213, 83960
68.4224, 83960
68.4235, 83960
68.4247, 83960
68.4258, 83960
68.4269, 83960
68.4281, 83960
68.4292, 83960
68.4303, 83960
68.4315, 83960
68.4326, 83960
68.4338, 83960
68.4349, 83960
68.4361, 83960
68.4373, 83960
68.4386, 83960
68.44, 83960
68.4413, 83960
68.4426, 83960
68.4438, 83960
68.4449, 83960
68.4461, 83744
68.4473, 83744
68.4485, 83744
68.4496, 83744
68.4508, 83744
68.4519, 83744
68.4531, 83744
68.4542, 83528
68.4555, 83528
68.4568, 83528
68.4582, 83528
68.4595, 83528
68.4608, 83528
68.4621, 83528
68.4633, 83744
68.4645, 83744
68.4658, 83744
68.4671, 83744
68.4683, 83744
68.4695, 83744
68.4707, 83744
68.4718, 83744
68.4729, 83744
68.4741, 83744
68.4752, 83744
68.4764, 83744
68.4775, 83744
68.4786, 83744
68.4798, 83528
68.4809, 83528
68.4821, 83528
68.4833, 83528
68.4846, 83528
68.4858, 83528
68.487, 83528
68.4882, 83528
68.4894, 83528
68.4906, 83528
68.4917, 83528
68.4929, 83528
68.494, 83528
68.4952, 83528
68.4963, 83528
68.4974, 83528
68.4986, 83528
68.4998, 83528
68.5013, 83528
68.5027, 83528
68.504, 83528
68.5053, 83528
68.5065, 83528
68.5078, 83528
68.5091, 83528
68.5103, 83528
68.5116, 83528
68.5129, 83528
68.5142, 83744
68.5155, 83744
68.5167, 83744
68.518, 83744
68.5193, 83744
68.5204, 83744
68.5216, 83744
68.5227, 83528
68.5239, 83528
68.525, 83528
68.5262, 83528
68.5273, 83528
68.5285, 83528
68.5298, 83528
68.5311, 83528
68.5325, 83528
68.5338, 83528
68.5353, 83528
68.5366, 83528
68.5378, 83528
68.5389, 83528
68.5401, 83744
68.5412, 83744
68.5424, 83744
68.5435, 83744
68.5447, 83744
68.5459, 83744
68.5471, 83744
68.5484, 84176
68.5496, 84176
68.5508, 84176
68.552, 84176
68.5531, 84176
68.5543, 84176
68.5554, 84176
68.5566, 84176
68.5578, 84176
68.559, 84176
68.5602, 84176
68.5614, 84176
68.5626, 84176
68.5637, 84176
68.5649, 84392
68.5661, 84392
68.5673, 84392
68.5685, 84392
68.5697, 84392
68.5709, 84392
68.5721, 84392
68.5733, 84608
68.5746, 84608
68.5759, 84608
68.5771, 84608
68.5784, 84608
68.5797, 84608
68.5809, 84608
68.5821, 84608
68.5833, 84608
68.5844, 84608
68.5856, 84608
68.5868, 84608
68.5879, 84608
68.5892, 84608
68.5904, 84608
68.5916, 84608
68.5927, 84608
68.5939, 84608
68.595, 84608
68.5962, 84608
68.5974, 84608
68.5986, 84608
68.5998, 84608
68.6011, 84608
68.6025, 84608
68.6039, 84608
68.6053, 84608
68.6066, 84608
68.6077, 84608
68.6089, 84608
68.6101, 84608
68.6112, 84608
68.6124, 84608
68.6136, 84608
68.6147, 84608
68.6159, 84608
68.6172, 84608
68.6184, 84608
68.6197, 84608
68.621, 84608
68.6222, 84608
68.6234, 84608
68.6246, 84608
68.6258, 84608
68.627, 84608
68.6281, 84608
68.6293, 84608
68.6304, 84608
68.6316, 84608
68.6328, 84608
68.634, 84608
68.6353, 84608
68.6367, 84608
68.638, 84608
68.6394, 84608
68.6406, 84608
68.6418, 84608
68.643, 84608
68.6441, 84608
68.6453, 84608
68.6464, 84608
68.6476, 84608
68.6488, 84608
68.65, 84608
68.6513, 84608
68.6525, 84608
68.6537, 84608
68.6549, 84608
68.6562, 84608
68.6574, 84608
68.6586, 84824
68.6597, 84824
68.661, 84824
68.6622, 84824
68.6634, 84824
68.6646, 84824
68.6658, 84824
68.6669, 84824
68.6681, 84824
68.6693, 84824
68.6705, 84824
68.6717, 84824
68.6729, 84824
68.6741, 84824
68.6754, 84824
68.6766, 84824
68.6777, 84824
68.6789, 84824
68.6801, 84824
68.6812, 84824
68.6824, 84824
68.6836, 84824
68.6847, 84824
68.686, 84824
68.6873, 84824
68.6884, 84824
68.6896, 84824
68.6907, 84824
68.6919, 84824
68.693, 84824
68.6942, 84824
68.6955, 84824
68.6968, 84824
68.698, 84824
68.6992, 84824
68.7005, 84824
68.7018, 85040
68.7031, 85040
68.7044, 85040
68.7057, 85040
68.7071, 85040
68.7085, 85040
68.7099, 84824
68.7113, 84824
68.7127, 84824
68.7139, 84824
68.7153, 84824
68.7166, 84824
68.7179, 84824
68.7193, 84824
68.7206, 84824
68.7221, 84824
68.7234, 84824
68.7246, 84824
68.7258, 84824
68.7272, 84824
68.7284, 84824
68.7297, 84824
68.7309, 84824
68.7323, 84824
68.7336, 84824
68.7349, 84824
68.7362, 85040
68.7375, 85040
68.7388, 85040
68.7402, 85040
68.7414, 85040
68.7427, 85040
68.7439, 85040
68.7452, 85040
68.7465, 85040
68.7478, 85040
68.7491, 85040
68.7504, 85040
68.7516, 85040
68.7528, 85040
68.7541, 85040
68.7555, 85040
68.7569, 85040
68.7582, 85040
68.7597, 85040
68.761, 85040
68.7623, 85040
68.7637, 85040
68.7651, 85040
68.7664, 85040
68.7678, 85040
68.7691, 85040
68.7704, 85040
68.7716, 85040
68.7729, 85040
68.7742, 85040
68.7754, 85040
68.7767, 85040
68.778, 85040
68.7793, 85040
68.7805, 85040
68.7817, 85040
68.783, 85040
68.7843, 85040
68.7857, 85040
68.7871, 85040
68.7884, 85040
68.7897, 85040
68.791, 85040
68.7922, 85040
68.7935, 85040
68.7947, 85040
68.796, 85256
68.7973, 85256
68.7985, 85256
68.7998, 85256
68.801, 85256
68.8021, 85256
68.8033, 85256
68.8045, 85040
68.8058, 85040
68.8071, 85040
68.8085, 85040
68.8099, 85040
68.8113, 85040
68.8127, 85040
68.8143, 85040
68.8156, 85040
68.8171, 85040
68.8185, 85040
68.8199, 85040
68.8264, 85040
68.8277, 85040
68.829, 85040
68.8302, 85040
68.8314, 85040
68.8327, 85040
68.8339, 85040
68.8351, 85040
68.8364, 85040
68.8378, 84824
68.8392, 84824
68.8405, 84824
68.8417, 84824
68.8433, 84824
68.8445, 84824
68.8457, 84824
68.8469, 85040
68.848, 85040
68.8492, 85040
68.8503, 85040
68.8515, 85040
68.8527, 85040
68.854, 85040
68.8552, 85040
68.8565, 85040
68.8578, 85040
68.859, 85040
68.8604, 85040
68.8617, 85040
68.8633, 85040
68.8648, 85040
68.8661, 85040
68.8676, 85040
68.869, 85040
68.8703, 85040
68.8716, 85040
68.8729, 85040
68.8743, 85040
68.8756, 85040
68.8771, 85040
68.8786, 85040
68.88, 85040
68.8815, 85040
68.8829, 85040
68.8844, 85040
68.8861, 85040
68.8877, 85040
68.8892, 84824
68.8907, 84824
68.8922, 84824
68.8936, 84824
68.895, 84824
68.8963, 84824
68.8976, 84824
68.8989, 84824
68.9002, 84824
68.9015, 84824
68.9028, 84824
68.9041, 84824
68.9054, 84824
68.9066, 84824
68.9079, 84824
68.9093, 84824
68.9106, 84824
68.9119, 84824
68.9131, 84824
68.9143, 84824
68.9156, 84824
68.9169, 84824
68.9182, 84824
68.9196, 84824
68.921, 84824
68.9224, 84824
68.9237, 84824
68.925, 84824
68.9262, 84824
68.9275, 84824
68.9287, 84824
68.93, 84824
68.9313, 84824
68.9325, 84824
68.9337, 84824
68.9349, 84824
68.9362, 84824
68.9374, 84824
68.9388, 84824
68.9401, 84824
68.9414, 84824
68.9427, 84824
68.9439, 84824
68.9452, 84824
68.9465, 84824
68.9479, 84824
68.9492, 84824
68.9504, 84824
68.9516, 84824
68.9529, 84824
68.9541, 84824
68.9553, 84824
68.9565, 84824
68.9578, 84608
68.9591, 84608
68.9604, 84608
68.9617, 84608
68.963, 84608
68.9644, 84608
68.9657, 84608
68.9673, 84608
68.9688, 84608
68.9703, 84608
68.9718, 84608
68.9739, 84392
68.9762, 84392
68.9784, 84392
68.9798, 84392
68.9811, 84392
68.9825, 84392
68.9838, 84176
68.9852, 84176
68.9864, 84176
68.9875, 84176
68.9887, 84176
68.9898, 84176
68.9909, 84176
68.9921, 84392
68.9932, 84392
68.9944, 84392
68.9955, 84392
68.9966, 84392
68.9978, 84392
68.999, 84392
69.0002, 84392
69.0015, 84392
69.0028, 84392
69.0041, 84392
69.0054, 84392
69.0066, 84392
69.0079, 84392
69.0092, 84608
69.0104, 84608
69.0117, 84608
69.013, 84608
69.0142, 84608
69.0154, 84608
69.0166, 84608
69.0177, 84608
69.0188, 84608
69.02, 84608
69.0211, 84608
69.0223, 84608
69.0234, 84608
69.0246, 84608
69.0257, 84608
69.0269, 84608
69.028, 84608
69.0291, 84608
69.0303, 84608
69.0314, 84608
69.0326, 84608
69.0338, 84608
69.0369, 84392
69.0394, 84392
69.0407, 84392
69.0419, 84392
69.043, 84608
69.0442, 84608
69.0453, 84608
69.0464, 84608
69.0476, 84608
69.0487, 84608
69.0498, 84608
69.051, 84608
69.0581, 84176
69.0608, 84392
69.0663, 84392
69.0676, 84392
69.0687, 84608
69.0699, 84608
69.071, 84608
69.0722, 84608
69.0733, 84608
69.0746, 84608
69.0757, 84608
69.0769, 84824
69.078, 84824
69.0792, 84824
69.0847, 84824
69.086, 85040
69.0873, 85040
69.0885, 85040
69.0898, 85040
69.0909, 85040
69.0921, 85040
69.0932, 85040
69.0944, 85040
69.0955, 85040
69.0967, 85040
69.0978, 85040
69.1002, 85040
69.103, 85040
69.1044, 85040
69.1057, 85040
69.107, 85040
69.1083, 85040
69.1095, 85040
69.1108, 85040
69.112, 85040
69.1133, 85040
69.1145, 85040
69.1157, 85040
69.1169, 85040
69.118, 85040
69.1191, 85040
69.1203, 85040
69.1214, 85040
69.1226, 85040
69.1237, 85040
69.1248, 85040
69.126, 85040
69.1272, 85040
69.1283, 84608
69.1296, 84608
69.131, 84608
69.1323, 84608
69.1336, 84608
69.1349, 84608
69.1362, 84608
69.1374, 85040
69.1386, 85040
69.1399, 85040
69.141, 85040
69.1422, 85040
69.1433, 85040
69.1445, 85040
69.1456, 85256
69.1468, 85256
69.1479, 85256
69.1491, 85256
69.1502, 85256
69.1514, 85256
69.1525, 85256
69.1537, 85472
69.1549, 85472
69.1561, 85472
69.1574, 85472
69.1586, 85472
69.1598, 85472
69.1612, 85472
69.1625, 85688
69.1638, 85688
69.1651, 85688
69.1664, 85688
69.1677, 85688
69.169, 85688
69.1703, 85688
69.1717, 85688
69.1731, 85688
69.1744, 85688
69.1758, 85688
69.1771, 85688
69.1785, 85688
69.1797, 85688
69.1811, 85688
69.1823, 85688
69.1836, 85688
69.1849, 85688
69.1862, 85688
69.1876, 85472
69.189, 85472
69.1903, 85472
69.1917, 85472
69.193, 85472
69.1942, 85472
69.1956, 85472
69.197, 85472
69.1985, 85472
69.1999, 85472
69.2015, 85472
69.2029, 85472
69.2042, 85472
69.2054, 85256
69.2067, 85256
69.208, 85256
69.2093, 85256
69.2107, 85256
69.2122, 85256
69.2137, 85256
69.2153, 85256
69.2169, 85256
69.2184, 85256
69.2198, 85256
69.221, 85256
69.2224, 85256
69.2236, 85256
69.2248, 85256
69.226, 85256
69.2273, 85256
69.2285, 85256
69.2297, 85256
69.231, 85256
69.2325, 85256
69.2339, 85256
69.2355, 85256
69.2367, 85256
69.2379, 85256
69.2391, 85040
69.2403, 85040
69.2415, 85040
69.2428, 85040
69.244, 85040
69.2453, 85040
69.2467, 85040
69.248, 85040
69.2493, 85040
69.2506, 85040
69.2519, 85040
69.2532, 85040
69.2545, 85040
69.2558, 85040
69.2572, 85040
69.2585, 85040
69.2598, 85040
69.261, 85040
69.2623, 85040
69.2637, 85040
69.2651, 85256
69.2664, 85256
69.2678, 85256
69.2691, 85256
69.2705, 85256
69.2718, 85256
69.2732, 85256
69.2746, 85256
69.2759, 85256
69.2771, 85256
69.2782, 85256
69.2794, 85256
69.2807, 85256
69.2818, 85040
69.283, 85040
69.2841, 85040
69.2853, 85040
69.2864, 85040
69.2875, 85040
69.2887, 85040
69.2898, 85040
69.291, 85040
69.2923, 85040
69.2934, 85040
69.2946, 85040
69.2957, 85040
69.2969, 85040
69.2984, 85256
69.2999, 85256
69.3012, 85256
69.3026, 85256
69.304, 85256
69.3054, 85256
69.3068, 85256
69.3081, 85040
69.3093, 85040
69.3106, 85040
69.3118, 85040
69.313, 85040
69.3142, 85040
69.3156, 85040
69.3168, 85040
69.3181, 85040
69.3193, 85040
69.3206, 85040
69.3219, 85040
69.3233, 85040
69.3246, 85256
69.326, 85256
69.3274, 85256
69.3287, 85256
69.3301, 85256
69.3314, 85256
69.3328, 85040
69.3341, 85040
69.3354, 85040
69.3367, 85040
69.338, 85040
69.3393, 85040
69.3405, 85040
69.3418, 85256
69.3432, 85256
69.3445, 85256
69.3457, 85256
69.347, 85256
69.3483, 85256
69.3496, 85256
69.3509, 85256
69.3523, 85256
69.3538, 85256
69.3552, 85256
69.3566, 85256
69.358, 85256
69.3594, 85256
69.3607, 85256
69.3621, 85256
69.3635, 85256
69.3648, 85256
69.3662, 85256
69.3675, 85256
69.3688, 85256
69.37, 85256
69.3713, 85256
69.3726, 85256
69.374, 85256
69.3753, 85256
69.3767, 85256
69.378, 85256
69.3794, 85256
69.3807, 85256
69.382, 85256
69.3832, 85256
69.3845, 85256
69.3857, 85256
69.3869, 85256
69.3881, 85256
69.3893, 85256
69.3905, 85256
69.3918, 85256
69.3929, 85256
69.3941, 85256
69.3954, 85256
69.3968, 85256
69.3982, 85256
69.3995, 85256
69.4008, 85256
69.4021, 85256
69.4034, 85256
69.4046, 85256
69.4059, 85256
69.4074, 85256
69.4088, 85256
69.4102, 85040
69.4115, 85040
69.4127, 85040
69.4139, 85040
69.415, 85040
69.4163, 85040
69.4178, 85040
69.4193, 84824
69.4206, 84824
69.4219, 84824
69.4234, 84824
69.4246, 84824
69.4261, 84824
69.4274, 84824
69.4289, 84824
69.4305, 84824
69.4324, 84824
69.4343, 84824
69.4361, 84608
69.4376, 84608
69.4392, 84608
69.4406, 84608
69.4419, 84608
69.4433, 84608
69.4448, 84608
69.4462, 84608
69.4478, 84608
69.4494, 84608
69.4508, 84608
69.4521, 84824
69.4535, 84824
69.4548, 84824
69.4561, 84824
69.4573, 84824
69.4586, 84824
69.4598, 84824
69.4611, 84824
69.4623, 84824
69.4635, 84824
69.4647, 84824
69.4661, 84824
69.4674, 84824
69.4687, 84824
69.47, 84824
69.4712, 84824
69.4725, 84824
69.4737, 84824
69.4749, 84824
69.4764, 84824
69.4778, 84824
69.4793, 84824
69.4806, 84824
69.4819, 84824
69.4832, 84824
69.4846, 84824
69.4862, 84824
69.4877, 84824
69.4894, 84824
69.4909, 84824
69.4922, 84824
69.4935, 84824
69.4948, 85040
69.4961, 85040
69.4973, 85040
69.4986, 85040
69.4998, 85040
69.501, 85040
69.5022, 85040
69.5035, 85040
69.5047, 85040
69.5059, 85040
69.5072, 85040
69.5086, 85040
69.5099, 85040
69.5114, 85040
69.5128, 85040
69.5141, 85040
69.5154, 85040
69.5167, 85040
69.5182, 85040
69.5196, 85040
69.521, 84824
69.5224, 84824
69.5239, 84824
69.5253, 84824
69.5267, 84824
69.528, 84824
69.5293, 84824
69.5306, 84824
69.5318, 84824
69.5331, 84824
69.5344, 84824
69.5356, 84824
69.5368, 84824
69.5381, 84824
69.5393, 84824
69.5405, 84824
69.5416, 84824
69.5428, 84824
69.5439, 84824
69.545, 84824
69.5462, 84608
69.5474, 84608
69.5487, 84608
69.5499, 84608
69.551, 84608
69.5522, 84608
69.5535, 84608
69.5604, 84392
69.5618, 84392
69.5631, 84392
69.5645, 84392
69.5658, 84392
69.5672, 84392
69.5686, 84392
69.5699, 84392
69.5712, 84392
69.5725, 84608
69.5738, 84608
69.575, 84608
69.5763, 84608
69.5774, 84608
69.5786, 84608
69.5798, 84608
69.5809, 84608
69.582, 84608
69.5832, 84608
69.5843, 84608
69.5855, 84608
69.5866, 84608
69.5878, 84608
69.5889, 84176
69.5901, 84176
69.5914, 84176
69.5928, 84176
69.5941, 84176
69.5955, 84176
69.5968, 84176
69.598, 84392
69.5993, 84392
69.6006, 84392
69.6018, 84392
69.603, 84392
69.6041, 84392
69.6052, 84392
69.6064, 84392
69.6075, 84392
69.6087, 84392
69.6098, 84392
69.6109, 84392
69.6121, 84392
69.6132, 84392
69.6144, 84176
69.6155, 84176
69.6166, 84176
69.6178, 84176
69.6189, 84176
69.6201, 84176
69.6212, 84176
69.6224, 84176
69.6235, 84176
69.6247, 84176
69.6258, 84176
69.6271, 84176
69.6283, 84176
69.6296, 84176
69.6309, 84176
69.6322, 84176
69.6333, 84176
69.6345, 84176
69.6356, 84176
69.6368, 84176
69.6379, 84176
69.6391, 84176
69.6402, 84176
69.6414, 84176
69.6425, 84176
69.6437, 84176
69.6449, 84176
69.6462, 84176
69.6476, 84176
69.6489, 84176
69.6502, 84176
69.6514, 84176
69.6527, 84176
69.654, 84176
69.6553, 84176
69.6566, 84176
69.6578, 84608
69.6591, 84608
69.6603, 84608
69.6615, 84608
69.6626, 84608
69.6637, 84608
69.6649, 84608
69.666, 84608
69.6671, 84608
69.6683, 84608
69.6694, 84608
69.6706, 84608
69.6718, 84608
69.673, 84608
69.6742, 84392
69.6755, 84392
69.6768, 84392
69.678, 84392
69.6792, 84392
69.6804, 84392
69.6815, 84392
69.6827, 84392
69.6838, 84392
69.685, 84392
69.6861, 84392
69.6873, 84392
69.6884, 84392
69.6897, 84392
69.691, 84176
69.6923, 84176
69.6936, 84176
69.6949, 84176
69.6962, 84176
69.6975, 84176
69.6987, 84176
69.6999, 84608
69.7011, 84608
69.7024, 84608
69.7036, 84608
69.7048, 84608
69.7061, 84608
69.7073, 84608
69.7085, 84824
69.7097, 84824
69.7109, 84824
69.7122, 84824
69.7134, 84824
69.7145, 84824
69.7157, 84824
69.7168, 84392
69.718, 84392
69.7192, 84392
69.7204, 84392
69.7216, 84392
69.723, 84392
69.7245, 84392
69.726, 84392
69.7274, 84392
69.7288, 84392
69.7301, 84392
69.7313, 84392
69.7324, 84392
69.7336, 84392
69.7347, 84608
69.7359, 84608
69.7371, 84608
69.7382, 84608
69.7394, 84608
69.7405, 84608
69.7418, 84608
69.743, 84824
69.7441, 84824
69.7453, 84824
69.7464, 84824
69.7476, 84824
69.7487, 84824
69.7499, 84824
69.7513, 85040
69.7525, 85040
69.7537, 85040
69.7549, 85040
69.7562, 85040
69.7575, 85040
69.7588, 85040
69.76, 85256
69.7612, 85256
69.7624, 85256
69.7636, 85256
69.7648, 85256
69.766, 85256
69.7672, 85256
69.7685, 85256
69.7698, 85256
69.771, 85256
69.7723, 85256
69.7735, 85256
69.7747, 85256
69.7759, 85256
69.7771, 85256
69.7784, 85256
69.7797, 85256
69.781, 85256
69.7823, 85256
69.7835, 85256
69.7847, 85256
69.7858, 85040
69.787, 85040
69.7881, 85040
69.7893, 85040
69.7904, 85040
69.7916, 85040
69.7929, 85040
69.7942, 85040
69.796, 85040
69.7974, 85040
69.7986, 85040
69.7998, 85040
69.801, 85040
69.8022, 85040
69.8034, 85040
69.8046, 85040
69.8058, 85040
69.8069, 85040
69.8081, 85040
69.8094, 85040
69.8106, 85040
69.8119, 85040
69.8131, 85040
69.8143, 85040
69.8156, 85040
69.8168, 85040
69.8181, 85040
69.8193, 85256
69.8204, 85256
69.8216, 85256
69.8227, 85256
69.824, 85256
69.8252, 85256
69.8264, 85256
69.8277, 85256
69.8291, 85256
69.8304, 85256
69.8318, 85256
69.833, 85256
69.8341, 85256
69.8354, 85256
69.8366, 85256
69.8378, 85256
69.8391, 85256
69.8403, 85256
69.8416, 85256
69.8429, 85256
69.844, 85256
69.8452, 85256
69.8464, 85256
69.8477, 85256
69.8489, 85256
69.8501, 85256
69.8514, 85256
69.8527, 85256
69.8541, 85256
69.8553, 85256
69.8565, 85256
69.8577, 85256
69.8589, 85256
69.8603, 85256
69.8617, 85256
69.8631, 85256
69.8644, 85256
69.8657, 85256
69.867, 85256
69.8683, 85256
69.8695, 85256
69.8707, 85256
69.872, 85256
69.8732, 85256
69.8744, 85256
69.8758, 85256
69.877, 85256
69.8783, 85256
69.8795, 85256
69.8808, 85256
69.8822, 85256
69.8837, 85256
69.885, 85256
69.8864, 85256
69.8877, 85040
69.8889, 85040
69.8902, 85040
69.8915, 85040
69.8929, 85040
69.8943, 85040
69.8959, 85040
69.8972, 85040
69.8985, 85040
69.8997, 85040
69.901, 85040
69.9022, 85040
69.9034, 85040
69.9047, 85040
69.9059, 85040
69.9072, 85040
69.9084, 85040
69.9096, 85040
69.9109, 85040
69.9121, 85040
69.9136, 85040
69.915, 85040
69.9164, 85040
69.9176, 85040
69.9189, 85040
69.9202, 85040
69.9214, 85040
69.9226, 85040
69.924, 85040
69.9254, 85040
69.9268, 85040
69.9281, 85040
69.9295, 85040
69.9308, 85040
69.932, 85040
69.9333, 85040
69.9345, 85040
69.9358, 85040
69.937, 85040
69.9382, 85040
69.9394, 85256
69.9407, 85256
69.9419, 85256
69.9431, 85256
69.9444, 85256
69.9458, 85256
69.9471, 85040
69.9485, 85040
69.9497, 85040
69.951, 85040
69.9523, 85040
69.9535, 85040
69.9548, 85040
69.9562, 85040
69.9576, 85040
69.9588, 85040
69.96, 85040
69.9613, 85040
69.9625, 85040
69.9637, 85040
69.9649, 85040
69.9662, 85040
69.9676, 85040
69.9689, 85040
69.9703, 85040
69.9718, 85040
69.9733, 85040
69.9746, 85040
69.9759, 85040
69.9771, 85040
69.9783, 85040
69.9796, 85040
69.9808, 85040
69.982, 85256
69.9833, 85256
69.9845, 85256
69.9857, 85256
69.987, 85256
69.9884, 85256
69.9897, 85040
69.991, 85040
69.9924, 85040
69.9937, 85040
69.995, 85040
69.9964, 85040
69.9977, 85040
69.9991, 85040
70.0006, 85040
70.0021, 85040
70.0035, 85040
70.005, 85040
70.0064, 85040
70.0076, 85040
70.009, 85040
70.0103, 85040
70.0116, 85040
70.0129, 85040
70.0143, 85040
70.0156, 85040
70.0169, 85040
70.0182, 85040
70.0195, 85040
70.0207, 85040
70.0219, 85040
70.0232, 85040
70.0244, 85256
70.0255, 85256
70.0266, 85256
70.0278, 85256
70.0289, 85256
70.0301, 85256
70.0313, 85256
70.0324, 85040
70.0337, 85040
70.035, 85040
70.0365, 85040
70.0379, 85040
70.0393, 85040
70.0408, 85040
70.0423, 85040
70.0436, 85040
70.0449, 85040
70.0463, 85040
70.0477, 85040
70.049, 85040
70.0503, 85256
70.0515, 85256
70.0527, 85256
70.054, 85256
70.0553, 85256
70.0566, 85256
70.0579, 85256
70.0592, 85256
70.0604, 85256
70.0617, 85256
70.0629, 85256
70.0642, 85256
70.0654, 85256
70.0667, 85256
70.0681, 85256
70.0694, 85256
70.0708, 85256
70.0721, 85256
70.0734, 85256
70.0746, 85256
70.0758, 85256
70.0769, 85256
70.0781, 85256
70.0792, 85256
70.0804, 85256
70.0817, 85256
70.0829, 85256
70.0842, 85256
70.0856, 85256
70.0869, 85256
70.0881, 85256
70.0892, 85256
70.0904, 85256
70.0915, 85256
70.0927, 85256
70.094, 85256
70.0954, 85256
70.0968, 85256
70.0981, 85256
70.0994, 85256
70.1007, 85256
70.1019, 85256
70.1032, 85256
70.1046, 85256
70.1061, 85256
70.1076, 85256
70.1091, 85256
70.1104, 85256
70.1118, 85256
70.1131, 85256
70.1144, 85256
70.1159, 85256
70.1174, 85256
70.1187, 85256
70.1201, 85256
70.1214, 85256
70.1227, 85256
70.1241, 85256
70.1254, 85256
70.1265, 85040
70.1277, 85040
70.1288, 85040
70.13, 85040
70.1312, 85040
70.1325, 85040
70.1337, 85040
70.1349, 84608
70.136, 84608
70.1373, 84608
70.1386, 84608
70.1398, 84608
70.141, 84608
70.1421, 84608
70.1433, 84608
70.1444, 84608
70.1456, 84608
70.1469, 84608
70.1483, 84608
70.1496, 84608
70.151, 84608
70.1523, 84608
70.1536, 84608
70.1549, 84608
70.1562, 84608
70.1576, 84608
70.1589, 84608
70.1602, 84608
70.1615, 84824
70.1627, 84824
70.1638, 84824
70.165, 84824
70.1661, 84824
70.1673, 84824
70.1684, 84824
70.1695, 84608
70.1707, 84608
70.1718, 84608
70.173, 84608
70.1741, 84608
70.1754, 84608
70.1767, 84608
70.178, 84392
70.1793, 84392
70.1807, 84392
70.1821, 84392
70.1834, 84392
70.1848, 84392
70.186, 84824
70.1872, 84824
70.1884, 84824
70.1895, 84824
70.1907, 84824
70.1918, 84824
70.1929, 84824
70.1941, 84824
70.1952, 84608
70.1963, 84608
70.1975, 84608
70.1986, 84608
70.1998, 84608
70.2009, 84608
70.202, 84608
70.2032, 84392
70.2043, 84392
70.2054, 84392
70.2066, 84392
70.2077, 84392
70.2089, 84392
70.2101, 84392
70.2113, 84392
70.2126, 84392
70.2139, 84392
70.2153, 84392
70.2166, 84392
70.2177, 84392
70.2189, 84392
70.22, 84392
70.2212, 84608
70.2223, 84608
70.2235, 84608
70.2246, 84608
70.2257, 84608
70.2269, 84608
70.2281, 84608
70.2294, 84392
70.2308, 84392
70.2321, 84392
70.2335, 84392
70.2349, 84392
70.2363, 84392
70.2376, 84824
70.2389, 84824
70.2402, 84824
70.2416, 84824
70.2429, 84824
70.2442, 84824
70.2453, 84824
70.2465, 85040
70.2476, 85040
70.2489, 85040
70.2501, 85040
70.2512, 85040
70.2523, 85040
70.2535, 85040
70.2546, 84824
70.2557, 84824
70.257, 84824
70.2583, 84824
70.2596, 84824
70.261, 84824
70.2626, 84824
70.264, 84824
70.2651, 84824
70.2663, 84824
70.2675, 84824
70.2686, 84824
70.2698, 84824
70.2709, 84824
70.272, 85040
70.2732, 85040
70.2744, 85040
70.276, 85040
70.2776, 85040
70.2796, 84824
70.2814, 84824
70.283, 84824
70.2844, 84824
70.2858, 84824
70.2874, 84824
70.2886, 85256
70.2899, 85256
70.2913, 85256
70.2927, 85256
70.2941, 85256
70.2953, 85256
70.2965, 85256
70.2977, 85472
70.2988, 85472
70.3, 85472
70.3011, 85472
70.3023, 85472
70.3034, 85472
70.3046, 85472
70.3057, 85040
70.3071, 85040
70.3086, 85040
70.3099, 85040
70.3113, 85040
70.3128, 85040
70.3141, 85256
70.3154, 85256
70.3167, 85256
70.3179, 85256
70.3191, 85256
70.3203, 85256
70.3215, 85256
70.3227, 85688
70.3239, 85688
70.325, 85688
70.3263, 85688
70.3274, 85688
70.3286, 85688
70.3298, 85688
70.3309, 85688
70.3321, 85904
70.3333, 85904
70.3345, 85904
70.3358, 85904
70.337, 85904
70.3384, 85904
70.3398, 85688
70.3413, 85688
70.3427, 85688
70.3441, 85688
70.3454, 85688
70.3468, 85688
70.3481, 86120
70.3494, 86120
70.3508, 86120
70.3521, 86120
70.3534, 86120
70.3547, 86120
70.3564, 86120
70.3582, 86120
70.3599, 86120
70.3616, 86120
70.363, 86120
70.3644, 86120
70.3658, 86120
70.3676, 86120
70.3692, 86120
70.3707, 86120
70.3723, 86120
70.3738, 86120
70.3755, 86120
70.3772, 86120
70.3786, 86120
70.3802, 86120
70.3817, 86120
70.383, 85904
70.3843, 85904
70.3857, 85904
70.3872, 85904
70.3886, 85904
70.3899, 85904
70.3913, 85904
70.3927, 85904
70.394, 85904
70.3955, 85904
70.3969, 85904
70.3984, 85904
70.3998, 85904
70.4012, 85904
70.4026, 85904
70.4039, 85904
70.4053, 85904
70.4066, 85904
70.408, 85904
70.4094, 85904
70.4107, 85904
70.4121, 85904
70.4139, 85904
70.4158, 85904
70.4175, 85904
70.4191, 85904
70.4204, 85904
70.4218, 85904
70.4232, 85904
70.4247, 85904
70.4261, 85904
70.4275, 85904
70.4289, 85904
70.4302, 85904
70.4315, 85904
70.433, 85904
70.4344, 85904
70.4358, 85904
70.4372, 85904
70.4387, 85904
70.44, 85904
70.4414, 85904
70.4427, 85904
70.4441, 85904
70.4454, 85904
70.4467, 85904
70.4481, 85904
70.4495, 85904
70.4509, 86120
70.4522, 86120
70.4535, 86120
70.4549, 86120
70.4562, 86120
70.4576, 86120
70.459, 86120
70.4603, 86120
70.4618, 86120
70.4633, 86120
70.4647, 86120
70.4661, 86120
70.4675, 86120
70.4689, 86120
70.4702, 86120
70.4716, 86120
70.473, 86120
70.4743, 86120
70.4757, 86120
70.477, 86120
70.4782, 86120
70.4794, 86120
70.4806, 86120
70.4818, 86120
70.483, 86120
70.4845, 86120
70.4858, 85904
70.487, 85904
70.4882, 85904
70.4894, 85904
70.4906, 85904
70.4918, 85904
70.4931, 85904
70.4943, 85904
70.4955, 85904
70.4966, 85904
70.4978, 85904
70.4989, 85904
70.5001, 85904
70.5012, 85904
70.5026, 85904
70.5042, 85904
70.5056, 85904
70.5071, 85904
70.5084, 85904
70.5098, 85904
70.5112, 85688
70.5127, 85688
70.5142, 85688
70.5156, 85688
70.517, 85688
70.5183, 85688
70.5197, 85688
70.5211, 85688
70.5224, 85688
70.5237, 85688
70.525, 85688
70.5262, 85688
70.5275, 85904
70.5289, 85904
70.5302, 85904
70.5315, 85904
70.533, 85904
70.5346, 85904
70.536, 85904
70.5375, 85904
70.5389, 85904
70.5404, 85904
70.5418, 85904
70.543, 85904
70.5444, 85688
70.5457, 85688
70.5471, 85688
70.5485, 85688
70.5497, 85688
70.551, 85688
70.5523, 85688
70.5536, 85688
70.5549, 85688
70.5563, 85688
70.5577, 85688
70.5594, 85688
70.5608, 85688
70.5622, 85904
70.5636, 85904
70.5649, 85904
70.5661, 85904
70.5674, 85904
70.5689, 85904
70.5702, 85904
70.5716, 85904
70.573, 85904
70.5743, 85904
70.5756, 85904
70.5769, 85904
70.5782, 85904
70.5795, 85904
70.5808, 85904
70.5822, 85904
70.5835, 85904
70.5847, 85904
70.586, 85904
70.5873, 85904
70.5886, 85904
70.5898, 85904
70.5912, 85904
70.5927, 85904
70.594, 85904
70.5954, 85904
70.5967, 85904
70.598, 85904
70.5993, 85904
70.6007, 85904
70.6021, 85904
70.6038, 85904
70.6054, 86120
70.6069, 86120
70.6085, 86120
70.61, 86120
70.6114, 86120
70.6129, 85904
70.6144, 85904
70.6158, 85904
70.6173, 85904
70.6186, 85904
70.6199, 85904
70.6213, 85904
70.6225, 85904
70.6238, 85904
70.6252, 85904
70.6266, 85904
70.628, 85904
70.6294, 85904
70.6305, 85904
70.6319, 85904
70.6333, 85904
70.6345, 85904
70.6357, 85904
70.6369, 85904
70.6382, 85904
70.6396, 85904
70.641, 85904
70.6423, 85904
70.6438, 85904
70.6452, 85904
70.6466, 85904
70.6479, 85904
70.6492, 85904
70.6505, 85904
70.6517, 85904
70.6531, 85904
70.6544, 85904
70.6559, 85904
70.6575, 85904
70.6587, 85904
70.6601, 85904
70.6613, 85904
70.6627, 85904
70.6641, 85904
70.6656, 85904
70.6671, 85904
70.6685, 85904
70.6699, 85904
70.6713, 85904
70.6727, 85688
70.6741, 85688
70.6756, 85688
70.6771, 85688
70.6786, 85688
70.6801, 85688
70.6815, 85688
70.6828, 85688
70.684, 85688
70.6852, 85688
70.6869, 85688
70.6885, 85688
70.6899, 85688
70.6915, 85688
70.693, 85688
70.6945, 85688
70.6961, 85688
70.6977, 85688
70.6992, 85688
70.7007, 85688
70.7021, 85688
70.7034, 85688
70.7047, 85688
70.7061, 85688
70.7075, 85688
70.7089, 85688
70.7103, 85688
70.7117, 85688
70.713, 85688
70.7142, 85688
70.7154, 85472
70.7166, 85472
70.7177, 85472
70.7189, 85472
70.7202, 85472
70.7215, 85472
70.7226, 85472
70.7238, 85040
70.7252, 85040
70.7266, 85040
70.7279, 85040
70.7291, 85040
70.7302, 85040
70.7313, 85040
70.7325, 84824
70.7337, 84824
70.7354, 84824
70.737, 84824
70.7384, 84824
70.7398, 84824
70.7411, 84824
70.7425, 84824
70.7437, 84824
70.745, 84824
70.7462, 84824
70.7475, 84824
70.7488, 84824
70.7499, 85040
70.7511, 85040
70.7522, 85040
70.7534, 85040
70.7546, 85040
70.7557, 85040
70.7568, 85040
70.758, 84608
70.7591, 84608
70.7603, 84608
70.7617, 84608
70.7632, 84608
70.7646, 84608
70.7659, 84608
70.7671, 84608
70.7684, 84608
70.7699, 84608
70.7716, 84608
70.7731, 84608
70.7744, 84608
70.7756, 84824
70.7767, 84824
70.7779, 84824
70.779, 84824
70.7802, 84824
70.7813, 84824
70.7825, 84824
70.7836, 84392
70.7848, 84392
70.786, 84392
70.7872, 84392
70.7884, 84392
70.7895, 84392
70.7907, 84392
70.7918, 84176
70.793, 84176
70.7942, 84176
70.7953, 84176
70.7965, 84176
70.7977, 84176
70.7988, 84176
70.8001, 84176
70.8014, 84176
70.803, 84176
70.8045, 84176
70.8061, 84176
70.8074, 84176
70.8085, 84176
70.8096, 84392
70.8108, 84392
70.8119, 84392
70.813, 84392
70.8142, 84392
70.8156, 84392
70.8173, 84608
70.8195, 84608
70.821, 84608
70.8224, 84608
70.8238, 84608
70.8251, 84608
70.8265, 85256
70.8277, 85256
70.829, 85256
70.8302, 85256
70.8313, 85256
70.8324, 85256
70.8336, 85256
70.8347, 85256
70.836, 85256
70.8374, 85256
70.8387, 85256
70.8399, 85256
70.841, 85256
70.8422, 85256
70.8434, 85472
70.8445, 85472
70.8456, 85472
70.8468, 85472
70.8479, 85472
70.8491, 85472
70.8509, 85472
70.8525, 85040
70.8542, 85040
70.8557, 85040
70.8572, 85040
70.8586, 85040
70.86, 85040
70.8613, 85256
70.8625, 85256
70.8638, 85256
70.8651, 85256
70.8664, 85256
70.8676, 85256
70.8687, 85040
70.8699, 85040
70.871, 85040
70.8722, 85040
70.8733, 85040
70.8745, 85040
70.8756, 85040
70.8767, 85040
70.8778, 84824
70.879, 84824
70.8806, 84824
70.8821, 84824
70.8835, 84824
70.8851, 84824
70.8864, 84824
70.8879, 84824
70.8894, 84824
70.8908, 84824
70.8921, 84824
70.8934, 84824
70.8947, 85040
70.896, 85040
70.8971, 85040
70.8983, 85040
70.8994, 85040
70.9006, 85040
70.9017, 85040
70.9029, 85040
70.9042, 85040
70.9054, 85040
70.9066, 85040
70.9078, 85040
70.909, 85040
70.9102, 85040
70.9115, 85256
70.9129, 85256
70.9143, 85256
70.9157, 85256
70.9172, 85256
70.9186, 85256
70.92, 85256
70.9215, 85256
70.9232, 85256
70.9248, 85256
70.9264, 85256
70.9281, 85256
70.9297, 85256
70.9314, 85256
70.9329, 85256
70.9343, 85256
70.9357, 85256
70.9371, 85256
70.9385, 85256
70.9399, 85256
70.9415, 85256
70.943, 85256
70.9446, 85256
70.9462, 85256
70.9477, 85256
70.9492, 85256
70.9506, 85256
70.9522, 85256
70.9536, 85256
70.9555, 85256
70.9572, 85256
70.9587, 85256
70.9601, 85256
70.9615, 85256
70.9629, 85040
70.9642, 85040
70.9655, 85040
70.9668, 85040
70.9681, 85040
70.9693, 85040
70.9705, 85040
70.9718, 85040
70.9732, 85040
70.9745, 85040
70.9758, 85040
70.977, 85040
70.9783, 85040
70.9795, 85256
70.9808, 85256
70.9822, 85256
70.9836, 85256
70.985, 85256
70.9863, 85256
70.9877, 85256
70.989, 85256
70.9903, 85256
70.9916, 85256
70.9929, 85256
70.9941, 85256
70.9954, 85256
70.9966, 85256
70.9979, 85256
70.9992, 85256
71.0005, 85256
71.0018, 85256
71.0031, 85256
71.0044, 85256
71.0056, 85256
71.0069, 85256
71.0082, 85256
71.0096, 85256
71.011, 85256
71.0124, 85256
71.0138, 85256
71.0151, 85256
71.0167, 85256
71.0181, 85256
71.0195, 85256
71.0209, 85256
71.0223, 85256
71.0237, 85256
71.0251, 85256
71.0264, 85256
71.0278, 85256
71.0293, 85256
71.0307, 85040
71.0321, 85040
71.0335, 85040
71.0349, 85040
71.0363, 85040
71.0377, 85040
71.0391, 85040
71.0407, 85040
71.0422, 85040
71.0438, 85040
71.0453, 85040
71.0467, 85040
71.048, 85040
71.0493, 85040
71.0508, 85040
71.0522, 85040
71.0537, 85040
71.0552, 85040
71.0567, 85040
71.0581, 85040
71.0595, 85040
71.0609, 85040
71.0623, 85040
71.0637, 85040
71.065, 85040
71.0661, 85040
71.0674, 85040
71.0687, 85040
71.07, 85040
71.0712, 85040
71.0723, 85040
71.0736, 85040
71.075, 85040
71.0762, 85040
71.0774, 85040
71.0786, 85040
71.0799, 85040
71.0814, 85040
71.0828, 85040
71.0842, 85040
71.0857, 85040
71.0873, 85040
71.0887, 85040
71.0901, 85040
71.0915, 85040
71.0929, 85040
71.0941, 85040
71.0954, 85040
71.0967, 85040
71.098, 85040
71.0995, 85256
71.1009, 85256
71.1023, 85256
71.1036, 85256
71.105, 85256
71.1064, 85256
71.1078, 85256
71.1092, 85256
71.1125, 85256
71.1139, 85256
71.1151, 85256
71.1164, 85256
71.1179, 85256
71.1194, 85256
71.1208, 85256
71.1224, 85256
71.1239, 85256
71.1255, 85040
71.1271, 85040
71.1284, 85040
71.1299, 85040
71.1318, 85040
71.1335, 85040
71.135, 85040
71.1364, 85040
71.1379, 85040
71.1394, 85040
71.1408, 85040
71.1423, 85040
71.1437, 85040
71.145, 85040
71.1464, 85040
71.1476, 85040
71.1488, 85040
71.1502, 85040
71.1515, 85040
71.1528, 85040
71.1541, 85040
71.1554, 85040
71.1567, 85040
71.1582, 85040
71.1598, 85040
71.1621, 85040
71.1636, 85040
71.165, 85040
71.1664, 85040
71.1678, 85040
71.1693, 85040
71.1708, 85040
71.1722, 85040
71.1736, 85040
71.175, 85040
71.1763, 85040
71.1777, 85040
71.1792, 85040
71.1806, 85040
71.1819, 85040
71.1833, 85040
71.1847, 85040
71.1861, 85040
71.1875, 85040
71.189, 85040
71.1904, 85040
71.1918, 85040
71.1934, 85040
71.1949, 85040
71.1963, 85040
71.1976, 85040
71.199, 85040
71.2006, 85040
71.2021, 85040
71.2034, 85040
71.205, 85040
71.2064, 85040
71.2077, 85040
71.2091, 85040
71.2104, 85040
71.2118, 85040
71.2131, 85040
71.2144, 85040
71.2157, 85040
71.217, 85040
71.2184, 85040
71.2197, 85040
71.221, 85040
71.2224, 85040
71.2238, 85040
71.2252, 85040
71.2264, 85040
71.2279, 85040
71.2294, 85040
71.2309, 85040
71.2324, 85040
71.2338, 85040
71.2352, 85040
71.2367, 85040
71.2381, 85040
71.2396, 85040
71.2409, 85040
71.2424, 85040
71.2439, 85040
71.2454, 85040
71.2468, 85040
71.2483, 85040
71.2499, 85040
71.2515, 85040
71.253, 85040
71.2545, 85040
71.2561, 85040
71.2579, 85040
71.2595, 85040
71.261, 85040
71.2626, 85040
71.2643, 85040
71.2657, 85040
71.2671, 85040
71.2685, 85040
71.2699, 85040
71.2714, 85040
71.2726, 85040
71.2741, 85040
71.2755, 85040
71.2769, 85040
71.2782, 85040
71.2795, 85040
71.281, 85040
71.2827, 85040
71.2842, 85040
71.2857, 85040
71.2871, 85040
71.2883, 85040
71.2895, 85040
71.2906, 85040
71.2918, 85040
71.2929, 85040
71.2941, 85040
71.2955, 84608
71.2968, 84608
71.298, 84608
71.2994, 84608
71.3008, 84608
71.3023, 84608
71.3037, 84608
71.305, 84392
71.3061, 84392
71.3073, 84392
71.3085, 84392
71.3099, 84392
71.3115, 84392
71.313, 84608
71.3147, 84608
71.3162, 84608
71.3178, 84608
71.3192, 84608
71.3205, 84608
71.3218, 84608
71.3232, 84608
71.3245, 84608
71.326, 84608
71.3273, 84608
71.3285, 84608
71.3296, 84824
71.3308, 84824
71.3319, 84824
71.3331, 84824
71.3342, 84824
71.3354, 84824
71.3365, 84824
71.3377, 84824
71.3388, 84392
71.34, 84392
71.3413, 84392
71.3426, 84392
71.344, 84392
71.3456, 84392
71.3471, 84608
71.3485, 84608
71.3499, 84608
71.3513, 84608
71.3524, 84608
71.3536, 84608
71.3548, 84608
71.3559, 84608
71.3571, 84608
71.3582, 84608
71.3594, 84608
71.3605, 84608
71.3617, 84608
71.3628, 84608
71.364, 84392
71.3652, 84392
71.3663, 84392
71.3675, 84392
71.3687, 84392
71.3698, 84392
71.3709, 84392
71.3721, 84176
71.3733, 84176
71.3744, 84176
71.3756, 84176
71.3768, 84176
71.378, 84176
71.3794, 84176
71.3808, 84176
71.3821, 84176
71.3835, 84176
71.3848, 84176
71.3859, 84176
71.3871, 84176
71.3883, 84176
71.3894, 84392
71.3906, 84392
71.3917, 84392
71.3928, 84392
71.394, 84392
71.3952, 84392
71.3966, 84392
71.3981, 84176
71.3995, 84176
71.401, 84176
71.4025, 84176
71.4038, 84176
71.4052, 84176
71.4065, 84392
71.4077, 84392
71.4091, 84392
71.4103, 84392
71.4117, 84392
71.4129, 84392
71.4141, 84392
71.4152, 84608
71.4163, 84608
71.4175, 84608
71.4186, 84608
71.4198, 84608
71.4209, 84608
71.422, 84608
71.4232, 84608
71.4243, 84824
71.4256, 84824
71.4271, 84824
71.4286, 84824
71.43, 84824
71.4316, 84824
71.433, 84608
71.4342, 84608
71.4353, 84608
71.4365, 84608
71.4377, 84608
71.4389, 84608
71.4402, 84608
71.4414, 84608
71.4426, 84608
71.4441, 84608
71.4458, 84608
71.4475, 84608
71.449, 84608
71.4503, 84608
71.4517, 84608
71.4531, 84608
71.4544, 84608
71.4557, 84608
71.457, 84608
71.4584, 84392
71.4597, 84392
71.4611, 84392
71.4637, 84392
71.4657, 84392
71.4671, 84176
71.4684, 84176
71.4698, 84176
71.471, 84176
71.4722, 84176
71.4734, 84176
71.4748, 83960
71.4776, 83960
71.4828, 83960
71.4847, 83960
71.4864, 83960
71.4879, 83960
71.4898, 83960
71.4934, 83744
71.4969, 83744
71.4986, 83744
71.5, 83744
71.5023, 83744
71.5114, 83744
71.5149, 83744
71.518, 83528
71.521, 83528
71.523, 83528
71.5247, 83528
71.5267, 83528
71.53, 83528
71.5341, 83744
71.5428, 83744
71.5469, 83744
71.5511, 83744
71.5544, 83744
71.5568, 83744
71.5586, 83744
71.5603, 83960
71.5622, 83960
71.5647, 83960
71.5684, 83960
71.5704, 83960
71.5748, 83960
71.5791, 83744
71.584, 83744
71.5865, 83744
71.5887, 83744
71.5905, 83744
71.5926, 83744
71.6013, 83744
71.6041, 83744
71.6058, 83744
71.6078, 83744
71.6094, 83744
71.6108, 83744
71.6132, 83744
71.6193, 83744
71.6266, 83744
71.6338, 83528
71.6369, 83528
71.6401, 83528
71.6431, 83528
71.6468, 83528
71.6496, 83528
71.6526, 83528
71.6544, 83528
71.6657, 83528
71.6681, 83528
71.6703, 83528
71.6723, 83528
71.6746, 83528
71.6761, 83528
71.6776, 83528
71.683, 83312
71.6869, 83312
71.6889, 83096
71.6901, 83096
71.6913, 83096
71.6925, 83096
71.6937, 83096
71.6949, 83096
71.6961, 83096
71.6973, 83096
71.6985, 83096
71.6996, 83096
71.7008, 83096
71.702, 83096
71.7033, 83096
71.7045, 83096
71.7057, 83312
71.707, 83312
71.7082, 83312
71.7094, 83312
71.7106, 83312
71.7118, 83312
71.713, 83312
71.7143, 83312
71.7155, 83312
71.7167, 83312
71.7179, 83312
71.7193, 83312
71.7205, 83312
71.7217, 83312
71.7229, 83312
71.7241, 83312
71.7253, 83312
71.7265, 83312
71.7278, 83312
71.7289, 83312
71.7301, 83312
71.7314, 83096
71.7326, 83096
71.7338, 83096
71.735, 83096
71.7362, 83096
71.7373, 83096
71.7385, 83096
71.7397, 83096
71.741, 83096
71.7422, 83096
71.7435, 83096
71.7447, 83096
71.7459, 83096
71.7471, 83096
71.7482, 82880
71.7494, 82880
71.7505, 82880
71.7517, 82880
71.7529, 82880
71.7541, 82880
71.7553, 82880
71.7565, 83096
71.7577, 83096
71.7589, 83096
71.7601, 83096
71.7612, 83096
71.7624, 83096
71.7635, 83096
71.7647, 82880
71.7658, 82880
71.767, 82880
71.7681, 82880
71.7692, 82880
71.7703, 82880
71.7715, 82880
71.7726, 82880
71.7737, 83096
71.7748, 83096
71.7759, 83096
71.7771, 83096
71.7782, 83096
71.7794, 83096
71.7805, 83096
71.7816, 83096
71.7828, 83096
71.784, 83096
71.7852, 83096
71.7864, 83096
71.7876, 83096
71.7887, 83096
71.7899, 83096
71.7911, 83096
71.7923, 83096
71.7935, 83096
71.7946, 83096
71.7957, 83096
71.7969, 83096
71.798, 83096
71.7992, 83312
71.8003, 83312
71.8015, 83312
71.8026, 83312
71.8037, 83312
71.8049, 83312
71.806, 83312
71.8072, 83312
71.8083, 83312
71.8094, 83312
71.8106, 83312
71.8118, 83312
71.8129, 83312
71.8141, 83312
71.8152, 83312
71.8164, 83312
71.8175, 83312
71.8187, 83312
71.8198, 83312
71.8209, 83312
71.8221, 83312
71.8232, 83312
71.8243, 83312
71.8254, 83312
71.8265, 83312
71.8276, 83312
71.8287, 83312
71.8298, 83312
71.831, 83312
71.8321, 83312
71.8332, 83312
71.8343, 83312
71.8354, 83312
71.8365, 83312
71.8376, 83312
71.8387, 83312
71.8399, 83312
71.841, 83312
71.8423, 83528
71.8435, 83528
71.8446, 83528
71.8457, 83528
71.8469, 83528
71.8481, 83528
71.8492, 83528
71.8504, 83528
71.8516, 83528
71.8528, 83528
71.8539, 83528
71.8552, 83528
71.8564, 83528
71.8576, 83528
71.8587, 83528
71.8599, 83528
71.8611, 83528
71.8622, 83528
71.8633, 83528
71.8645, 83528
71.8656, 83528
71.8668, 83528
71.868, 83312
71.8691, 83312
71.8703, 83312
71.8715, 83312
71.8726, 83312
71.8738, 83312
71.8749, 83312
71.8761, 83528
71.8772, 83528
71.8784, 83528
71.8796, 83528
71.8808, 83528
71.8819, 83528
71.8832, 83528
71.8844, 83528
71.8855, 83528
71.8867, 83528
71.8878, 83528
71.8889, 83528
71.8901, 83528
71.8912, 83528
71.8924, 83528
71.8935, 83528
71.8947, 83528
71.8958, 83528
71.8969, 83528
71.8981, 83528
71.8992, 83528
71.9004, 83528
71.9015, 83744
71.9027, 83744
71.9039, 83744
71.905, 83744
71.9061, 83744
71.9073, 83744
71.9084, 83744
71.9095, 83744
71.9107, 83528
71.9118, 83528
71.9131, 83528
71.9142, 83528
71.9154, 83528
71.9165, 83528
71.9176, 83528
71.9188, 83744
71.9199, 83744
71.9211, 83744
71.9222, 83744
71.9234, 83744
71.9246, 83744
71.9258, 83744
71.9269, 83528
71.9281, 83528
71.9292, 83528
71.9303, 83528
71.9315, 83528
71.9327, 83528
71.9338, 83528
71.935, 83528
71.9361, 83528
71.9373, 83528
71.9385, 83528
71.9397, 83528
71.9409, 83528
71.9421, 83528
71.9432, 83528
71.9443, 83528
71.9455, 83528
71.9466, 83528
71.9478, 83528
71.9489, 83528
71.9501, 83528
71.9513, 83528
71.9524, 83744
71.9535, 83744
71.9547, 83744
71.9558, 83744
71.957, 83744
71.9581, 83744
71.9593, 83744
71.9604, 83744
71.9616, 83528
71.9628, 83528
71.9639, 83528
71.9651, 83528
71.9662, 83528
71.9674, 83528
71.9685, 83528
71.9697, 83528
71.9708, 83528
71.972, 83528
71.9732, 83528
71.9744, 83528
71.9756, 83528
71.9767, 83528
71.9779, 83528
71.979, 83744
71.9802, 83744
71.9813, 83744
71.9825, 83744
71.9836, 83744
71.9848, 83744
71.9859, 83744
71.9871, 83744
71.9882, 83744
71.9894, 83744
71.9905, 83744
71.9916, 83744
71.9927, 83744
71.9939, 83744
71.995, 83744
71.9961, 83744
71.9972, 83744
71.9983, 83744
71.9994, 83744
72.0005, 83744
72.0016, 83744
72.0027, 83744
72.0038, 83960
72.0049, 83960
72.0061, 83960
72.0072, 83960
72.0083, 83960
72.0094, 83960
72.0105, 83960
72.0116, 83960
72.0127, 83960
72.0138, 83960
72.015, 83960
72.0161, 83960
72.0172, 83960
72.0183, 83960
72.0195, 83960
72.0206, 83960
72.0217, 83960
72.0228, 83960
72.0239, 83960
72.025, 83960
72.0261, 83960
72.0272, 83960
72.0283, 83960
72.0294, 84176
72.0305, 84176
72.0316, 84176
72.0327, 84176
72.0338, 84176
72.035, 84176
72.0361, 84176
72.0373, 84176
72.0384, 84176
72.0396, 84176
72.0408, 84176
72.0419, 84176
72.0431, 84176
72.0443, 84176
72.0454, 84176
72.0466, 83960
72.0477, 83960
72.0488, 83960
72.05, 83960
72.0512, 83960
72.0524, 83960
72.0536, 83960
72.0547, 83960
72.056, 83528
72.0572, 83528
72.0584, 83528
72.0595, 83528
72.0607, 83528
72.0619, 83528
72.063, 83528
72.0642, 83528
72.0656, 83528
72.0669, 83528
72.0698, 83528
72.0721, 83312
72.0735, 83312
72.0748, 83312
72.0764, 83312
72.0777, 83312
72.0803, 83528
72.0817, 83528
72.0844, 83528
72.0859, 83528
72.0873, 83528
72.0887, 83528
72.0904, 83528
72.0951, 83528
72.0983, 83744
72.1019, 83744
72.1034, 83744
72.1048, 83744
72.1061, 83528
72.1075, 83528
72.1088, 83528
72.11, 83528
72.1113, 83528
72.1145, 83312
72.117, 83312
72.1184, 83312
72.1197, 83312
72.1213, 83312
72.1229, 83528
72.1252, 83528
72.1271, 83528
72.1284, 83528
72.1297, 83528
72.1309, 83528
72.1321, 83528
72.1333, 83528
72.1346, 83528
72.1361, 83528
72.1372, 83528
72.1384, 83528
72.1396, 83528
72.1407, 83096
72.1418, 83096
72.143, 83096
72.1441, 83096
72.1453, 83096
72.1465, 83096
72.1477, 83096
72.1489, 82880
72.1502, 82880
72.1514, 82880
72.1528, 82880
72.1544, 82880
72.156, 82880
72.1581, 82880
72.1607, 82880
72.1638, 82880
72.165, 82880
72.1662, 83096
72.1674, 83096
72.1686, 83096
72.1699, 83096
72.1711, 83096
72.1723, 83096
72.1735, 83096
72.1868, 83096
72.1906, 83096
72.1945, 83096
72.1995, 83096
72.2023, 83096
72.2086, 83096
72.2105, 83096
72.2166, 83096
72.2209, 83096
72.2223, 83096
72.2289, 82880
72.2303, 82880
72.2314, 82880
72.2326, 82880
72.2339, 83096
72.2353, 83096
72.2365, 83096
72.2376, 83096
72.2388, 83096
72.2399, 83096
72.2411, 83096
72.2485, 82880
72.25, 82880
72.2514, 83096
72.2527, 83096
72.2541, 83096
72.2555, 83096
72.2569, 83096
72.2582, 83096
72.2594, 83096
72.2606, 83312
72.2617, 83312
72.2629, 83312
72.264, 83312
72.2652, 83312
72.2663, 83312
72.2675, 83312
72.2686, 83096
72.2698, 83096
72.2709, 83096
72.2721, 83096
72.2732, 83096
72.2745, 83096
72.2757, 83096
72.277, 83096
72.2785, 83096
72.2798, 83096
72.2811, 83096
72.2824, 83096
72.2838, 83096
72.2852, 83528
72.2865, 83528
72.2878, 83528
72.2891, 83528
72.2904, 83528
72.2916, 83528
72.2927, 83528
72.294, 83744
72.2952, 83744
72.2965, 83744
72.2977, 83744
72.2989, 83744
72.3001, 83744
72.3014, 83744
72.3026, 83744
72.3038, 83744
72.305, 83744
72.3063, 83744
72.3075, 83744
72.3087, 83744
72.3099, 83744
72.3111, 83744
72.3123, 83744
72.3135, 83744
72.3147, 83744
72.316, 83744
72.3172, 83744
72.3184, 83744
72.3196, 83960
72.3208, 83960
72.322, 83960
72.3234, 83960
72.3246, 83960
72.3258, 83960
72.327, 83960
72.3282, 83960
72.3295, 83960
72.3308, 83960
72.3321, 83960
72.3332, 83960
72.3344, 83960
72.3356, 83960
72.3368, 83960
72.3379, 83960
72.3392, 83960
72.3404, 83960
72.3415, 83960
72.3427, 83960
72.3441, 83960
72.3454, 83960
72.3466, 83960
72.3478, 83960
72.3489, 83960
72.3501, 83960
72.3512, 83960
72.3523, 83960
72.3535, 83960
72.3546, 83960
72.3558, 83960
72.3569, 83960
72.3581, 83960
72.3593, 83960
72.3605, 83960
72.3618, 83960
72.3632, 83960
72.3645, 83960
72.3658, 83960
72.3672, 83960
72.37, 83960
72.3713, 83960
72.3724, 83960
72.3736, 83960
72.3749, 83960
72.3761, 83960
72.3772, 83960
72.3784, 83960
72.3795, 83960
72.3807, 83960
72.3818, 83960
72.383, 83960
72.3841, 83960
72.3853, 83960
72.3865, 83960
72.3876, 83960
72.3888, 83960
72.39, 83960
72.3913, 83960
72.3928, 83960
72.394, 83960
72.3952, 83960
72.3964, 83960
72.3975, 83960
72.3987, 83960
72.3999, 83960
72.401, 83960
72.4022, 83960
72.4034, 83960
72.4046, 83960
72.4057, 83960
72.407, 83960
72.4083, 83960
72.4095, 83960
72.4107, 83960
72.4118, 83960
72.413, 83960
72.4141, 84176
72.4153, 84176
72.4165, 84176
72.4176, 84176
72.4188, 84176
72.4199, 84176
72.4211, 84176
72.4223, 84176
72.4234, 84176
72.4246, 84176
72.4258, 84176
72.4269, 84176
72.4281, 84176
72.4292, 84176
72.4304, 84176
72.4315, 84176
72.4327, 84176
72.4338, 84176
72.435, 84176
72.4363, 84176
72.4374, 84176
72.4386, 84176
72.4398, 84176
72.4409, 84176
72.4421, 84176
72.4432, 84176
72.4444, 84176
72.4456, 84176
72.4467, 84176
72.4479, 84176
72.449, 84176
72.4502, 84176
72.4514, 84176
72.4525, 84176
72.4537, 84176
72.4548, 84176
72.4561, 84176
72.4573, 84176
72.4585, 84176
72.4597, 84176
72.4609, 84176
72.462, 84176
72.4632, 84176
72.4643, 84176
72.4655, 84176
72.4666, 84176
72.4678, 84176
72.4691, 84176
72.4704, 84176
72.4716, 84176
72.4727, 84176
72.4739, 84176
72.475, 84176
72.4762, 84176
72.4774, 84176
72.4785, 84176
72.4797, 84176
72.4808, 84176
72.4821, 84392
72.4833, 84392
72.4846, 84392
72.486, 84392
72.4873, 84392
72.4886, 84392
72.4897, 84392
72.4909, 84392
72.4921, 84392
72.4932, 84392
72.4944, 84392
72.4957, 84392
72.4969, 84392
72.4981, 84392
72.4993, 84176
72.5006, 84176
72.5018, 84176
72.5031, 84176
72.5043, 84176
72.5055, 84176
72.5067, 84176
72.5079, 84392
72.5091, 84392
72.5102, 84392
72.5115, 84392
72.5128, 84392
72.5143, 84392
72.5155, 84392
72.5167, 84392
72.5179, 84392
72.5192, 84392
72.5204, 84392
72.5217, 84392
72.5229, 84392
72.5241, 84392
72.5254, 84392
72.5266, 84392
72.5278, 84392
72.529, 84392
72.5302, 84392
72.5314, 84392
72.5326, 84392
72.5338, 84392
72.535, 84392
72.5363, 84392
72.5374, 84392
72.5386, 84392
72.5399, 84392
72.5413, 84392
72.5428, 84392
72.5443, 84392
72.5458, 84392
72.5472, 84392
72.5484, 84392
72.5497, 84392
72.5509, 84392
72.5521, 84392
72.5532, 84392
72.5544, 84392
72.5556, 84392
72.5567, 84392
72.5579, 84392
72.559, 84392
72.5603, 84392
72.5615, 84392
72.5627, 84392
72.5639, 84392
72.5652, 84392
72.5665, 84392
72.5678, 84392
72.5691, 84392
72.5703, 84392
72.5717, 84392
72.5729, 84392
72.5741, 84392
72.5755, 84392
72.5767, 84392
72.578, 84392
72.5792, 84392
72.5803, 84392
72.5815, 84392
72.5826, 84392
72.5838, 84392
72.585, 84392
72.5863, 84392
72.5875, 84392
72.5887, 84392
72.5899, 84392
72.591, 84392
72.5922, 84392
72.5934, 84392
72.5947, 84392
72.5959, 84392
72.5971, 84392
72.5982, 84392
72.5994, 84392
72.6005, 84392
72.6017, 84392
72.6028, 84392
72.604, 84392
72.6052, 84392
72.6065, 84392
72.6078, 84392
72.6091, 84392
72.6103, 84392
72.6115, 84392
72.6127, 84392
72.6139, 84392
72.6152, 84392
72.6166, 84392
72.6179, 84392
72.6192, 84392
72.6204, 84392
72.6217, 84392
72.623, 84392
72.6242, 84392
72.6254, 84392
72.6267, 84392
72.6279, 84392
72.6291, 84392
72.6303, 84392
72.6315, 84392
72.6328, 84392
72.6341, 84392
72.6354, 84392
72.6366, 84392
72.6378, 84392
72.639, 84392
72.6402, 84392
72.6414, 84392
72.6425, 84392
72.6437, 84392
72.6449, 84392
72.6461, 84392
72.6473, 84392
72.6486, 84392
72.6498, 84392
72.651, 84392
72.6522, 84392
72.6534, 84392
72.6546, 84392
72.6559, 84392
72.6571, 84392
72.6583, 84392
72.6595, 84392
72.6606, 84392
72.6619, 84392
72.6632, 84392
72.6644, 84392
72.6655, 84392
72.6667, 84392
72.6679, 84392
72.669, 84392
72.6702, 84392
72.6714, 84392
72.6729, 84392
72.6743, 84392
72.6758, 84392
72.6771, 84392
72.6785, 84392
72.6799, 84392
72.6813, 84392
72.6825, 84392
72.6836, 84392
72.6848, 84392
72.6861, 84392
72.6874, 84392
72.6887, 84392
72.69, 84392
72.6914, 84392
72.6927, 84392
72.6939, 84392
72.6951, 84392
72.6963, 84392
72.6975, 84392
72.6986, 84392
72.6998, 84392
72.7009, 84392
72.7021, 84392
72.7034, 84392
72.7045, 84392
72.7057, 84392
72.7068, 84392
72.7079, 84392
72.7091, 84392
72.7103, 84392
72.7115, 84392
72.7127, 83960
72.7138, 83960
72.715, 83960
72.7162, 83960
72.7174, 83960
72.7187, 83960
72.7199, 83960
72.721, 83960
72.7222, 83960
72.7233, 83960
72.7245, 83960
72.7257, 83960
72.7272, 83960
72.7285, 83960
72.7298, 83744
72.7312, 83744
72.7325, 83744
72.7342, 83744
72.7354, 83744
72.7367, 83744
72.7381, 84176
72.7394, 84176
72.7407, 84176
72.7418, 84176
72.743, 84176
72.7441, 84176
72.7452, 84176
72.7464, 83960
72.7475, 83960
72.7487, 83960
72.7498, 83960
72.7509, 83960
72.7521, 83960
72.7532, 83960
72.7544, 83960
72.7556, 83744
72.7569, 83744
72.758, 83744
72.7592, 83744
72.7603, 83744
72.7631, 83960
72.7644, 83960
72.7656, 83960
72.7667, 83960
72.7679, 83960
72.769, 83960
72.7702, 83960
72.7714, 83960
72.7726, 83960
72.7737, 83960
72.7749, 83960
72.776, 83960
72.7772, 83960
72.7783, 83960
72.7795, 83960
72.7806, 83744
72.7818, 83744
72.7829, 83744
72.7841, 83744
72.7852, 83744
72.7864, 83744
72.7875, 83744
72.7887, 83744
72.7898, 83744
72.791, 83744
72.7923, 83744
72.7936, 83744
72.7949, 83744
72.7962, 83744
72.7975, 83960
72.7987, 83960
72.7998, 83960
72.8009, 83960
72.8021, 83960
72.8032, 83960
72.8044, 83960
72.8055, 83960
72.8066, 83744
72.8078, 83744
72.809, 83744
72.8104, 83744
72.8117, 83744
72.813, 83744
72.8144, 83960
72.8158, 83960
72.8171, 83960
72.8184, 83960
72.8196, 83960
72.8209, 83960
72.8221, 83960
72.8234, 84392
72.8249, 84392
72.8261, 84392
72.8273, 84392
72.8284, 84392
72.8296, 84392
72.8307, 84392
72.8319, 84176
72.833, 84176
72.8342, 84176
72.8353, 84176
72.8365, 84176
72.8377, 84176
72.8389, 84176
72.8402, 84176
72.8415, 84176
72.8428, 84176
72.8439, 84176
72.8451, 84176
72.8462, 84176
72.8474, 84176
72.8485, 84392
72.8496, 84392
72.8508, 84392
72.8519, 84392
72.8531, 84392
72.8542, 84392
72.8556, 84392
72.8569, 84176
72.8583, 84176
72.8597, 84176
72.8611, 84176
72.8624, 84176
72.8639, 84176
72.8652, 84176
72.8664, 84608
72.8677, 84608
72.869, 84608
72.8703, 84608
72.8715, 84608
72.8727, 84608
72.8738, 84608
72.875, 84608
72.8761, 84608
72.8772, 84608
72.8784, 84608
72.8795, 84608
72.8807, 84608
72.8818, 84608
72.883, 84176
72.8842, 84176
72.8856, 84176
72.8869, 84176
72.8882, 84176
72.8895, 84176
72.8908, 84176
72.8921, 84392
72.8933, 84392
72.8945, 84392
72.8956, 84392
72.8968, 84392
72.8979, 84392
72.8991, 84392
72.9002, 84824
72.9014, 84824
72.9025, 84824
72.9037, 84824
72.9048, 84824
72.906, 84824
72.9072, 84824
72.9083, 85040
72.9097, 85040
72.9109, 85040
72.9121, 85040
72.9133, 85040
72.9146, 85040
72.9158, 85040
72.917, 85040
72.9182, 85040
72.9194, 85040
72.9206, 85040
72.9218, 85040
72.9229, 85040
72.9242, 85040
72.9254, 85256
72.9266, 85256
72.928, 85256
72.9293, 85256
72.9305, 85256
72.9317, 85256
72.933, 85256
72.9343, 85256
72.9356, 85256
72.9368, 85256
72.938, 85256
72.9392, 85256
72.9403, 85256
72.9415, 85256
72.9426, 85040
72.9438, 85040
72.945, 85040
72.9463, 85040
72.9477, 85040
72.9489, 85040
72.9501, 85040
72.9512, 85040
72.9524, 85040
72.9535, 85040
72.9547, 85040
72.9559, 85040
72.9572, 85040
72.9585, 85040
72.96, 85256
72.9616, 85256
72.9634, 85256
72.965, 85256
72.9666, 85256
72.9681, 85040
72.9695, 85040
72.9707, 85040
72.9723, 85040
72.9737, 85040
72.9754, 85040
72.9767, 85040
72.9781, 85040
72.9795, 85040
72.9809, 85040
72.9823, 85040
72.9837, 85040
72.9851, 85256
72.9865, 85256
72.9879, 85256
72.9893, 85256
72.9905, 85256
72.9919, 85256
72.9934, 85040
72.9946, 85040
72.9959, 85040
72.9973, 85040
72.9985, 85040
72.9997, 85040
73.0009, 85040
73.002, 85256
73.0032, 85256
73.0044, 85256
73.0056, 85256
73.0068, 85256
73.008, 85256
73.0092, 85256
73.0104, 85256
73.0116, 85256
73.0129, 85256
73.014, 85256
73.0152, 85256
73.0165, 85256
73.0179, 85256
73.0192, 85256
73.0204, 85256
73.0216, 85256
73.0228, 85256
73.0241, 85256
73.0254, 85256
73.0266, 85256
73.0278, 85256
73.0291, 85256
73.0303, 85256
73.0316, 85256
73.0328, 85256
73.034, 85256
73.0352, 85256
73.0363, 85256
73.0375, 85256
73.0387, 85256
73.0398, 85256
73.041, 85256
73.0424, 85256
73.0436, 85256
73.0448, 85256
73.0459, 85256
73.0471, 85256
73.0483, 85256
73.0494, 85256
73.0506, 85256
73.0517, 85256
73.0529, 85256
73.054, 85256
73.0552, 85256
73.0563, 85256
73.0575, 85256
73.0587, 85256
73.0599, 85256
73.0611, 85256
73.0625, 85256
73.0638, 85256
73.065, 85256
73.0662, 85256
73.0674, 85256
73.0686, 85256
73.0699, 85256
73.0712, 85040
73.0724, 85040
73.0737, 85040
73.0751, 85040
73.0766, 85040
73.078, 85040
73.0794, 85040
73.0807, 85040
73.0821, 85040
73.0837, 85040
73.0852, 85040
73.0868, 85040
73.0884, 85040
73.0899, 85040
73.0915, 85040
73.0929, 85040
73.0943, 85040
73.0957, 85040
73.0971, 85040
73.0985, 85040
73.0998, 85040
73.1012, 85040
73.1029, 85040
73.1047, 84824
73.1064, 84824
73.108, 84824
73.1094, 84824
73.1107, 84824
73.1121, 84824
73.1135, 84824
73.115, 84824
73.1164, 84824
73.1179, 84824
73.1194, 84824
73.1207, 84824
73.1219, 85040
73.1233, 85040
73.1246, 85040
73.1259, 85040
73.1272, 85040
73.1284, 85040
73.1297, 85040
73.1311, 85040
73.1324, 85040
73.1337, 85040
73.1349, 85040
73.1362, 85040
73.1374, 85040
73.1388, 85040
73.1403, 85040
73.1417, 85040
73.1433, 85040
73.1449, 85040
73.1463, 85040
73.1477, 85040
73.1491, 85040
73.1506, 85040
73.152, 85040
73.1533, 85040
73.1546, 85040
73.156, 85040
73.1573, 85040
73.1587, 85040
73.1601, 85040
73.1614, 85040
73.1627, 85040
73.1639, 85040
73.1652, 85040
73.1665, 85040
73.1678, 85040
73.1692, 85040
73.1706, 85040
73.172, 85040
73.1734, 84824
73.1747, 84824
73.176, 84824
73.1774, 84824
73.179, 84824
73.1806, 84824
73.1822, 84824
73.1838, 84824
73.1853, 84824
73.1872, 84824
73.1887, 84824
73.1902, 84824
73.1917, 84824
73.1932, 84824
73.1946, 84824
73.1961, 84824
73.1975, 84824
73.2019, 84824
73.2034, 84824
73.2048, 84824
73.2062, 84824
73.2076, 84824
73.209, 84824
73.2106, 84824
73.2127, 84824
73.2142, 84824
73.2156, 84824
73.226, 84608
73.2274, 84608
73.2288, 84608
73.23, 84608
73.2312, 84608
73.2324, 84824
73.2335, 84824
73.2347, 84824
73.2359, 84824
73.2372, 84824
73.2384, 84824
73.2396, 84824
73.2408, 84824
73.2419, 84824
73.2432, 84824
73.2446, 84824
73.2461, 84824
73.2482, 84824
73.2501, 84824
73.2517, 84824
73.2533, 84824
73.2546, 84824
73.2559, 84824
73.2571, 84824
73.2585, 84824
73.2599, 84824
73.2612, 84824
73.2625, 84824
73.2638, 84824
73.265, 84824
73.2663, 84824
73.2675, 84824
73.2689, 84824
73.2701, 84824
73.2714, 84824
73.2726, 84824
73.2739, 84824
73.2753, 85040
73.2766, 85040
73.2778, 85040
73.2792, 85040
73.2804, 85040
73.2817, 85040
73.283, 85040
73.2843, 85040
73.2856, 85040
73.2868, 85040
73.2882, 85040
73.2895, 85040
73.291, 85040
73.2925, 85040
73.2939, 85040
73.2953, 85040
73.2967, 85040
73.298, 85040
73.2993, 85040
73.3005, 85040
73.3019, 85040
73.3033, 85040
73.3047, 85040
73.306, 85040
73.3075, 85040
73.309, 85040
73.3106, 85040
73.3122, 85040
73.3137, 85040
73.3148, 85040
73.316, 85040
73.3172, 85040
73.3184, 84824
73.3195, 84824
73.3208, 84824
73.3221, 84824
73.3232, 84824
73.3244, 84824
73.3257, 84824
73.3272, 84392
73.3285, 84392
73.3297, 84392
73.3308, 84392
73.332, 84392
73.3331, 84392
73.3343, 84392
73.3358, 84392
73.3371, 84392
73.3385, 84392
73.34, 84392
73.3413, 84392
73.3427, 84392
73.3439, 84608
73.3452, 84608
73.3464, 84608
73.3477, 84608
73.349, 84608
73.3502, 84608
73.3513, 84608
73.3525, 84824
73.3536, 84824
73.3548, 84824
73.3559, 84824
73.357, 84824
73.3582, 84824
73.3593, 84824
73.3605, 84392
73.3617, 84392
73.3629, 84392
73.3642, 84392
73.3654, 84392
73.3667, 84392
73.3679, 84392
73.3692, 84824
73.3704, 84824
73.3717, 84824
73.3729, 84824
73.3741, 84824
73.3752, 84824
73.3764, 84824
73.3775, 85040
73.3786, 85040
73.3798, 85040
73.3809, 85040
73.382, 85040
73.3832, 85040
73.3843, 85040
73.3855, 85040
73.3866, 84608
73.3877, 84608
73.3889, 84608
73.39, 84608
73.3912, 84608
73.3923, 84608
73.3935, 84608
73.3946, 84392
73.3957, 84392
73.3969, 84392
73.398, 84392
73.3993, 84392
73.4006, 84392
73.4019, 84392
73.4033, 84608
73.4048, 84608
73.406, 84608
73.4072, 84608
73.4083, 84608
73.4095, 84608
73.4106, 84608
73.4118, 84608
73.4129, 84608
73.414, 84608
73.4152, 84608
73.4164, 84608
73.4179, 84608
73.4194, 84608
73.4209, 84608
73.4224, 84608
73.4239, 84608
73.4255, 84608
73.4273, 84608
73.4287, 84824
73.43, 84824
73.4314, 84824
73.4328, 84824
73.4341, 84824
73.4354, 84824
73.4366, 84824
73.4377, 84824
73.4389, 84824
73.44, 84824
73.4411, 84824
73.4423, 84824
73.4434, 84824
73.4446, 84824
73.4457, 84824
73.4468, 84608
73.448, 84608
73.4492, 84608
73.4504, 84608
73.4517, 84608
73.453, 84608
73.4543, 84608
73.4556, 84608
73.4567, 84608
73.4579, 84608
73.459, 84608
73.4602, 84608
73.4613, 84608
73.4625, 84608
73.4636, 84608
73.4647, 84608
73.4659, 84608
73.4672, 84608
73.4687, 84608
73.4701, 84608
73.4714, 84392
73.4728, 84392
73.4741, 84392
73.4755, 84392
73.4769, 84392
73.4782, 84392
73.4795, 84392
73.4808, 84824
73.4822, 84824
73.4835, 84824
73.4846, 84824
73.4858, 84824
73.4869, 84824
73.4881, 84824
73.4892, 85040
73.4903, 85040
73.4915, 85040
73.4926, 85040
73.4938, 85040
73.4949, 85040
73.4962, 85040
73.4978, 85040
73.4993, 85040
73.5009, 85040
73.5026, 85040
73.504, 85040
73.5054, 84824
73.5067, 84824
73.5079, 84824
73.5091, 84824
73.5102, 84824
73.5114, 84824
73.5125, 84824
73.5137, 84824
73.5149, 85040
73.5161, 85040
73.5174, 85040
73.5187, 85040
73.5199, 85040
73.5211, 85040
73.5222, 85040
73.5234, 85256
73.5246, 85256
73.5257, 85256
73.527, 85256
73.5282, 85256
73.5294, 85256
73.5306, 85256
73.5318, 85040
73.5331, 85040
73.5343, 85040
73.5355, 85040
73.5367, 85040
73.5379, 85040
73.5391, 85040
73.5403, 85472
73.5417, 85472
73.543, 85472
73.5443, 85472
73.5456, 85472
73.5469, 85472
73.5483, 85472
73.5497, 85472
73.5511, 85472
73.5524, 85472
73.5538, 85472
73.5552, 85472
73.5567, 85472
73.5583, 85472
73.5596, 85472
73.561, 85472
73.5623, 85472
73.5636, 85472
73.5649, 85472
73.5664, 85256
73.5679, 85256
73.5695, 85256
73.5709, 85256
73.5722, 85256
73.5735, 85256
73.5747, 85256
73.576, 85256
73.5772, 85256
73.5785, 85256
73.5798, 85256
73.581, 85256
73.5823, 85256
73.5836, 85256
73.585, 85256
73.5863, 85256
73.5875, 85256
73.5888, 85256
73.59, 85256
73.5914, 85472
73.5927, 85472
73.5941, 85472
73.5954, 85472
73.5968, 85472
73.5981, 85472
73.5993, 85472
73.6006, 85472
73.6019, 85472
73.6032, 85472
73.6045, 85472
73.6057, 85472
73.607, 85472
73.6082, 85472
73.6095, 85472
73.6108, 85472
73.6121, 85472
73.6135, 85472
73.6147, 85472
73.616, 85472
73.6172, 85472
73.6185, 85472
73.6199, 85472
73.6212, 85472
73.6225, 85472
73.6237, 85472
73.625, 85472
73.6262, 85472
73.6276, 85472
73.629, 85472
73.6304, 85472
73.6319, 85472
73.6334, 85472
73.6348, 85472
73.6362, 85472
73.6375, 85472
73.6388, 85472
73.6401, 85472
73.6415, 85472
73.6428, 85472
73.6441, 85472
73.6456, 85472
73.6471, 85472
73.6485, 85472
73.6499, 85472
73.6513, 85472
73.6526, 85472
73.6539, 85472
73.6553, 85472
73.6568, 85472
73.6582, 85472
73.6596, 85256
73.661, 85256
73.6623, 85256
73.6636, 85256
73.665, 85256
73.6663, 85256
73.6676, 85256
73.6689, 85256
73.6702, 85256
73.6714, 85256
73.6725, 85256
73.6739, 85256
73.6752, 85256
73.6766, 85256
73.6778, 85256
73.679, 85256
73.6802, 85256
73.6813, 85256
73.6825, 85256
73.6837, 85256
73.6849, 85472
73.6862, 85472
73.6876, 85472
73.6889, 85472
73.6903, 85472
73.6916, 85472
73.6929, 85472
73.6942, 85472
73.6955, 85472
73.6968, 85472
73.698, 85472
73.6992, 85472
73.7003, 85472
73.7016, 85472
73.703, 85472
73.7042, 85472
73.7055, 85472
73.7068, 85472
73.7079, 85472
73.7091, 85472
73.7103, 85472
73.7116, 85472
73.7129, 85472
73.7142, 85472
73.7155, 85472
73.7172, 85472
73.7184, 85472
73.7196, 85472
73.7208, 85472
73.722, 85472
73.7232, 85472
73.7244, 85472
73.7256, 85472
73.7268, 85472
73.7281, 85472
73.7293, 85472
73.7305, 85472
73.7317, 85472
73.7328, 85472
73.7341, 85472
73.7353, 85472
73.7365, 85256
73.7377, 85256
73.7388, 85256
73.74, 85256
73.7413, 85256
73.7428, 85256
73.7441, 85256
73.7454, 85256
73.7465, 85256
73.7478, 85256
73.7492, 85256
73.7508, 85256
73.7527, 85256
73.7542, 85256
73.7559, 85256
73.7576, 85256
73.7594, 85256
73.7607, 85256
73.7621, 85256
73.7634, 85256
73.7647, 85256
73.7661, 85256
73.7676, 85256
73.769, 85256
73.7704, 85256
73.7717, 85256
73.7729, 85256
73.7741, 85256
73.7754, 85256
73.7768, 85256
73.7781, 85256
73.7796, 85256
73.7812, 85256
73.7827, 85256
73.7842, 85256
73.7857, 85256
73.7874, 85256
73.789, 85256
73.7905, 85256
73.7919, 85256
73.7931, 85256
73.7945, 85256
73.7958, 85256
73.7973, 85256
73.7986, 85256
73.8, 85256
73.8017, 85256
73.8032, 85256
73.8048, 85256
73.8063, 85256
73.8078, 85256
73.8092, 85256
73.8105, 85256
73.8118, 85256
73.8133, 85256
73.815, 85256
73.8164, 85256
73.8178, 85256
73.8203, 85256
73.8216, 85256
73.8245, 85256
73.8259, 85256
73.8274, 85256
73.8289, 85256
73.8301, 85256
73.8313, 85256
73.8325, 85256
73.8337, 85256
73.835, 85256
73.8363, 85256
73.8377, 85256
73.842, 85040
73.8434, 85040
73.8448, 85040
73.8461, 85040
73.8474, 85256
73.8487, 85256
73.8502, 85256
73.8515, 85256
73.8527, 85256
73.8541, 85256
73.8555, 85256
73.857, 85256
73.8584, 85256
73.8598, 85256
73.8614, 85256
73.863, 85256
73.8644, 85256
73.8662, 85256
73.8679, 85256
73.8695, 85256
73.8714, 85256
73.8728, 85256
73.874, 85256
73.8753, 85256
73.8766, 85256
73.878, 85256
73.8794, 85256
73.8808, 85256
73.8821, 85256
73.8836, 85256
73.8851, 85256
73.8866, 85256
73.8881, 85256
73.8895, 85256
73.8908, 85256
73.8921, 85256
73.8934, 85256
73.8948, 85256
73.8961, 85256
73.8975, 85256
73.8989, 85256
73.9003, 85256
73.9017, 85256
73.903, 85256
73.9042, 85256
73.9053, 85256
73.9065, 85256
73.9076, 85040
73.9088, 85040
73.9101, 85040
73.9115, 85040
73.9126, 85040
73.9138, 85040
73.9153, 84824
73.9167, 84824
73.9179, 84824
73.9192, 84824
73.9204, 84824
73.9216, 84824
73.9227, 84824
73.9239, 84824
73.9253, 84824
73.9268, 84824
73.9282, 84824
73.9297, 84824
73.931, 84824
73.9324, 84824
73.9338, 84824
73.9351, 84824
73.9364, 84824
73.9376, 84824
73.9389, 84824
73.9402, 84824
73.9415, 84824
73.9426, 84824
73.9438, 84824
73.9449, 84824
73.9461, 84824
73.9472, 84824
73.9484, 84824
73.9495, 85040
73.9506, 85040
73.9518, 85040
73.953, 85040
73.9542, 85040
73.9555, 85040
73.9569, 85040
73.9582, 85040
73.9596, 85040
73.961, 85040
73.9624, 85040
73.9638, 85040
73.965, 85040
73.9662, 85256
73.9674, 85256
73.9685, 85256
73.9697, 85256
73.9708, 85256
73.972, 85256
73.9731, 85256
73.9743, 85256
73.9755, 85256
73.9766, 85256
73.9778, 85256
73.9789, 85256
73.98, 85256
73.9812, 85256
73.9823, 85256
73.9835, 85040
73.9846, 85040
73.9857, 85040
73.9869, 85040
73.9881, 85040
73.9893, 85040
73.9905, 85040
73.9919, 85040
73.9933, 85040
73.9947, 85040
73.9959, 85040
73.9971, 85040
73.9983, 85040
73.9994, 85040
74.0006, 85040
74.0017, 85040
74.0029, 85040
74.004, 85040
74.0051, 85040
74.0063, 85040
74.0077, 85040
74.0091, 85040
74.0108, 85040
74.0123, 85040
74.0137, 85040
74.0151, 85040
74.0165, 85040
74.0177, 85040
74.019, 85040
74.0203, 85040
74.0216, 85040
74.023, 85040
74.0244, 85040
74.0258, 85040
74.0271, 84824
74.0283, 84824
74.0295, 84824
74.0306, 84824
74.0318, 84824
74.0329, 84824
74.034, 84824
74.0353, 84608
74.0367, 84608
74.0381, 84608
74.0396, 84608
74.041, 84608
74.0423, 84608
74.0438, 84608
74.0452, 84608
74.0464, 84608
74.0475, 84608
74.0487, 84608
74.0498, 84608
74.0509, 84608
74.0521, 84392
74.0536, 84392
74.055, 84392
74.0564, 84392
74.0579, 84392
74.0593, 84392
74.0607, 84608
74.0621, 84608
74.0635, 84608
74.0648, 84608
74.0661, 84608
74.0675, 84608
74.0688, 84824
74.0702, 84824
74.0714, 84824
74.0727, 84824
74.0738, 84824
74.075, 84824
74.0762, 84824
74.0773, 84608
74.0784, 84608
74.0796, 84608
74.0807, 84608
74.0822, 84608
74.0835, 84608
74.0848, 84608
74.0861, 84392
74.0873, 84392
74.0886, 84392
74.0898, 84392
74.0911, 84392
74.0923, 84392
74.0935, 84392
74.0948, 84608
74.0961, 84608
74.0973, 84608
74.0985, 84608
74.0996, 84608
74.1008, 84608
74.1019, 84608
74.1031, 84608
74.1042, 84608
74.1054, 84608
74.1065, 84608
74.1076, 84608
74.1088, 84608
74.1099, 84608
74.1111, 84608
74.1122, 84608
74.1134, 84608
74.1145, 84608
74.1156, 84608
74.1168, 84608
74.1179, 84608
74.119, 84608
74.1202, 84608
74.1213, 84608
74.1224, 84608
74.1236, 84608
74.1247, 84608
74.1258, 84608
74.127, 84608
74.1281, 84608
74.1292, 84608
74.1304, 84608
74.1315, 84608
74.1326, 84608
74.1338, 84608
74.1349, 84608
74.136, 84608
74.1372, 84608
74.1383, 84608
74.1395, 84608
74.1406, 84608
74.1417, 84608
74.1429, 84608
74.144, 84608
74.1451, 84608
74.1463, 84392
74.1474, 84392
74.1485, 84392
74.1497, 84392
74.1508, 84392
74.152, 84392
74.1531, 84392
74.1543, 84392
74.1554, 84392
74.1565, 84392
74.1577, 84392
74.1588, 84392
74.1599, 84392
74.1611, 84392
74.1622, 84392
74.1633, 84392
74.1645, 84392
74.1656, 84392
74.1667, 84392
74.1679, 84392
74.169, 84392
74.1701, 84392
74.1713, 84392
74.1724, 84392
74.1735, 84392
74.1747, 84392
74.1758, 84392
74.177, 84392
74.1781, 84392
74.1793, 84392
74.1804, 84392
74.1816, 84392
74.1827, 84392
74.1839, 84392
74.185, 84392
74.1862, 84392
74.1873, 84392
74.1885, 84392
74.1896, 84392
74.1908, 84392
74.1919, 84392
74.1931, 84392
74.1943, 84392
74.1956, 84392
74.1968, 84608
74.198, 84608
74.1992, 84608
74.2004, 84608
74.2015, 84608
74.2027, 84608
74.2038, 84608
74.205, 84608
74.2061, 84824
74.2073, 84824
74.2084, 84824
74.2096, 84824
74.2107, 84824
74.2119, 84824
74.213, 84824
74.2142, 84824
74.2153, 84824
74.2165, 84824
74.2177, 84824
74.2193, 84824
74.2213, 84824
74.2226, 84824
74.2239, 84824
74.2251, 84824
74.2262, 84824
74.2274, 84824
74.2286, 84824
74.2298, 84824
74.2309, 84824
74.2321, 84824
74.2333, 84824
74.2344, 84824
74.2356, 84824
74.2368, 84824
74.2379, 84824
74.2399, 84608
74.2412, 84608
74.2423, 84608
74.2435, 84608
74.2447, 84608
74.2459, 84608
74.247, 84608
74.2482, 84608
74.2494, 84608
74.2505, 84608
74.2517, 84608
74.2529, 84608
74.2541, 84608
74.2552, 84608
74.2566, 84608
74.2579, 84608
74.2592, 84608
74.2606, 84608
74.2619, 84608
74.2638, 84608
74.2651, 84824
74.2664, 84824
74.2676, 84824
74.2689, 84824
74.2701, 84824
74.2713, 84824
74.2726, 84824
74.2738, 85040
74.2749, 85040
74.2761, 85040
74.2772, 85040
74.2784, 85040
74.2795, 85040
74.2807, 85040
74.2818, 85040
74.2829, 84824
74.2841, 84824
74.2852, 84824
74.2863, 84824
74.2875, 84824
74.2886, 84824
74.2898, 84824
74.2909, 84824
74.292, 84824
74.2932, 84824
74.2943, 84824
74.2955, 84824
74.2966, 84824
74.2977, 84824
74.2989, 84824
74.3, 84824
74.3012, 84824
74.3023, 84824
74.3035, 84824
74.3046, 84824
74.3058, 84824
74.3069, 84824
74.308, 84608
74.3092, 84608
74.3103, 84608
74.3115, 84608
74.3126, 84608
74.3137, 84608
74.3149, 84608
74.316, 84608
74.3171, 84608
74.3183, 84608
74.3194, 84608
74.3206, 84608
74.3217, 84608
74.3228, 84608
74.324, 84608
74.3251, 84608
74.3263, 84608
74.3274, 84608
74.3286, 84608
74.3297, 84608
74.3308, 84608
74.332, 84608
74.3331, 84608
74.3343, 84392
74.3354, 84392
74.3366, 84392
74.3377, 84392
74.3388, 84392
74.34, 84392
74.3411, 84392
74.3423, 84176
74.3434, 84176
74.3446, 84176
74.3457, 84176
74.3469, 84176
74.348, 84176
74.3492, 84176
74.3503, 84176
74.3515, 84176
74.3526, 84176
74.3538, 84176
74.3549, 84176
74.356, 84176
74.3572, 84176
74.3583, 84176
74.3595, 83960
74.3606, 83960
74.3618, 83960
74.3629, 83960
74.3641, 83960
74.3652, 83960
74.3664, 83960
74.3675, 84176
74.3687, 84176
74.3698, 84176
74.3709, 84176
74.3721, 84176
74.3732, 84176
74.3744, 84176
74.3755, 84176
74.3767, 83960
74.3812, 84176
74.3893, 84176
74.3936, 84392
74.3952, 84392
74.3966, 84392
74.398, 84392
74.3993, 84392
74.4007, 84392
74.402, 84608
74.4033, 84608
74.4046, 84608
74.4057, 84608
74.4069, 84608
74.4081, 84608
74.4092, 84608
74.4103, 84608
74.4115, 84608
74.4126, 84608
74.4138, 84608
74.4149, 84608
74.4161, 84608
74.4172, 84608
74.4184, 84608
74.4195, 84176
74.4207, 84176
74.4218, 84176
74.423, 84176
74.4241, 84176
74.4253, 84176
74.4264, 84176
74.4276, 84176
74.4287, 84176
74.4298, 84176
74.431, 84176
74.4321, 84176
74.4333, 84176
74.4344, 84176
74.4356, 84176
74.4367, 84176
74.4378, 84176
74.439, 84176
74.4401, 84176
74.4413, 84176
74.4424, 84176
74.4436, 84176
74.4447, 83960
74.4459, 83960
74.447, 83960
74.4481, 83960
74.4493, 83960
74.4504, 83960
74.4516, 83960
74.4528, 83744
74.4539, 83744
74.4551, 83744
74.4562, 83744
74.4574, 83744
74.4585, 83744
74.4597, 83744
74.4609, 83744
74.462, 83744
74.4631, 83744
74.4643, 83744
74.4654, 83744
74.4665, 83744
74.4677, 83744
74.4688, 83744
74.4699, 83744
74.471, 83744
74.4721, 83744
74.4732, 83744
74.4744, 83744
74.4755, 83744
74.4766, 83744
74.4778, 83744
74.4789, 83528
74.48, 83528
74.4811, 83528
74.4822, 83528
74.4834, 83528
74.4845, 83528
74.4856, 83528
74.4867, 83528
74.4879, 83528
74.489, 83528
74.4901, 83528
74.4913, 83528
74.4924, 83528
74.4936, 83528
74.4947, 83528
74.4958, 83528
74.4969, 83528
74.498, 83528
74.4991, 83528
74.5002, 83528
74.5013, 83528
74.5024, 83528
74.5035, 83528
74.5046, 83528
74.5057, 83528
74.5068, 83528
74.5079, 83528
74.5091, 83528
74.5102, 83528
74.5123, 83312
74.5147, 83312
74.5164, 83312
74.5179, 83312
74.5191, 83312
74.5204, 83312
74.5216, 84176
74.5227, 84176
74.5238, 84176
74.525, 84176
74.5262, 84176
74.5273, 84176
74.5285, 84176
74.5296, 84176
74.5308, 84176
74.5319, 84176
74.533, 84176
74.5342, 84176
74.5353, 84176
74.5365, 84176
74.5376, 84176
74.5388, 83960
74.5399, 83960
74.541, 83960
74.5422, 83960
74.5433, 83960
74.5445, 83960
74.5457, 83960
74.5468, 83744
74.548, 83744
74.5491, 83744
74.5502, 83744
74.5514, 83744
74.5525, 83744
74.5537, 83744
74.5548, 83744
74.556, 83744
74.5572, 83744
74.5583, 83744
74.5595, 83744
74.5606, 83744
74.5618, 83744
74.5629, 83744
74.5641, 83528
74.5652, 83528
74.5664, 83528
74.5676, 83528
74.5689, 83528
74.5702, 83528
74.5715, 83528
74.5728, 83528
74.5741, 83528
74.5755, 83528
74.5768, 83528
74.5782, 83528
74.5795, 83528
74.5807, 83528
74.5819, 83528
74.5832, 83528
74.5844, 83528
74.5857, 83528
74.5869, 83528
74.5881, 83528
74.5892, 83528
74.5904, 83528
74.5915, 83528
74.5927, 83528
74.5938, 83528
74.595, 83528
74.5961, 83528
74.5973, 83528
74.5984, 83744
74.5996, 83744
74.6007, 83744
74.6019, 83744
74.603, 83744
74.6042, 83744
74.6053, 83744
74.6065, 83744
74.6077, 83744
74.6088, 83744
74.61, 83744
74.6111, 83744
74.6123, 83744
74.6134, 83744
74.6146, 83744
74.6157, 83744
74.6169, 83744
74.6181, 83744
74.6192, 83744
74.6204, 83744
74.6215, 83744
74.6227, 83744
74.6238, 83744
74.625, 83744
74.6261, 83744
74.6273, 83744
74.6284, 83744
74.6295, 83744
74.6307, 83744
74.6318, 83960
74.633, 83960
74.6341, 83960
74.6353, 83960
74.6364, 83960
74.6376, 83960
74.6387, 83960
74.6399, 83960
74.641, 83960
74.6422, 83960
74.6433, 83960
74.6445, 83960
74.6456, 83960
74.6468, 83960
74.6479, 83960
74.6491, 83960
74.6503, 83960
74.6514, 83960
74.6526, 83960
74.6537, 83960
74.6549, 83960
74.6561, 83960
74.6572, 83960
74.6584, 83960
74.6595, 83960
74.6606, 83960
74.6618, 83960
74.6629, 83960
74.6641, 83960
74.6653, 83960
74.6664, 84176
74.6676, 84176
74.6687, 84176
74.6727, 84176
74.6769, 84176
74.6783, 84176
74.6797, 84176
74.681, 84176
74.6822, 84176
74.6875, 84392
74.6888, 84392
74.6899, 84392
74.6911, 84392
74.6923, 84608
74.6934, 84608
74.6945, 84608
74.6957, 84608
74.6968, 84608
74.698, 84608
74.6991, 84608
74.7003, 84392
74.7014, 84392
74.7026, 84392
74.7037, 84392
74.7048, 84392
74.706, 84392
74.7072, 84392
74.7083, 84392
74.7095, 84392
74.7106, 84392
74.7118, 84392
74.7129, 84392
74.714, 84392
74.7152, 84392
74.7164, 84392
74.7175, 84392
74.7187, 84392
74.7198, 84392
74.721, 84392
74.7221, 84392
74.7232, 84392
74.7244, 84392
74.7255, 84392
74.7267, 84392
74.7278, 84392
74.729, 84392
74.7301, 84392
74.7313, 84392
74.7324, 84392
74.7336, 84392
74.7347, 84392
74.7359, 84392
74.737, 84392
74.7382, 84392
74.7393, 84392
74.7405, 84392
74.7416, 84392
74.7427, 84392
74.7439, 84176
74.745, 84176
74.7462, 84176
74.7474, 84176
74.7485, 84176
74.7497, 84176
74.7508, 84176
74.752, 84176
74.7531, 84176
74.7542, 84176
74.7554, 84176
74.7565, 84176
74.7577, 84176
74.7588, 84176
74.76, 84176
74.7611, 84176
74.7623, 84176
74.7634, 84176
74.7646, 84176
74.7657, 84176
74.7668, 84176
74.768, 84176
74.7691, 84176
74.7703, 84176
74.7714, 84176
74.7726, 84176
74.7737, 84176
74.7749, 84176
74.776, 84176
74.7772, 84176
74.7783, 84176
74.7795, 84176
74.7806, 84176
74.7818, 84176
74.7829, 84176
74.7841, 84176
74.7852, 84176
74.7864, 84176
74.7875, 84176
74.7887, 84176
74.7898, 84176
74.791, 84176
74.7921, 84176
74.7961, 84176
74.8005, 84176
74.8078, 84608
74.8107, 84608
74.8122, 84608
74.8135, 84608
74.8147, 84608
74.8178, 84608
74.8192, 84608
74.8206, 84824
74.8221, 84824
74.8272, 84824
74.8286, 85040
74.8298, 85040
74.8314, 85040
74.8336, 85040
74.8349, 85040
74.8362, 85040
74.8374, 85040
74.8388, 85040
74.84, 85040
74.8413, 85040
74.8425, 85040
74.8437, 85040
74.845, 85040
74.8462, 85040
74.8474, 85040
74.8487, 85040
74.8499, 85040
74.8515, 85040
74.8528, 85040
74.8541, 85040
74.8553, 85040
74.8566, 85040
74.8578, 85040
74.8591, 85040
74.8604, 85040
74.8616, 85040
74.8629, 85040
74.8644, 85040
74.8657, 85040
74.8669, 85040
74.8682, 85040
74.8695, 85040
74.8707, 85040
74.872, 85040
74.8732, 85040
74.8745, 85040
74.8757, 85040
74.8769, 85040
74.8782, 85040
74.8794, 85040
74.8807, 85040
74.8819, 85040
74.8833, 85040
74.8846, 85040
74.8861, 85040
74.8874, 85040
74.8888, 84824
74.89, 84824
74.8914, 84824
74.8927, 84824
74.8941, 84824
74.8953, 84824
74.8967, 84824
74.898, 84824
74.8993, 84824
74.9006, 84824
74.9018, 84824
74.903, 84824
74.9043, 84824
74.9056, 84824
74.9069, 84824
74.9081, 84824
74.9094, 84824
74.9106, 84824
74.9118, 84824
74.913, 84824
74.9141, 84824
74.9153, 84824
74.9165, 84824
74.9176, 84824
74.9188, 84824
74.92, 84824
74.9211, 84824
74.9223, 84824
74.9235, 84824
74.9247, 84824
74.9259, 84824
74.9271, 84824
74.9283, 84824
74.9295, 84824
74.9307, 84824
74.9319, 84824
74.9331, 84824
74.9343, 84824
74.9355, 84824
74.9366, 84824
74.9378, 84824
74.939, 84824
74.9402, 84824
74.9414, 84824
74.9426, 84824
74.9438, 84824
74.945, 84824
74.9461, 84824
74.9473, 84824
74.9487, 84608
74.9501, 84608
74.9513, 84608
74.9525, 84608
74.9537, 84608
74.9549, 84608
74.9562, 84608
74.9575, 84608
74.9588, 84608
74.9602, 84608
74.9615, 84608
74.9629, 84608
74.9643, 84608
74.9657, 84392
74.9671, 84392
74.9684, 84392
74.9696, 84392
74.9708, 84392
74.9722, 84392
74.9735, 84392
74.9749, 84392
74.9763, 84392
74.9778, 84392
74.9793, 84392
74.9806, 84392
74.9818, 84392
74.983, 84392
74.9842, 84392
74.9853, 84392
74.9865, 84392
74.9877, 84392
74.9889, 84392
74.9901, 84392
74.9912, 84392
74.9924, 84392
74.9981, 84392
75.006, 84176
75.0076, 84176
75.009, 84176
75.0159, 84176
75.0174, 84176
75.0188, 84176
75.0201, 84176
75.0214, 84176
75.0227, 84176
75.0244, 84176
75.0259, 84176
75.027, 84176
75.0282, 84176
75.0294, 84176
75.0306, 84176
75.0319, 84176
75.0332, 84176
75.0346, 84176
75.0359, 84176
75.0372, 84176
75.0385, 84176
75.0397, 84176
75.0409, 84176
75.0421, 84176
75.0433, 84176
75.0445, 84176
75.0457, 84176
75.0469, 84176
75.0482, 84176
75.0494, 84176
75.0573, 84176
75.0592, 83960
75.0607, 83960
75.0622, 83960
75.0671, 84176
75.0734, 84176
75.078, 83960
75.082, 83960
75.087, 84176
75.0884, 84176
75.0898, 84176
75.0909, 84176
75.0921, 84176
75.0933, 84392
75.0945, 84392
75.0956, 84392
75.0968, 84392
75.098, 84392
75.0992, 84392
75.1004, 84392
75.1016, 84392
75.1028, 84392
75.1039, 84392
75.1051, 84392
75.1063, 84392
75.1075, 84392
75.1087, 84392
75.1098, 84392
75.1187, 84392
75.1204, 84392
75.1222, 84392
75.1238, 84392
75.1253, 84392
75.1268, 84608
75.1283, 84608
75.13, 84608
75.1315, 84608
75.1329, 84608
75.1342, 84608
75.1354, 84824
75.1366, 84824
75.1377, 84824
75.1389, 84824
75.14, 84824
75.1413, 84824
75.1428, 84824
75.1442, 84608
75.1455, 84608
75.1468, 84608
75.1481, 84608
75.1494, 84608
75.1507, 84608
75.1519, 84608
75.1532, 84608
75.1544, 84608
75.1557, 84608
75.157, 84608
75.1583, 84608
75.1596, 84608
75.1608, 84608
75.1621, 84608
75.1634, 84608
75.1646, 84608
75.1659, 84608
75.1672, 84608
75.1685, 84608
75.1698, 84608
75.1712, 84608
75.1725, 84608
75.1738, 84608
75.175, 84608
75.1763, 84608
75.1775, 84608
75.1788, 84608
75.1801, 84608
75.1814, 84608
75.1827, 84608
75.1839, 84608
75.1852, 84608
75.1864, 84608
75.1876, 84608
75.1889, 84608
75.1901, 84608
75.1914, 84608
75.1927, 84608
75.1939, 84608
75.1953, 84608
75.1965, 84608
75.1978, 84608
75.199, 84608
75.2003, 84608
75.2016, 84608
75.2028, 84608
75.2041, 84608
75.2053, 84608
75.2066, 84608
75.2079, 84608
75.2091, 84608
75.2103, 84608
75.2116, 84608
75.2129, 84608
75.2141, 84608
75.2154, 84608
75.2167, 84608
75.2179, 84608
75.2193, 84608
75.2206, 84608
75.2219, 84608
75.2233, 84608
75.2245, 84608
75.2258, 84608
75.2272, 84608
75.2285, 84608
75.2296, 84608
75.2307, 84608
75.2319, 84608
75.2331, 84608
75.2342, 84608
75.2354, 84608
75.2365, 84608
75.2377, 84608
75.2388, 84608
75.24, 84608
75.2411, 84608
75.2423, 84608
75.2434, 84608
75.2446, 84608
75.2457, 84608
75.2469, 84608
75.248, 84608
75.2492, 84608
75.2504, 84608
75.2516, 84608
75.2527, 84608
75.2539, 84608
75.255, 84392
75.2562, 84392
75.2573, 84392
75.2585, 84392
75.2596, 84392
75.2607, 84392
75.2619, 84392
75.2631, 84392
75.2642, 84392
75.2654, 84392
75.2665, 84392
75.2677, 84392
75.2689, 84392
75.27, 84392
75.2712, 84392
75.2723, 84392
75.2735, 84392
75.2746, 84392
75.2758, 84392
75.2769, 84392
75.2781, 84392
75.2792, 84392
75.2804, 84392
75.2815, 84392
75.2827, 84392
75.2838, 84392
75.285, 84392
75.2861, 84392
75.2873, 84392
75.2885, 84392
75.2896, 84392
75.291, 84392
75.2922, 84392
75.2934, 84392
75.2946, 84392
75.2957, 84392
75.2971, 84392
75.2983, 84392
75.2996, 84392
75.301, 84392
75.3022, 84392
75.3033, 84392
75.3045, 84392
75.3056, 84392
75.3068, 84176
75.3079, 84176
75.3091, 84176
75.3103, 84176
75.3114, 84176
75.3126, 84176
75.3138, 84176
75.3152, 84176
75.3164, 84176
75.3175, 84176
75.3187, 84176
75.3199, 84176
75.321, 84176
75.3222, 84176
75.3237, 84176
75.325, 84176
75.3262, 84176
75.3274, 84176
75.3286, 84176
75.3297, 84176
75.3309, 84176
75.3321, 84392
75.3332, 84392
75.3344, 84392
75.3355, 84392
75.3367, 84392
75.3378, 84392
75.339, 84392
75.3402, 84392
75.3413, 84392
75.3424, 84392
75.3436, 84392
75.3448, 84392
75.3459, 84392
75.347, 84392
75.3482, 84392
75.3494, 84392
75.3507, 84392
75.3519, 84392
75.353, 84392
75.3542, 84392
75.3554, 84392
75.3565, 84392
75.3576, 84392
75.3588, 84392
75.3599, 84392
75.361, 84392
75.3622, 84392
75.3633, 84392
75.3645, 84392
75.3656, 84392
75.3668, 84608
75.3679, 84608
75.3692, 84608
75.3705, 84608
75.3716, 84608
75.3728, 84608
75.3739, 84608
75.3751, 84608
75.3763, 84608
75.3774, 84608
75.3786, 84608
75.3797, 84608
75.3809, 84608
75.3822, 84608
75.3834, 84608
75.3846, 84608
75.3857, 84608
75.3869, 84608
75.388, 84608
75.3892, 84608
75.3903, 84608
75.3915, 84608
75.3926, 84608
75.3938, 84608
75.395, 84608
75.3961, 84608
75.3973, 84608
75.3984, 84608
75.3996, 84608
75.4007, 84608
75.402, 84608
75.4033, 84608
75.4045, 84608
75.4057, 84608
75.4068, 84608
75.408, 84608
75.4091, 84608
75.4104, 84608
75.4116, 84608
75.4128, 84608
75.4141, 84608
75.4154, 84608
75.4166, 84608
75.4178, 84608
75.4218, 84608
75.4302, 84608
75.432, 84608
75.4338, 84608
75.4354, 84608
75.4369, 84608
75.4381, 84608
75.4394, 84608
75.4407, 84608
75.4419, 84608
75.4432, 84608
75.4444, 84608
75.4458, 84608
75.4471, 84608
75.4484, 84608
75.4498, 84608
75.451, 84824
75.4523, 84824
75.4536, 84824
75.455, 84824
75.4564, 84824
75.4578, 84824
75.4596, 84608
75.4613, 84608
75.4631, 84608
75.4648, 84608
75.4665, 84608
75.4683, 84824
75.4701, 84824
75.4716, 84824
75.4731, 84824
75.4745, 84824
75.4758, 84824
75.477, 84824
75.4782, 84824
75.4795, 84824
75.4809, 84824
75.4832, 84824
75.4845, 84824
75.4858, 84392
75.487, 84392
75.4883, 84392
75.4895, 84392
75.4908, 84392
75.492, 84392
75.4933, 84392
75.4945, 84392
75.4959, 84392
75.4971, 84392
75.4984, 84392
75.4996, 84392
75.5009, 84392
75.5021, 84392
75.5034, 84392
75.5047, 84392
75.506, 84392
75.5074, 84392
75.5087, 84392
75.5099, 84392
75.5113, 84392
75.5125, 84392
75.5137, 84392
75.515, 84392
75.5163, 84392
75.5175, 84392
75.5188, 84392
75.5201, 84392
75.5214, 84392
75.5227, 84392
75.524, 84392
75.5253, 84392
75.5266, 84392
75.5279, 84392
75.5292, 84392
75.5304, 84392
75.5317, 84392
75.533, 84392
75.5343, 84392
75.5356, 84392
75.5371, 84176
75.5384, 84176
75.5397, 84176
75.5412, 84176
75.5426, 84176
75.5439, 84176
75.5452, 84392
75.5465, 84392
75.5477, 84392
75.5489, 84392
75.5501, 84392
75.5513, 84392
75.5528, 84392
75.554, 84392
75.5552, 84392
75.5563, 84392
75.5575, 84392
75.5587, 84392
75.5599, 84392
75.5611, 84392
75.5623, 84392
75.5635, 84392
75.5647, 84392
75.5659, 84392
75.5672, 84392
75.5684, 84392
75.5696, 84392
75.5708, 84392
75.572, 84392
75.5732, 84392
75.5745, 84392
75.5757, 84392
75.5769, 84392
75.5781, 84392
75.5793, 84392
75.5806, 84392
75.5818, 84392
75.5829, 84392
75.5841, 84392
75.5852, 84392
75.5864, 84392
75.5875, 84392
75.5886, 84176
75.5898, 84176
75.5909, 84176
75.5921, 84176
75.5933, 84176
75.5944, 84176
75.5955, 84176
75.5967, 84176
75.5978, 84176
75.599, 84176
75.6001, 84176
75.6012, 84176
75.6024, 84176
75.6035, 84176
75.6047, 84392
75.6058, 84392
75.607, 84392
75.6081, 84392
75.6092, 84392
75.6104, 84392
75.6116, 84392
75.613, 84392
75.6142, 84176
75.6153, 84176
75.6165, 84176
75.6176, 84176
75.6188, 84176
75.6199, 84176
75.6211, 84176
75.6222, 84392
75.6234, 84392
75.6245, 84392
75.6256, 84392
75.6268, 84392
75.628, 84392
75.6291, 84392
75.6303, 84392
75.6314, 84392
75.6326, 84392
75.6338, 84392
75.635, 84392
75.6364, 84392
75.6376, 84392
75.6388, 84392
75.6399, 84392
75.6411, 84392
75.6422, 84392
75.6434, 84392
75.6445, 84392
75.6456, 84392
75.6468, 84392
75.6479, 84392
75.6491, 84392
75.6502, 84392
75.6514, 84392
75.6525, 84392
75.6537, 84392
75.6548, 84392
75.6559, 84392
75.6571, 84392
75.6582, 84392
75.6594, 84392
75.6605, 84392
75.6616, 84392
75.6628, 84392
75.6639, 84392
75.6651, 84392
75.6662, 84392
75.6674, 84392
75.6686, 84392
75.6697, 84392
75.6711, 84392
75.6722, 84392
75.6734, 84392
75.6745, 84392
75.6757, 84392
75.6768, 84392
75.678, 84392
75.6792, 84392
75.6803, 84392
75.6815, 84392
75.6827, 84392
75.684, 84392
75.6851, 84392
75.6863, 84392
75.6874, 84392
75.6886, 84392
75.6899, 84392
75.6911, 84392
75.6922, 84392
75.6934, 84392
75.6945, 84392
75.6957, 84392
75.6968, 84392
75.698, 84392
75.6993, 84392
75.7005, 84392
75.7016, 84392
75.7028, 84392
75.7039, 84392
75.705, 84392
75.7062, 84392
75.7073, 84608
75.7085, 84608
75.7096, 84608
75.7108, 84608
75.7119, 84608
75.7131, 84608
75.7142, 84608
75.7154, 84608
75.7166, 84608
75.7177, 84608
75.7189, 84608
75.72, 84608
75.7211, 84608
75.7223, 84608
75.7235, 84608
75.7246, 84608
75.7258, 84608
75.7269, 84608
75.728, 84608
75.7292, 84608
75.7304, 84608
75.7316, 84608
75.7327, 84608
75.7339, 84608
75.735, 84608
75.7361, 84608
75.7373, 84608
75.7385, 84608
75.7398, 84608
75.741, 84608
75.7421, 84608
75.7433, 84608
75.7444, 84608
75.7456, 84608
75.7467, 84608
75.7479, 84608
75.749, 84608
75.7501, 84392
75.7513, 84392
75.7524, 84392
75.7536, 84392
75.7547, 84392
75.7558, 84392
75.757, 84392
75.7581, 84392
75.7593, 84608
75.7604, 84608
75.7615, 84608
75.7627, 84608
75.7638, 84608
75.765, 84608
75.7661, 84608
75.7672, 84392
75.7684, 84392
75.7695, 84392
75.7706, 84392
75.7718, 84392
75.7729, 84392
75.7741, 84392
75.7752, 84392
75.7763, 84608
75.7775, 84608
75.7786, 84608
75.7798, 84608
75.7809, 84608
75.782, 84608
75.7832, 84608
75.7843, 84608
75.7854, 84608
75.7866, 84608
75.7877, 84608
75.7889, 84608
75.79, 84608
75.7912, 84608
75.7923, 84608
75.7934, 84608
75.7946, 84608
75.7957, 84608
75.7969, 84608
75.798, 84608
75.7992, 84608
75.8003, 84608
75.8015, 84608
75.8026, 84608
75.8037, 84608
75.8049, 84608
75.806, 84608
75.8072, 84608
75.8083, 84608
75.8094, 84608
75.8106, 84608
75.8117, 84608
75.8129, 84608
75.814, 84608
75.8152, 84608
75.8163, 84608
75.8175, 84608
75.8186, 84608
75.8197, 84608
75.8209, 84608
75.822, 84608
75.8232, 84608
75.8243, 84608
75.8255, 84608
75.8266, 84608
75.8277, 84608
75.8289, 84608
75.83, 84608
75.8312, 84608
75.8323, 84608
75.8335, 84608
75.8346, 84608
75.8358, 84608
75.8369, 84608
75.838, 84608
75.8392, 84608
75.8403, 84608
75.8414, 84608
75.8426, 84608
75.8437, 84608
75.8448, 84608
75.846, 84608
75.8471, 84608
75.8483, 84608
75.8494, 84608
75.8506, 84608
75.8517, 84608
75.8529, 84608
75.854, 84608
75.8552, 84608
75.8563, 84608
75.8574, 84608
75.8586, 84608
75.8597, 84608
75.8609, 84608
75.862, 84608
75.8631, 84608
75.8643, 84608
75.8654, 84608
75.8666, 84608
75.8677, 84608
75.8689, 84608
75.87, 84608
75.8712, 84608
75.8723, 84608
75.8735, 84608
75.8746, 84608
75.8758, 84608
75.8769, 84608
75.8781, 84608
75.8792, 84608
75.8804, 84608
75.8815, 84608
75.8826, 84608
75.8838, 84608
75.8849, 84608
75.8861, 84608
75.8872, 84608
75.8884, 84608
75.8895, 84608
75.8906, 84608
75.8918, 84608
75.8929, 84608
75.894, 84608
75.8951, 84608
75.8963, 84608
75.8974, 84608
75.8986, 84608
75.8997, 84608
75.9009, 84608
75.902, 84608
75.9032, 84608
75.9043, 84608
75.9054, 84608
75.9066, 84608
75.9077, 84608
75.9089, 84608
75.91, 84608
75.9112, 84608
75.9123, 84608
75.9135, 84608
75.9146, 84608
75.9157, 84608
75.9169, 84608
75.918, 84608
75.9191, 84608
75.9203, 84608
75.9214, 84392
75.9226, 84392
75.9237, 84392
75.9249, 84392
75.926, 84392
75.9272, 84392
75.9283, 84392
75.9295, 84176
75.9306, 84176
75.9317, 84176
75.9329, 84176
75.934, 84176
75.9352, 84176
75.9363, 84176
75.9374, 84176
75.9501, 84176
75.952, 84176
75.9539, 84176
75.9556, 84176
75.9571, 84176
75.9585, 84176
75.9597, 84176
75.9609, 84176
75.9621, 84176
75.9633, 84176
75.9645, 84176
75.9657, 84176
75.9669, 84176
75.9681, 84176
75.9694, 84176
75.971, 84176
75.9725, 84176
75.9736, 84176
75.9748, 84176
75.976, 84176
75.9771, 84176
75.9783, 84176
75.9797, 84176
75.9809, 84176
75.9825, 84176
75.984, 84176
75.9856, 84176
75.9871, 84176
75.9887, 84176
75.9901, 84176
75.9914, 84176
75.9926, 84176
75.9939, 84176
75.9952, 84176
75.9965, 84176
75.9978, 84392
75.999, 84392
76.0003, 84392
76.0017, 84392
76.003, 84392
76.0043, 84392
76.0056, 84392
76.0069, 84392
76.0082, 84392
76.0094, 84392
76.0106, 84392
76.0117, 84392
76.0129, 84392
76.014, 84392
76.0152, 84176
76.0164, 84176
76.0175, 84176
76.0187, 84176
76.0198, 84176
76.021, 84176
76.0221, 84176
76.0232, 84176
76.0245, 84176
76.0259, 84176
76.0273, 84176
76.0286, 84176
76.0299, 84176
76.0312, 84176
76.0324, 84608
76.0337, 84608
76.035, 84608
76.0363, 84608
76.0376, 84608
76.0389, 84608
76.0401, 84824
76.0414, 84824
76.0427, 84824
76.044, 84824
76.0453, 84824
76.0467, 84824
76.048, 84824
76.0492, 85040
76.0505, 85040
76.0518, 85040
76.0531, 85040
76.0544, 85040
76.0556, 85040
76.0569, 85256
76.0581, 85256
76.0594, 85256
76.0606, 85256
76.0617, 85256
76.0629, 85256
76.0641, 85256
76.0653, 85256
76.0665, 85472
76.0677, 85472
76.0689, 85472
76.0703, 85472
76.0717, 85472
76.0732, 85472
76.0747, 85688
76.0761, 85688
76.0774, 85688
76.0787, 85688
76.08, 85688
76.0812, 85688
76.0823, 85688
76.0835, 85472
76.0848, 85472
76.086, 85472
76.0872, 85472
76.0884, 85472
76.0895, 85472
76.0909, 85472
76.0924, 85472
76.0936, 85472
76.0949, 85472
76.0962, 85472
76.0975, 85472
76.0988, 85472
76.1002, 85688
76.1016, 85688
76.1029, 85688
76.1042, 85688
76.1054, 85688
76.1067, 85688
76.1081, 85472
76.1094, 85472
76.1108, 85472
76.1121, 85472
76.1134, 85472
76.1148, 85472
76.1161, 85472
76.1175, 85688
76.1188, 85688
76.1201, 85688
76.1214, 85688
76.1227, 85688
76.124, 85688
76.1253, 85688
76.1266, 85688
76.1279, 85688
76.1293, 85688
76.1307, 85688
76.132, 85688
76.1333, 85688
76.1346, 85688
76.1359, 85688
76.1371, 85688
76.1383, 85688
76.1395, 85688
76.1407, 85688
76.1418, 85688
76.143, 85688
76.1442, 85688
76.1453, 85688
76.1465, 85688
76.1478, 85688
76.149, 85688
76.1502, 85688
76.1514, 85688
76.1525, 85688
76.1537, 85688
76.1549, 85688
76.1561, 85688
76.1574, 85688
76.1586, 85688
76.1598, 85688
76.1611, 85688
76.1623, 85688
76.1634, 85688
76.1646, 85688
76.1657, 85688
76.1669, 85688
76.168, 85688
76.1692, 85688
76.1704, 85688
76.1718, 85688
76.173, 85688
76.1742, 85688
76.1753, 85688
76.1765, 85904
76.1776, 85904
76.1788, 85904
76.18, 85904
76.1813, 85904
76.1827, 85904
76.1841, 85904
76.1855, 85688
76.1868, 85688
76.1881, 85688
76.1894, 85688
76.1908, 85688
76.1922, 85688
76.1934, 85688
76.1947, 85688
76.1961, 85688
76.1977, 85688
76.199, 85688
76.2003, 85688
76.2016, 85688
76.203, 85688
76.2045, 85688
76.2059, 85688
76.2075, 85688
76.209, 85688
76.2106, 85904
76.212, 85904
76.2132, 85904
76.2144, 85904
76.2156, 85904
76.2169, 85904
76.2183, 85904
76.2196, 85688
76.2209, 85688
76.2222, 85688
76.2235, 85688
76.2247, 85688
76.2259, 85688
76.2271, 85688
76.2283, 85688
76.2295, 85688
76.2308, 85688
76.232, 85688
76.2333, 85688
76.2346, 85688
76.236, 85688
76.2374, 85688
76.2386, 85688
76.2398, 85688
76.241, 85688
76.2421, 85688
76.2433, 85688
76.2445, 85688
76.2457, 85688
76.2472, 85688
76.2487, 85688
76.2501, 85688
76.2515, 85688
76.2528, 85688
76.254, 85688
76.2552, 85688
76.2564, 85688
76.2576, 85688
76.2588, 85688
76.2601, 85688
76.2613, 85688
76.2624, 85688
76.2636, 85688
76.2648, 85688
76.266, 85688
76.2672, 85688
76.2684, 85688
76.2696, 85688
76.2708, 85688
76.272, 85688
76.2732, 85688
76.2746, 85688
76.2759, 85688
76.2772, 85688
76.2786, 85688
76.2799, 85904
76.2812, 85904
76.2824, 85904
76.2836, 85904
76.2848, 85904
76.2861, 85904
76.2873, 85688
76.2884, 85688
76.2896, 85688
76.2909, 85688
76.2923, 85688
76.2935, 85688
76.2946, 85688
76.296, 85688
76.2971, 85688
76.2983, 85688
76.2995, 85688
76.3008, 85688
76.3021, 85688
76.3033, 85688
76.3044, 85904
76.3056, 85904
76.3069, 85904
76.3081, 85904
76.3093, 85904
76.3107, 85904
76.3119, 85904
76.3131, 85688
76.3143, 85688
76.3156, 85688
76.3169, 85688
76.3182, 85688
76.3196, 85688
76.3213, 85904
76.3229, 85904
76.3245, 85904
76.3261, 85904
76.3276, 85904
76.3291, 85904
76.3306, 85688
76.3321, 85688
76.3337, 85688
76.3352, 85688
76.3367, 85688
76.3383, 85688
76.3398, 85688
76.3413, 85688
76.3426, 85688
76.3441, 85688
76.3455, 85688
76.3469, 85688
76.3486, 85688
76.3502, 85688
76.3518, 85688
76.3532, 85688
76.3546, 85688
76.356, 85688
76.3572, 85688
76.3586, 85688
76.3598, 85688
76.3611, 85688
76.3625, 85688
76.3639, 85688
76.3654, 85688
76.3668, 85688
76.3681, 85688
76.3694, 85688
76.3706, 85688
76.3718, 85688
76.373, 85472
76.3742, 85472
76.3754, 85472
76.3767, 85472
76.3781, 85472
76.3794, 85472
76.3808, 85472
76.3821, 85688
76.3834, 85688
76.3847, 85688
76.386, 85688
76.3874, 85688
76.3888, 85688
76.3906, 85688
76.3921, 85688
76.3937, 85688
76.3952, 85688
76.3966, 85688
76.3979, 85688
76.3994, 85472
76.401, 85472
76.4025, 85472
76.4043, 85472
76.4061, 85472
76.4075, 85256
76.4089, 85256
76.4103, 85256
76.4116, 85256
76.4129, 85256
76.4142, 85256
76.4156, 85472
76.4168, 85472
76.4182, 85472
76.4196, 85472
76.421, 85472
76.4224, 85472
76.4237, 85472
76.425, 85256
76.4263, 85256
76.4278, 85256
76.4292, 85256
76.4306, 85256
76.432, 85256
76.4334, 85472
76.4345, 85472
76.4357, 85472
76.4368, 85472
76.4379, 85472
76.4391, 85472
76.4404, 85472
76.4417, 85040
76.443, 85040
76.4443, 85040
76.4468, 85040
76.4481, 85040
76.4493, 85040
76.4505, 84824
76.4516, 84824
76.4527, 84824
76.454, 84824
76.4555, 84824
76.4603, 84608
76.4618, 84608
76.4631, 84608
76.4645, 84608
76.4658, 84608
76.4672, 84824
76.4707, 84824
76.472, 84824
76.4732, 84824
76.4743, 84824
76.4755, 84824
76.4766, 84824
76.4778, 84824
76.4789, 84824
76.4801, 84824
76.4812, 84824
76.4824, 84824
76.4836, 84392
76.4849, 84392
76.4862, 84392
76.4875, 84392
76.4901, 84392
76.4915, 84392
76.4929, 84608
76.4942, 84608
76.4955, 84608
76.4968, 84608
76.4981, 84608
76.4997, 84608
76.5012, 84392
76.5023, 84392
76.5035, 84392
76.5047, 84392
76.5058, 84392
76.507, 84392
76.5082, 84392
76.5093, 84176
76.5105, 84176
76.5116, 84176
76.5128, 84176
76.5139, 84176
76.5151, 84176
76.5162, 84176
76.5174, 84176
76.5185, 83960
76.5197, 83960
76.5208, 83960
76.5257, 83960
76.527, 84176
76.5282, 84176
76.5293, 84176
76.5305, 84176
76.5316, 84176
76.5328, 84176
76.5339, 84176
76.5351, 84392
76.5363, 84392
76.5374, 84392
76.552, 84392
76.5577, 84392
76.5591, 84392
76.5603, 84392
76.5615, 84608
76.5626, 84608
76.5637, 84608
76.5649, 84608
76.566, 84608
76.5673, 84608
76.5686, 84608
76.5699, 84824
76.5712, 84824
76.5724, 84824
76.5741, 84824
76.5775, 84824
76.5788, 84824
76.58, 84824
76.5812, 84824
76.5823, 84824
76.5834, 84824
76.5846, 84824
76.5857, 84824
76.5869, 84608
76.588, 84608
76.5892, 84608
76.6006, 84824
76.602, 84824
76.6065, 84824
76.6077, 84824
76.6089, 84824
76.61, 84824
76.6112, 84824
76.6124, 84824
76.6135, 84824
76.6147, 84824
76.6158, 84824
76.617, 84824
76.6182, 84824
76.6194, 84824
76.6206, 84392
76.6218, 84392
76.6234, 84392
76.6276, 84392
76.6289, 84608
76.6303, 84608
76.6315, 84608
76.6328, 84608
76.6339, 84608
76.6351, 84608
76.6363, 84608
76.6375, 85040
76.6387, 85040
76.6398, 85040
76.641, 85040
76.6421, 85040
76.6433, 85040
76.6445, 85040
76.6456, 85040
76.6468, 85256
76.6481, 85256
76.6493, 85256
76.6504, 85256
76.6516, 85256
76.6527, 85256
76.654, 85256
76.6552, 85040
76.6565, 85040
76.6577, 85040
76.6589, 85040
76.6601, 85040
76.6613, 85040
76.6625, 85040
76.6637, 85256
76.6649, 85256
76.6661, 85256
76.6674, 85256
76.6687, 85256
76.67, 85256
76.6712, 85256
76.6725, 85256
76.6738, 85256
76.6752, 85256
76.6766, 85256
76.6779, 85256
76.6794, 85256
76.6808, 85256
76.6822, 85256
76.6835, 85256
76.6849, 85256
76.6863, 85256
76.6875, 85256
76.6888, 85472
76.6901, 85472
76.6914, 85472
76.6927, 85472
76.694, 85472
76.6954, 85472
76.6967, 85472
76.698, 85472
76.6993, 85472
76.7007, 85472
76.702, 85472
76.7033, 85472
76.7047, 85472
76.706, 85472
76.7073, 85472
76.7087, 85472
76.71, 85472
76.7113, 85472
76.7126, 85472
76.7139, 85688
76.7153, 85688
76.7165, 85688
76.7178, 85688
76.7192, 85688
76.7203, 85688
76.7215, 85688
76.7226, 85688
76.7238, 85688
76.725, 85688
76.7262, 85688
76.7276, 85688
76.729, 85688
76.7304, 85688
76.7318, 85688
76.7331, 85688
76.7343, 85688
76.7355, 85688
76.7366, 85688
76.7378, 85688
76.739, 85688
76.7401, 85688
76.7413, 85688
76.7426, 85688
76.7439, 85688
76.7451, 85688
76.7466, 85688
76.7479, 85688
76.7491, 85688
76.7503, 85688
76.7515, 85688
76.7529, 85688
76.7544, 85688
76.7559, 85688
76.7575, 85688
76.7591, 85688
76.7607, 85688
76.7622, 85688
76.7637, 85688
76.765, 85688
76.7663, 85688
76.7679, 85688
76.7694, 85688
76.7708, 85688
76.7722, 85688
76.7734, 85688
76.7745, 85688
76.7757, 85688
76.777, 85688
76.7783, 85688
76.7797, 85688
76.7809, 85688
76.7821, 85688
76.7833, 85688
76.7844, 85688
76.7856, 85688
76.7868, 85688
76.7879, 85688
76.7893, 85688
76.7905, 85688
76.7917, 85688
76.7929, 85688
76.794, 85688
76.7953, 85688
76.7968, 85688
76.7982, 85688
76.7994, 85688
76.8007, 85688
76.8022, 85688
76.8035, 85688
76.8047, 85688
76.8059, 85688
76.807, 85688
76.8083, 85472
76.8096, 85472
76.8108, 85472
76.8121, 85472
76.8134, 85472
76.8147, 85472
76.8161, 85472
76.8175, 85472
76.819, 85472
76.8203, 85472
76.8216, 85472
76.8227, 85472
76.8239, 85472
76.8254, 85472
76.8268, 85472
76.8282, 85472
76.8294, 85472
76.8307, 85472
76.8321, 85472
76.8334, 85472
76.8347, 85472
76.836, 85472
76.8373, 85472
76.8386, 85472
76.84, 85472
76.8414, 85472
76.8427, 85472
76.8439, 85472
76.8451, 85472
76.8462, 85472
76.8475, 85472
76.8488, 85472
76.85, 85472
76.8513, 85256
76.8526, 85256
76.854, 85256
76.8554, 85256
76.8567, 85256
76.8581, 85256
76.8595, 85256
76.8608, 85256
76.8621, 85256
76.8638, 85256
76.8654, 85256
76.8669, 85256
76.8684, 85040
76.8698, 85040
76.8713, 85040
76.8726, 85040
76.8741, 85040
76.8757, 85040
76.8773, 85040
76.879, 85040
76.8808, 85040
76.8824, 85040
76.8841, 85040
76.8856, 85040
76.887, 85040
76.8884, 85040
76.89, 85040
76.8914, 85040
76.8928, 85040
76.8941, 85040
76.8957, 85040
76.8973, 85040
76.8988, 85040
76.9003, 85040
76.9017, 85040
76.9032, 85040
76.9048, 85040
76.9063, 85040
76.9079, 85040
76.9095, 85040
76.9111, 85040
76.9125, 85040
76.9138, 85040
76.9152, 85040
76.9165, 85040
76.9179, 85040
76.9192, 85040
76.9206, 85040
76.9219, 85040
76.9233, 85040
76.9249, 85040
76.9264, 85040
76.9278, 85040
76.9291, 85040
76.9304, 85040
76.9318, 85040
76.9331, 85040
76.9345, 85040
76.9359, 85040
76.9373, 85040
76.9386, 85040
76.9399, 85040
76.9413, 85040
76.9427, 85040
76.9441, 85040
76.9457, 85040
76.9473, 85040
76.9487, 85040
76.9501, 85040
76.9515, 85040
76.9529, 85040
76.9543, 85040
76.9559, 85040
76.9573, 85040
76.9588, 85040
76.9601, 85040
76.9616, 85040
76.9652, 85040
76.9666, 85040
76.968, 85040
76.9693, 85040
76.9706, 85040
76.972, 85040
76.9734, 85040
76.9749, 85040
76.9763, 85040
76.9781, 85040
76.9798, 85040
76.9811, 85040
76.9824, 85040
76.9838, 85040
76.9851, 85040
76.9864, 85040
76.9876, 85256
76.9888, 85256
76.99, 85256
76.9912, 85256
76.9924, 85256
76.9936, 85256
76.9947, 85256
76.9959, 85256
76.997, 85256
76.9982, 85256
76.9994, 85256
77.0007, 85256
77.0019, 85256
77.0031, 85256
77.0047, 85472
77.0061, 85472
77.0074, 85472
77.0088, 85472
77.01, 85472
77.0114, 85472
77.0127, 85472
77.0139, 85472
77.015, 85472
77.0162, 85472
77.0174, 85472
77.0186, 85472
77.0198, 85472
77.0211, 85472
77.0223, 85472
77.0236, 85472
77.0248, 85472
77.0261, 85472
77.0273, 85472
77.0286, 85472
77.0301, 85688
77.0315, 85688
77.0328, 85688
77.0341, 85688
77.0352, 85688
77.0364, 85688
77.0375, 85688
77.0387, 85472
77.0398, 85472
77.041, 85472
77.0423, 85472
77.0435, 85472
77.0447, 85472
77.046, 85472
77.0473, 85040
77.0486, 85040
77.0499, 85040
77.0512, 85040
77.0524, 85040
77.0535, 85040
77.0547, 85040
77.0559, 85040
77.0573, 85040
77.0588, 85040
77.0603, 85040
77.062, 85040
77.0634, 85040
77.0648, 85040
77.0662, 85040
77.0675, 85040
77.0688, 85040
77.0701, 85040
77.0714, 85040
77.0726, 85256
77.0738, 85256
77.0749, 85256
77.076, 85256
77.0772, 85256
77.0783, 85256
77.0795, 85256
77.0806, 85256
77.0818, 85040
77.0829, 85040
77.0841, 85040
77.0852, 85040
77.0865, 85040
77.0877, 85040
77.089, 85040
77.0902, 85040
77.0916, 85040
77.0934, 85040
77.0948, 85040
77.096, 85040
77.0972, 85040
77.0983, 85256
77.0995, 85256
77.1006, 85256
77.1018, 85256
77.1029, 85256
77.1041, 85256
77.1052, 85256
77.1064, 85256
77.1076, 84824
77.1087, 84824
77.1098, 84824
77.111, 84824
77.1121, 84824
77.1133, 84824
77.1144, 84824
77.1156, 84608
77.1167, 84608
77.1179, 84608
77.119, 84608
77.1201, 84608
77.1213, 84608
77.1225, 84608
77.1238, 84608
77.1251, 84608
77.1266, 84608
77.1279, 84608
77.1291, 84608
77.1302, 84608
77.1313, 84608
77.1325, 84824
77.1336, 84824
77.1348, 84824
77.1359, 84824
77.1371, 84824
77.1382, 84824
77.1393, 84824
77.1405, 84824
77.1419, 84824
77.1437, 84824
77.1452, 84824
77.1466, 84824
77.1481, 84824
77.1494, 85256
77.1507, 85256
77.152, 85256
77.1532, 85256
77.1545, 85256
77.1557, 85256
77.157, 85256
77.1582, 85472
77.1594, 85472
77.1605, 85472
77.1617, 85472
77.1628, 85472
77.1639, 85472
77.1651, 85472
77.1662, 85472
77.1674, 85256
77.1685, 85256
77.1696, 85256
77.1708, 85256
77.172, 85256
77.1734, 85256
77.1747, 85256
77.176, 85040
77.1773, 85040
77.1785, 85040
77.1796, 85040
77.1808, 85040
77.1819, 85040
77.1831, 85040
77.1842, 85256
77.1854, 85256
77.1865, 85256
77.1877, 85256
77.1889, 85256
77.1901, 85256
77.1918, 85040
77.1935, 85040
77.195, 85040
77.1965, 85040
77.1981, 85040
77.1998, 85040
77.2013, 85040
77.2026, 85040
77.2038, 85040
77.2052, 85040
77.2066, 85040
77.2079, 85040
77.2092, 85472
77.2104, 85472
77.2115, 85472
77.2127, 85472
77.2138, 85472
77.2149, 85472
77.2161, 85472
77.2172, 85472
77.2183, 85040
77.2195, 85040
77.2206, 85040
77.2218, 85040
77.2231, 85040
77.2248, 85040
77.2262, 85040
77.2276, 85040
77.2291, 85040
77.2306, 85040
77.2323, 85040
77.2337, 85040
77.2349, 85256
77.2361, 85256
77.2373, 85256
77.2384, 85256
77.2396, 85256
77.2408, 85256
77.2419, 85256
77.2431, 85472
77.2443, 85472
77.2454, 85472
77.2466, 85472
77.2479, 85472
77.2491, 85472
77.2503, 85472
77.2514, 85472
77.2526, 85472
77.2538, 85472
77.255, 85472
77.2564, 85472
77.2576, 85472
77.2588, 85472
77.26, 85472
77.2612, 85472
77.2624, 85472
77.2636, 85472
77.2648, 85472
77.266, 85472
77.2673, 85472
77.2686, 85688
77.2699, 85688
77.2712, 85688
77.2727, 85688
77.274, 85688
77.2752, 85688
77.2764, 85688
77.2776, 85688
77.2789, 85688
77.2803, 85688
77.2818, 85688
77.2833, 85688
77.2847, 85688
77.2862, 85472
77.2875, 85472
77.2889, 85472
77.2903, 85472
77.2914, 85472
77.2925, 85472
77.2937, 85472
77.295, 85256
77.2965, 85256
77.2979, 85256
77.2994, 85256
77.3008, 85256
77.3021, 85256
77.3035, 85256
77.3049, 85256
77.3063, 85256
77.3077, 85256
77.3093, 85256
77.3107, 85256
77.3121, 85256
77.3135, 85256
77.3148, 85256
77.3162, 85256
77.3175, 85256
77.3188, 85256
77.3203, 85256
77.3217, 85256
77.323, 85256
77.3244, 85256
77.3257, 85256
77.3269, 85256
77.3282, 85256
77.3294, 85256
77.3307, 85256
77.3319, 85256
77.3332, 85256
77.3344, 85256
77.3358, 85256
77.3372, 85256
77.3385, 85256
77.3398, 85256
77.3411, 85256
77.3423, 85256
77.3436, 85256
77.3449, 85256
77.3463, 85256
77.3476, 85256
77.3489, 85256
77.3502, 85256
77.3515, 85256
77.3528, 85256
77.354, 85256
77.3553, 85256
77.3565, 85256
77.3578, 85256
77.359, 85256
77.3603, 85256
77.3616, 85256
77.3629, 85472
77.3643, 85472
77.3656, 85472
77.3669, 85472
77.3681, 85472
77.3694, 85472
77.3706, 85472
77.372, 85256
77.3733, 85256
77.3746, 85256
77.3759, 85256
77.3771, 85256
77.3784, 85256
77.3797, 85472
77.381, 85472
77.3823, 85472
77.3837, 85472
77.3851, 85472
77.3865, 85472
77.3878, 85472
77.3891, 85472
77.3904, 85472
77.3917, 85472
77.3931, 85472
77.3944, 85472
77.3957, 85472
77.3971, 85472
77.3985, 85472
77.3999, 85472
77.4013, 85472
77.4026, 85472
77.4041, 85472
77.4056, 85256
77.4069, 85256
77.4084, 85256
77.4101, 85256
77.4115, 85256
77.4126, 85256
77.4137, 85256
77.4149, 85256
77.416, 85256
77.4171, 85256
77.4183, 85256
77.4194, 85256
77.4205, 85256
77.4216, 85256
77.4227, 85256
77.4238, 85256
77.4249, 85256
77.426, 85256
77.4271, 85256
77.4282, 85256
77.4294, 85256
77.4305, 85256
77.4316, 85040
77.4328, 85040
77.4339, 85040
77.435, 85040
77.4361, 85040
77.4372, 85040
77.4383, 85040
77.4394, 85040
77.4405, 85040
77.4416, 85040
77.4427, 85040
77.4438, 85040
77.4449, 85040
77.4461, 85040
77.4472, 85040
77.4483, 85040
77.4494, 85040
77.4505, 85040
77.4516, 85040
77.4527, 85040
77.4538, 85040
77.455, 85040
77.4561, 85040
77.4572, 85040
77.4583, 85040
77.4594, 85040
77.4605, 85040
77.4616, 85040
77.4628, 85040
77.4639, 85040
77.465, 85040
77.4661, 85040
77.4672, 85040
77.4683, 85040
77.4694, 85040
77.4705, 85040
77.4716, 85040
77.4728, 85040
77.4739, 85040
77.475, 85040
77.4761, 85040
77.4772, 85040
77.4783, 85040
77.4794, 85040
77.4805, 85040
77.4817, 85040
77.4828, 85040
77.4839, 85040
77.485, 85040
77.4861, 85040
77.4872, 85040
77.4883, 85040
77.4894, 85040
77.4905, 85040
77.4917, 85040
77.4928, 85040
77.4939, 85040
77.495, 85040
77.4961, 85040
77.4972, 85040
77.4983, 85040
77.4994, 85040
77.5005, 85040
77.5017, 85040
77.5028, 85040
77.5039, 85040
77.505, 85040
77.5061, 85040
77.5073, 85040
77.5084, 85040
77.5095, 85040
77.5106, 85040
77.5117, 85040
77.5128, 85040
77.5139, 85040
77.5151, 85040
77.5162, 84824
77.5173, 84824
77.5185, 84824
77.5197, 84824
77.5217, 84824
77.5232, 84824
77.5245, 84824
77.5265, 84824
77.5283, 84824
77.5296, 84824
77.531, 84824
77.5324, 84824
77.5337, 84824
77.535, 84824
77.5364, 84824
77.5377, 84824
77.539, 84824
77.5404, 84824
77.5417, 84824
77.543, 84824
77.5443, 84824
77.5456, 84824
77.5469, 84824
77.5483, 84824
77.5496, 84824
77.5509, 84824
77.5523, 84824
77.5537, 84824
77.5549, 84824
77.5561, 84824
77.5574, 84824
77.5587, 84824
77.56, 84824
77.5612, 84824
77.5625, 84824
77.5637, 84824
77.5649, 84824
77.5661, 84824
77.5673, 84824
77.5685, 84824
77.5698, 84824
77.5711, 84824
77.5725, 84824
77.5739, 84824
77.5753, 84824
77.5765, 84824
77.5778, 84824
77.5792, 84824
77.5805, 84824
77.5818, 84824
77.5832, 84824
77.5846, 85040
77.5859, 85040
77.5872, 85040
77.5885, 85040
77.5898, 85040
77.5914, 85040
77.5926, 85040
77.5939, 85040
77.5952, 85040
77.5966, 85040
77.5979, 85040
77.5991, 85040
77.6004, 85040
77.6017, 85040
77.603, 85040
77.6042, 85040
77.6056, 85040
77.607, 85040
77.6084, 85040
77.6098, 85040
77.6112, 85040
77.6125, 85040
77.6138, 85040
77.615, 85040
77.6162, 85040
77.6174, 85040
77.6187, 85040
77.62, 85040
77.6213, 85040
77.6226, 85040
77.624, 85040
77.6252, 85040
77.6264, 85040
77.6277, 85040
77.6289, 85040
77.6301, 85040
77.6314, 85040
77.6326, 85040
77.634, 85040
77.6354, 85040
77.6367, 85040
77.6378, 85040
77.639, 85040
77.6401, 85040
77.6412, 85040
77.6424, 85040
77.6438, 85040
77.645, 84608
77.6461, 84608
77.6473, 84608
77.6486, 84608
77.6499, 84608
77.6511, 84608
77.6523, 84608
77.6535, 84608
77.6546, 84608
77.6558, 84608
77.657, 84608
77.6584, 84608
77.6597, 84608
77.661, 84608
77.6623, 84392
77.6636, 84392
77.6648, 84392
77.6661, 84392
77.6673, 84392
77.6685, 84392
77.6698, 84608
77.6711, 84608
77.6723, 84608
77.6736, 84608
77.6748, 84608
77.6759, 84608
77.6771, 84608
77.6782, 84608
77.6794, 84608
77.6805, 84608
77.6817, 84608
77.6828, 84608
77.684, 84608
77.6851, 84608
77.6864, 84608
77.6877, 84176
77.689, 84176
77.6904, 84176
77.6917, 84176
77.6931, 84176
77.6944, 84176
77.6958, 84392
77.6971, 84392
77.6983, 84392
77.6995, 84392
77.7006, 84392
77.7018, 84392
77.7029, 84392
77.704, 84392
77.7052, 84392
77.7064, 84392
77.7075, 84392
77.7086, 84392
77.7098, 84392
77.7109, 84392
77.712, 84392
77.7132, 84176
77.7143, 84176
77.7155, 84176
77.7166, 84176
77.7177, 84176
77.7188, 84176
77.72, 84176
77.7211, 83960
77.7223, 83960
77.7235, 83960
77.7249, 83960
77.7263, 83960
77.7276, 83960
77.729, 83960
77.7302, 84176
77.7314, 84176
77.7325, 84176
77.7336, 84176
77.7348, 84176
77.7359, 84176
77.7371, 84176
77.7382, 83960
77.7393, 83960
77.7405, 83960
77.7417, 83960
77.7432, 83960
77.7447, 83960
77.7461, 83960
77.7475, 83960
77.7489, 83960
77.7503, 83960
77.7517, 83960
77.753, 83960
77.7543, 83960
77.7555, 84392
77.7566, 84392
77.7578, 84392
77.759, 84392
77.7603, 84392
77.7615, 84392
77.7628, 84392
77.764, 84176
77.7651, 84176
77.7663, 84176
77.7675, 84176
77.7686, 84176
77.7698, 84176
77.7709, 84176
77.7721, 83744
77.7734, 83744
77.7747, 83744
77.7761, 83744
77.7775, 83744
77.7788, 83744
77.78, 83744
77.7812, 83960
77.7823, 83960
77.7835, 83960
77.7846, 83960
77.7857, 83960
77.7869, 83960
77.788, 83960
77.7892, 83744
77.7904, 83744
77.7918, 83744
77.7933, 83744
77.795, 83744
77.7964, 83744
77.798, 83744
77.7996, 83744
77.8011, 83744
77.8026, 83744
77.8038, 83744
77.8051, 83744
77.8064, 83960
77.8077, 83960
77.8091, 83960
77.8104, 83960
77.8117, 83960
77.8128, 83960
77.814, 83960
77.8152, 83960
77.8163, 83960
77.8175, 83960
77.8186, 83960
77.8197, 83960
77.8209, 83960
77.822, 83960
77.8231, 83960
77.8244, 83744
77.8258, 83744
77.8273, 83744
77.8287, 83744
77.8302, 83744
77.8317, 83960
77.8332, 83960
77.8346, 83960
77.8361, 83960
77.8373, 83960
77.8384, 83960
77.8395, 83960
77.8408, 83960
77.8421, 83960
77.8434, 83960
77.8447, 83960
77.8459, 83960
77.8472, 83960
77.8484, 83960
77.8496, 84392
77.8507, 84392
77.8519, 84392
77.8531, 84392
77.8543, 84392
77.8555, 84392
77.8567, 84392
77.858, 84392
77.8592, 84392
77.8604, 84392
77.8616, 84392
77.8628, 84392
77.8641, 84392
77.8653, 84392
77.8665, 84608
77.8677, 84608
77.8689, 84608
77.8702, 84608
77.8715, 84608
77.8728, 84608
77.8741, 84608
77.8753, 84608
77.8766, 84608
77.8778, 84608
77.8791, 84608
77.8803, 84608
77.8815, 84608
77.8828, 84608
77.884, 84608
77.8853, 84608
77.8865, 84608
77.8878, 84608
77.889, 84608
77.8902, 84608
77.8914, 84608
77.8926, 84608
77.8938, 84608
77.8951, 84608
77.8964, 84608
77.8977, 84608
77.8993, 84608
77.9007, 84608
77.9021, 84608
77.9035, 84608
77.9047, 84608
77.9059, 84608
77.9071, 84608
77.9083, 84608
77.9094, 84608
77.9107, 84608
77.9119, 84608
77.9131, 84608
77.9143, 84608
77.9156, 84608
77.9168, 84608
77.918, 84608
77.9192, 84608
77.9205, 84608
77.9218, 84608
77.923, 84608
77.9243, 84608
77.9256, 84608
77.9269, 84608
77.9282, 84608
77.9295, 84608
77.9309, 84608
77.9322, 84608
77.9335, 84608
77.9349, 84608
77.9363, 84608
77.9377, 84608
77.9392, 84608
77.9404, 84608
77.9416, 84608
77.9427, 84608
77.9439, 84608
77.9451, 84608
77.9462, 84608
77.9474, 84608
77.9487, 84608
77.9499, 84608
77.9511, 84608
77.9523, 84608
77.9534, 84608
77.9546, 84608
77.9559, 84608
77.9571, 84608
77.9582, 84608
77.9594, 84608
77.9606, 84608
77.9617, 84608
77.963, 84608
77.9643, 84608
77.9655, 84608
77.9667, 84608
77.9678, 84608
77.969, 84608
77.9703, 84608
77.9715, 84608
77.9728, 84608
77.9741, 84608
77.9754, 84608
77.9766, 84608
77.9778, 84608
77.979, 84608
77.9803, 84608
77.9815, 84608
77.9827, 84608
77.984, 84608
77.9852, 84608
77.9865, 84824
77.9877, 84824
77.989, 84824
77.9902, 84824
77.9913, 84824
77.9926, 84824
77.9937, 84824
77.995, 84824
77.9962, 84824
77.9975, 84824
77.9988, 84824
78, 84824
78.0012, 84824
78.0024, 84824
78.0036, 84824
78.0047, 84824
78.0059, 84824
78.007, 84824
78.0081, 84824
78.0093, 84824
78.0104, 84824
78.0115, 84392
78.0127, 84392
78.0139, 84392
78.0153, 84392
78.0165, 84392
78.0177, 84392
78.0189, 84392
78.0201, 84176
78.0213, 84176
78.0225, 84176
78.0237, 84176
78.0249, 84176
78.0261, 84176
78.0273, 84176
78.0285, 84608
78.0297, 84608
78.0309, 84608
78.0321, 84608
78.0333, 84608
78.0345, 84608
78.0357, 84608
78.0369, 84608
78.0381, 84608
78.0393, 84608
78.0404, 84608
78.0416, 84608
78.0427, 84608
78.044, 84608
78.0454, 84824
78.0466, 84824
78.048, 84824
78.0492, 84824
78.0505, 84824
78.0518, 84824
78.0531, 84824
78.0544, 84824
78.0557, 84824
78.0568, 84824
78.058, 84824
78.0591, 84824
78.0603, 84824
78.0614, 84824
78.0626, 84824
78.0638, 84824
78.0649, 84824
78.0661, 84824
78.0673, 84824
78.0685, 84824
78.0697, 84824
78.0709, 84824
78.072, 84824
78.0732, 84824
78.0743, 84824
78.0756, 84824
78.0768, 84824
78.0779, 84824
78.0791, 84824
78.0802, 84824
78.0814, 84824
78.0825, 84824
78.0836, 84824
78.0848, 84824
78.086, 84824
78.0873, 84824
78.0885, 84824
78.0898, 84824
78.0911, 84824
78.0923, 84824
78.0935, 84824
78.0946, 84824
78.0959, 84824
78.0974, 84824
78.0987, 84824
78.1001, 84824
78.1013, 84824
78.1026, 84824
78.1037, 84824
78.1049, 84824
78.106, 84824
78.1072, 84824
78.1084, 84824
78.1095, 84824
78.1106, 84824
78.1118, 84824
78.1129, 84824
78.114, 84824
78.1152, 84824
78.1163, 84824
78.1174, 84824
78.1186, 84824
78.1197, 84824
78.1229, 84824
78.1298, 84824
78.1311, 84824
78.1324, 84824
78.1337, 84824
78.135, 84824
78.1362, 84824
78.1374, 84824
78.1386, 84824
78.1397, 84824
78.1409, 84824
78.142, 84824
78.1432, 84824
78.1444, 84824
78.1455, 84824
78.1468, 84824
78.1481, 85040
78.1496, 85040
78.151, 85040
78.1525, 85040
78.1539, 85040
78.1554, 85040
78.1569, 85040
78.1583, 85040
78.1597, 85040
78.161, 85040
78.1624, 85040
78.1637, 85040
78.1653, 85040
78.1669, 85040
78.1684, 85040
78.1696, 85040
78.1709, 85040
78.1722, 85040
78.1736, 85040
78.175, 85040
78.1766, 85040
78.178, 85040
78.1795, 85040
78.1808, 85040
78.1823, 85040
78.1836, 85040
78.185, 85040
78.1863, 85040
78.1876, 85040
78.189, 85040
78.1904, 85040
78.1921, 85040
78.1936, 85040
78.1951, 85040
78.1965, 85040
78.1978, 85040
78.1992, 85256
78.2005, 85256
78.2017, 85256
78.203, 85256
78.2042, 85256
78.2054, 85256
78.2067, 85256
78.208, 85256
78.2093, 85256
78.2105, 85256
78.2118, 85256
78.2131, 85256
78.2144, 85256
78.2158, 85256
78.2171, 85256
78.2184, 85256
78.2197, 85256
78.221, 85256
78.2223, 85256
78.2236, 85256
78.2249, 85472
78.2262, 85472
78.2274, 85472
78.2287, 85472
78.23, 85472
78.2313, 85472
78.2326, 85472
78.2341, 85472
78.2355, 85472
78.2369, 85472
78.2383, 85472
78.2397, 85472
78.2411, 85472
78.2425, 85472
78.2438, 85472
78.245, 85472
78.2463, 85472
78.2475, 85472
78.2486, 85472
78.2497, 85472
78.2509, 85256
78.252, 85256
78.2532, 85256
78.2545, 85256
78.2558, 85256
78.2569, 85256
78.2581, 85256
78.2594, 84824
78.2607, 84824
78.2622, 84824
78.2634, 84824
78.2645, 84824
78.2657, 84824
78.2668, 84824
78.268, 85040
78.2693, 85040
78.2706, 85040
78.272, 85040
78.2734, 85040
78.2747, 85040
78.2761, 85040
78.2775, 85040
78.2788, 85040
78.2801, 85040
78.2813, 85040
78.2827, 85040
78.284, 85256
78.2854, 85256
78.2865, 85256
78.2877, 85256
78.2888, 85256
78.2901, 85256
78.2913, 85256
78.2924, 85256
78.2936, 85040
78.2947, 85040
78.2959, 85040
78.2971, 85040
78.2983, 85040
78.2995, 85040
78.3008, 85040
78.3021, 84824
78.3035, 84824
78.3048, 84824
78.3062, 84824
78.3075, 84824
78.3087, 84824
78.3099, 85256
78.3111, 85256
78.3122, 85256
78.3134, 85256
78.3145, 85256
78.3156, 85256
78.3168, 85256
78.3179, 85256
78.3191, 84824
78.3202, 84824
78.3214, 84824
78.3225, 84824
78.3237, 84824
78.3248, 84824
78.326, 84824
78.3271, 84608
78.3283, 84608
78.3294, 84608
78.3306, 84608
78.3317, 84608
78.3329, 84608
78.334, 84608
78.3353, 84608
78.3366, 84608
78.338, 84608
78.3394, 84608
78.3407, 84608
78.3419, 84608
78.3431, 84608
78.3443, 84824
78.3454, 84824
78.3466, 84824
78.3477, 84824
78.3489, 84824
78.35, 84824
78.3512, 84824
78.3527, 84608
78.3542, 84608
78.3556, 84608
78.3571, 84608
78.3585, 84608
78.3598, 84608
78.3612, 84824
78.3624, 84824
78.3637, 84824
78.365, 84824
78.3663, 84824
78.3675, 84824
78.3688, 84824
78.3699, 85040
78.3711, 85040
78.3722, 85040
78.3734, 85040
78.3745, 85040
78.3757, 85040
78.3768, 85040
78.3779, 84824
78.3791, 84824
78.3803, 84824
78.3816, 84824
78.3829, 84824
78.3842, 84824
78.3856, 84824
78.387, 84608
78.3883, 84608
78.3895, 84608
78.3906, 84608
78.3917, 84608
78.3929, 84608
78.3941, 84608
78.3953, 84608
78.3964, 84608
78.3976, 84608
78.3988, 84608
78.4002, 84608
78.4017, 84608
78.403, 84608
78.4045, 84608
78.4059, 84608
78.4073, 84608
78.4087, 84608
78.4101, 84608
78.4114, 84608
78.4127, 85040
78.414, 85040
78.4152, 85040
78.4164, 85040
78.4175, 85040
78.4187, 85040
78.4198, 85040
78.421, 84824
78.4221, 84824
78.4232, 84824
78.4244, 84824
78.4255, 84824
78.4267, 84824
78.4278, 84824
78.4291, 84608
78.4306, 84608
78.4321, 84608
78.4338, 84608
78.4354, 84608
78.4371, 84608
78.4384, 84824
78.4396, 84824
78.4408, 84824
78.442, 84824
78.4434, 84824
78.4447, 84824
78.4459, 84824
78.447, 85040
78.4482, 85040
78.4495, 85040
78.4507, 85040
78.452, 85040
78.4532, 85040
78.4544, 85040
78.4557, 85256
78.4569, 85256
78.4582, 85256
78.4595, 85256
78.4608, 85256
78.4621, 85256
78.4634, 85472
78.4647, 85472
78.4661, 85472
78.4674, 85472
78.4686, 85472
78.47, 85472
78.4714, 85472
78.4729, 85472
78.4743, 85472
78.4756, 85472
78.477, 85472
78.4783, 85472
78.4796, 85472
78.481, 85472
78.4823, 85472
78.4836, 85472
78.4848, 85472
78.4862, 85472
78.4876, 85472
78.4894, 85472
78.4913, 85472
78.4929, 85472
78.4944, 85472
78.4958, 85472
78.4973, 85472
78.499, 85472
78.501, 85472
78.5027, 85472
78.5047, 85472
78.5062, 85256
78.5076, 85256
78.5091, 85256
78.5104, 85256
78.5118, 85256
78.5131, 85256
78.5144, 85256
78.5158, 85256
78.5171, 85256
78.5184, 85256
78.5199, 85256
78.5213, 85256
78.5226, 85256
78.524, 85256
78.5253, 85256
78.5266, 85256
78.5279, 85256
78.5294, 85256
78.5308, 85256
78.5323, 85472
78.5337, 85472
78.535, 85472
78.5364, 85472
78.5377, 85472
78.5394, 85472
78.5411, 85256
78.5428, 85256
78.5442, 85256
78.5456, 85256
78.547, 85256
78.5484, 85256
78.5498, 85256
78.5511, 85256
78.5524, 85256
78.5537, 85256
78.555, 85256
78.5564, 85256
78.5577, 85256
78.5592, 85256
78.5606, 85256
78.562, 85256
78.5633, 85256
78.5647, 85256
78.5661, 85256
78.5675, 85256
78.5691, 85256
78.5706, 85256
78.5722, 85256
78.5737, 85256
78.5754, 85256
78.5779, 85256
78.5803, 85256
78.5819, 85256
78.5834, 85040
78.5849, 85040
78.5863, 85040
78.5878, 85040
78.5891, 85040
78.5904, 85040
78.5916, 85040
78.5927, 85040
78.594, 85040
78.5952, 85040
78.5965, 85040
78.5978, 85040
78.599, 85040
78.6003, 85256
78.6015, 85256
78.6026, 85256
78.6038, 85256
78.605, 85256
78.6063, 85256
78.6076, 85256
78.609, 85256
78.6105, 85256
78.6119, 85256
78.6133, 85256
78.6147, 85256
78.6159, 85256
78.6171, 85256
78.6183, 85256
78.6194, 85256
78.6206, 85256
78.6217, 85256
78.6229, 85256
78.6241, 85256
78.6254, 85256
78.6267, 85256
78.6279, 85256
78.629, 85256
78.6302, 85256
78.6314, 85256
78.6326, 85256
78.6337, 85256
78.6349, 85256
78.6361, 85256
78.6375, 85256
78.6388, 85256
78.6401, 85256
78.6413, 85256
78.6428, 85256
78.6442, 85256
78.6456, 85256
78.6469, 85256
78.6482, 85256
78.6495, 85256
78.6512, 85472
78.6527, 85472
78.6542, 85472
78.6557, 85472
78.6571, 85472
78.6585, 85472
78.6598, 85256
78.661, 85256
78.6622, 85256
78.6633, 85256
78.6646, 85256
78.6659, 85256
78.6672, 85256
78.6684, 85256
78.6696, 85256
78.6709, 85256
78.6721, 85256
78.6734, 85256
78.6748, 85256
78.676, 85256
78.6771, 85256
78.6783, 85256
78.6797, 85256
78.6812, 85256
78.6829, 85256
78.6845, 85256
78.6861, 85040
78.6876, 85040
78.689, 85040
78.6902, 85040
78.6914, 85040
78.6925, 85040
78.6937, 85040
78.6949, 85040
78.6961, 85040
78.6974, 85040
78.6987, 85040
78.6998, 85040
78.701, 85040
78.7023, 85040
78.7034, 85040
78.7046, 85040
78.7058, 85040
78.707, 85040
78.7083, 85040
78.7097, 85040
78.711, 85040
78.7123, 85040
78.7137, 85040
78.715, 85040
78.7163, 85040
78.7176, 85040
78.719, 85040
78.7204, 84824
78.722, 84824
78.7234, 84824
78.7249, 84824
78.7265, 84824
78.7281, 84824
78.7294, 84824
78.7309, 84824
78.7322, 84824
78.7334, 84824
78.7346, 84824
78.7358, 84824
78.7373, 84608
78.7387, 84608
78.74, 84608
78.7414, 84608
78.7428, 84608
78.7442, 84608
78.7457, 84824
78.7472, 84824
78.7487, 84824
78.7501, 84824
78.7513, 84824
78.7526, 84824
78.7538, 84824
78.7552, 84824
78.7569, 84824
78.7584, 84824
78.76, 84824
78.7616, 84824
78.7632, 84824
78.7648, 84824
78.7662, 84824
78.7676, 84824
78.7689, 84824
78.7704, 84824
78.7719, 84824
78.7733, 84824
78.7748, 84824
78.7764, 84824
78.7779, 84824
78.7794, 84824
78.781, 84824
78.7824, 84824
78.7841, 84824
78.7857, 84824
78.7873, 84824
78.7886, 84824
78.7901, 84824
78.7915, 84824
78.7928, 84824
78.7941, 84824
78.7953, 84824
78.7965, 84824
78.7979, 84824
78.7993, 84824
78.8009, 84824
78.8024, 84824
78.8039, 84824
78.8054, 84824
78.8069, 84824
78.8083, 84824
78.8097, 84824
78.8112, 84824
78.8127, 84824
78.8142, 84824
78.8157, 84824
78.8172, 84824
78.8186, 84824
78.8199, 84824
78.8213, 84824
78.8226, 84824
78.8241, 84824
78.8255, 84824
78.827, 84824
78.8284, 84824
78.8299, 84824
78.8315, 84824
78.833, 84824
78.8344, 84824
78.8358, 84824
78.8372, 84824
78.8389, 84824
78.8403, 84824
78.8416, 84824
78.843, 84824
78.8444, 84824
78.8455, 84824
78.8467, 84824
78.8478, 84608
78.849, 84608
78.8502, 84608
78.8514, 84608
78.8527, 84608
78.854, 84608
78.8552, 84608
78.8566, 84176
78.858, 84176
78.8594, 84176
78.8608, 84176
78.8621, 84176
78.8633, 84176
78.8645, 84392
78.8657, 84392
78.8674, 84392
78.869, 84392
78.8704, 84392
78.872, 84392
78.8734, 84392
78.8748, 84392
78.8761, 84392
78.8774, 84392
78.8788, 84392
78.8802, 84392
78.8816, 84608
78.8829, 84608
78.8841, 84608
78.8852, 84608
78.8864, 84608
78.8875, 84608
78.8886, 84608
78.8898, 84608
78.8909, 84392
78.892, 84392
78.8932, 84392
78.8943, 84392
78.8956, 84392
78.897, 84392
78.8984, 84176
78.8998, 84176
78.9011, 84176
78.9025, 84176
78.9039, 84176
78.9053, 84176
78.9065, 84176
78.9076, 84608
78.9088, 84608
78.9099, 84608
78.9111, 84608
78.9122, 84608
78.9134, 84608
78.9145, 84608
78.9157, 84176
78.9168, 84176
78.9179, 84176
78.9191, 84176
78.9202, 84176
78.9214, 84176
78.9225, 84176
78.9237, 84176
78.9248, 83960
78.9259, 83960
78.9271, 83960
78.9283, 83960
78.9294, 83960
78.9305, 83960
78.9318, 83960
78.9331, 83960
78.9345, 83960
78.9359, 83960
78.9373, 83960
78.9385, 83960
78.9396, 83960
78.9408, 83960
78.9419, 84176
78.9431, 84176
78.9442, 84176
78.9454, 84176
78.9465, 84176
78.9476, 84176
78.9488, 84176
78.9502, 83744
78.9518, 83744
78.9538, 83744
78.9563, 83744
78.9583, 83960
78.96, 83960
78.9617, 83960
78.9637, 83960
78.9652, 83960
78.9665, 83960
78.9681, 84176
78.9696, 84176
78.9712, 84176
78.9726, 84176
78.9739, 84176
78.9752, 84176
78.9763, 83960
78.9775, 83960
78.9786, 83960
78.9798, 83960
78.9809, 83960
78.982, 83960
78.9832, 83960
78.9845, 83528
78.986, 83528
78.9875, 83528
78.9888, 83528
78.9902, 83528
78.9916, 83528
78.993, 83960
78.9945, 83960
78.9957, 83960
78.997, 83960
78.9981, 83960
78.9994, 83960
79.0079, 83744
79.0093, 84392
79.0107, 84392
79.0123, 84392
79.0137, 84392
79.0151, 84392
79.0164, 84392
79.0176, 84392
79.0188, 85040
79.02, 85040
79.0211, 85040
79.0223, 85040
79.0235, 85040
79.025, 85040
79.0263, 85040
79.0278, 84824
79.0301, 84824
79.0315, 84824
79.0348, 84824
79.0362, 84824
79.0421, 84824
79.0435, 84824
79.046, 84824
79.0474, 84824
79.0486, 84824
79.0498, 84824
79.0535, 84824
79.0548, 84824
79.0562, 84824
79.0576, 84824
79.0602, 84824
79.0617, 84824
79.0631, 84824
79.0645, 84824
79.066, 84824
79.0674, 84824
79.0686, 84824
79.0698, 84824
79.0712, 84824
79.0739, 84824
79.0781, 84824
79.0795, 84824
79.081, 84824
79.0824, 84824
79.0839, 84824
79.0853, 84824
79.0867, 84824
79.0881, 84824
79.0896, 84824
79.0911, 84824
79.0947, 84824
79.0962, 84824
79.0977, 84824
79.0994, 84824
79.1021, 84824
79.1076, 85040
79.109, 85040
79.1103, 85040
79.1116, 85040
79.1129, 85040
79.1142, 85040
79.1156, 85040
79.1169, 85040
79.1182, 85040
79.1213, 85040
79.1226, 85040
79.1239, 85040
79.1251, 85040
79.1264, 85040
79.132, 85040
79.1333, 85040
79.1346, 85040
79.1359, 85040
79.1372, 85040
79.1385, 85256
79.1398, 85256
79.141, 85256
79.1423, 85256
79.1436, 85256
79.1461, 85256
79.1474, 85256
79.1487, 85256
79.1499, 85256
79.1513, 85256
79.1526, 85256
79.1544, 85256
79.1556, 85472
79.1569, 85472
79.1581, 85472
79.1594, 85472
79.1658, 85472
79.1672, 85472
79.1686, 85472
79.1699, 85472
79.1713, 85472
79.1726, 85472
79.174, 85472
79.1754, 85472
79.1768, 85472
79.181, 85688
79.1824, 85688
79.1839, 85688
79.1853, 85688
79.1869, 85688
79.1883, 85688
79.1901, 85472
79.1925, 85472
79.1942, 85472
79.1956, 85472
79.2074, 85472
79.2099, 85472
79.2113, 85472
79.2125, 85472
79.2136, 85472
79.2224, 85472
79.2237, 85688
79.2252, 85688
79.2339, 85472
79.2352, 85472
79.2365, 85472
79.2378, 85472
79.2391, 85472
79.2404, 85472
79.2417, 85472
79.243, 85472
79.2442, 85472
79.2453, 85472
79.2465, 85472
79.2476, 85472
79.2488, 85688
79.25, 85688
79.2512, 85688
79.2525, 85688
79.2538, 85688
79.2552, 85688
79.2564, 85688
79.2577, 85688
79.2589, 85688
79.2601, 85688
79.2612, 85688
79.2624, 85688
79.2636, 85688
79.2648, 85688
79.266, 85688
79.2672, 85688
79.2683, 85688
79.2695, 85688
79.2706, 85688
79.2719, 85688
79.2731, 85688
79.2742, 85472
79.2754, 85472
79.2767, 85472
79.2781, 85472
79.2795, 85472
79.2808, 85472
79.2822, 85472
79.2835, 85472
79.2849, 85472
79.2861, 85472
79.2873, 85472
79.2885, 85472
79.2897, 85472
79.2909, 85472
79.2922, 85472
79.2934, 85472
79.2946, 85472
79.2958, 85472
79.297, 85472
79.299, 85472
79.3003, 85256
79.3015, 85256
79.3028, 85256
79.304, 85256
79.3052, 85256
79.3065, 85256
79.3077, 85256
79.3089, 85256
79.3101, 85256
79.3115, 85256
79.3129, 85256
79.3142, 85256
79.3154, 85256
79.3166, 85256
79.3181, 85256
79.3195, 85256
79.3208, 85256
79.3223, 85256
79.3238, 85256
79.3256, 85040
79.3273, 85040
79.3288, 85040
79.3302, 85040
79.3315, 85040
79.3327, 85040
79.3339, 85040
79.3351, 85040
79.3363, 85040
79.3375, 85040
79.3386, 85040
79.3398, 85040
79.3412, 85040
79.3425, 85040
79.3437, 85040
79.3448, 85040
79.346, 85040
79.3472, 85040
79.3484, 85040
79.3496, 85040
79.3508, 85040
79.3523, 85040
79.3538, 85040
79.3554, 85040
79.3568, 85040
79.3583, 85040
79.3599, 84824
79.3612, 84824
79.3624, 84824
79.3636, 84824
79.3648, 84824
79.366, 84824
79.3672, 84824
79.3684, 84824
79.3696, 84824
79.371, 84824
79.3724, 84824
79.3738, 84824
79.3749, 84824
79.3761, 84824
79.3773, 84824
79.3786, 84824
79.38, 84824
79.3815, 84824
79.3829, 84824
79.3842, 84824
79.3857, 84824
79.387, 84824
79.3883, 84824
79.3896, 84824
79.3909, 84824
79.3921, 84824
79.3933, 84824
79.3944, 84824
79.3957, 84824
79.3969, 84824
79.3981, 84824
79.3995, 84824
79.4008, 84824
79.4022, 84824
79.4036, 84824
79.405, 84824
79.4063, 84824
79.4076, 84824
79.409, 84824
79.4106, 84824
79.4123, 84824
79.4141, 84824
79.4156, 84824
79.417, 84824
79.4182, 84824
79.4193, 84824
79.4206, 84824
79.4218, 84824
79.4233, 84824
79.4244, 84824
79.4256, 84824
79.4269, 84824
79.4281, 84824
79.4293, 84824
79.4305, 84824
79.4316, 84824
79.4328, 84824
79.434, 84824
79.4352, 84824
79.4365, 84824
79.4378, 84824
79.4392, 84824
79.4404, 84824
79.4416, 84824
79.4427, 84824
79.4439, 84824
79.445, 84392
79.4462, 84392
79.4474, 84392
79.4486, 84392
79.4498, 84392
79.4509, 84392
79.4522, 84392
79.4535, 84176
79.4549, 84176
79.4561, 84176
79.4573, 84176
79.4584, 84176
79.4596, 84176
79.4607, 84176
79.4623, 84176
79.4637, 84176
79.4651, 84176
79.4664, 84176
79.4678, 84176
79.4691, 84176
79.4705, 84392
79.4718, 84392
79.4731, 84392
79.4743, 84392
79.4757, 84392
79.477, 84392
79.4783, 84392
79.4795, 84608
79.4806, 84608
79.4817, 84608
79.4829, 84608
79.4841, 84608
79.4853, 84608
79.4864, 84608
79.4876, 84824
79.4889, 84824
79.4902, 84824
79.4915, 84824
79.4929, 84824
79.4943, 84824
79.4957, 84608
79.4973, 84608
79.4987, 84608
79.5, 84608
79.5014, 84608
79.5026, 84608
79.5038, 84608
79.505, 84824
79.5061, 84824
79.5073, 84824
79.5084, 84824
79.5096, 84824
79.5107, 84824
79.5119, 84824
79.513, 84824
79.5142, 84824
79.5153, 84824
79.5164, 84824
79.5176, 84824
79.5187, 84824
79.5199, 84824
79.5211, 84824
79.5222, 84824
79.5234, 84824
79.5246, 84824
79.5258, 84824
79.5271, 84824
79.5284, 84824
79.5299, 84824
79.5313, 84824
79.5326, 84824
79.5338, 84824
79.535, 84824
79.5361, 84824
79.5373, 84824
79.5384, 84824
79.5396, 84824
79.5407, 84824
79.5419, 84824
79.543, 84824
79.5443, 84824
79.5458, 84824
79.5477, 84824
79.5496, 84824
79.5516, 84824
79.5534, 84824
79.5554, 84824
79.5567, 84608
79.558, 84608
79.5593, 84608
79.5606, 84608
79.5619, 84608
79.5631, 84608
79.5643, 84824
79.5654, 84824
79.5666, 84824
79.5677, 84824
79.5688, 84824
79.57, 84824
79.5711, 84824
79.5723, 84824
79.5734, 84608
79.5745, 84608
79.5757, 84608
79.577, 84608
79.5784, 84608
79.5799, 84608
79.5813, 84392
79.5827, 84392
79.5839, 84392
79.5851, 84392
79.5862, 84392
79.5874, 84392
79.5886, 84392
79.5897, 84176
79.591, 84176
79.5922, 84176
79.5934, 84176
79.5947, 84176
79.5961, 84176
79.5975, 84176
79.5989, 83960
79.6003, 83960
79.6017, 83960
79.603, 83960
79.6043, 83960
79.6056, 83960
79.6069, 84176
79.6082, 84176
79.6097, 84176
79.611, 84176
79.6122, 84176
79.6133, 84176
79.6145, 84176
79.6156, 84176
79.6168, 84176
79.6179, 84176
79.6191, 84176
79.6203, 84176
79.6215, 84176
79.6227, 84176
79.6243, 83744
79.6262, 83744
79.6281, 83744
79.6301, 83744
79.6316, 83744
79.633, 84176
79.6343, 84176
79.6356, 84176
79.637, 84176
79.6383, 84176
79.6396, 84176
79.641, 84392
79.6424, 84392
79.6438, 84392
79.6452, 84392
79.6466, 84392
79.6478, 84392
79.6491, 84392
79.6504, 84392
79.6517, 84392
79.6531, 84392
79.6543, 84392
79.6556, 84392
79.6569, 84392
79.6581, 84608
79.6595, 84608
79.6608, 84608
79.6621, 84608
79.6635, 84608
79.6648, 84608
79.6661, 84608
79.6674, 84824
79.6687, 84824
79.67, 84824
79.6713, 84824
79.6726, 84824
79.674, 84824
79.6753, 84824
79.6766, 84824
79.6781, 84824
79.6795, 84824
79.6809, 84824
79.6822, 84824
79.6836, 84824
79.6849, 84824
79.6863, 84824
79.6879, 84824
79.6893, 84824
79.6909, 84824
79.6929, 84824
79.6981, 84824
79.6996, 84824
79.701, 84608
79.7024, 84608
79.7038, 84608
79.7051, 84608
79.7065, 84608
79.7078, 84608
79.709, 84608
79.7104, 84608
79.7117, 84608
79.7129, 84608
79.7141, 84608
79.7154, 84608
79.7166, 84608
79.7179, 84824
79.7191, 84824
79.7203, 84824
79.7214, 84824
79.7226, 84824
79.7239, 84824
79.7258, 84824
79.7277, 84824
79.7291, 84824
79.7306, 84824
79.732, 84824
79.7334, 84824
79.7346, 84824
79.7358, 84608
79.737, 84608
79.7382, 84608
79.7394, 84608
79.7406, 84608
79.742, 84608
79.7433, 84608
79.7445, 84608
79.7457, 84608
79.7469, 84608
79.748, 84608
79.7493, 84608
79.7505, 84608
79.7517, 84608
79.753, 84824
79.7543, 84824
79.7556, 84824
79.7577, 84824
79.7603, 84824
79.7627, 84824
79.7646, 84824
79.7662, 84824
79.7675, 84824
79.769, 84392
79.7702, 84392
79.7714, 84392
79.7735, 84392
79.776, 84392
79.7794, 84392
79.7827, 84392
79.7878, 84392
79.7908, 84392
79.7923, 84392
79.7936, 84392
79.7949, 84176
79.7964, 84176
79.7982, 84176
79.7996, 84176
79.801, 84176
79.8022, 84176
79.8037, 84176
79.8052, 84176
79.8065, 84176
79.808, 84176
79.812, 84176
79.8198, 83744
79.8261, 83744
79.8277, 83744
79.8362, 83744
79.8392, 83744
79.8483, 83744
79.8513, 83744
79.861, 83744
79.8651, 83744
79.8688, 83744
79.8743, 83744
79.8798, 83528
79.8842, 83528
79.8925, 83528
79.8953, 83528
79.8989, 83744
79.9069, 83528
79.9155, 83312
79.9179, 83312
79.9226, 83528
79.927, 83528
79.9387, 83312
79.9419, 83312
79.9483, 83312
79.9512, 83312
79.9549, 83312
79.9607, 83528
79.9676, 83528
79.9822, 83312
79.9861, 83312
79.9884, 83312
79.9904, 83312
79.9957, 83312
80.0011, 83312
80.0155, 83528
80.0194, 83744
80.0245, 83744
80.027, 83960
80.0369, 83744
80.0429, 83960
80.0451, 83960
80.0477, 83960
80.0641, 83744
80.0664, 83744
80.0737, 83528
80.0806, 83528
80.0833, 83528
80.0848, 83744
80.0868, 83744
80.0913, 83744
80.0995, 83744
80.1043, 83744
80.1102, 83528
80.1127, 83528
80.1145, 83528
80.1253, 83528
80.1284, 83744
80.1428, 83528
80.1523, 83528
80.1548, 83528
80.1596, 83528
80.17, 83528
80.1718, 83528
80.1802, 83528
80.1848, 83528
80.1871, 83744
80.1886, 83744
80.19, 83744
80.1914, 83744
80.1939, 83744
80.1954, 83744
80.197, 83744
80.2047, 83960
80.2062, 83960
80.2108, 83960
80.2123, 83960
80.2137, 84176
80.2148, 84176
80.2161, 84176
80.2173, 84176
80.2185, 84176
80.2197, 84176
80.2209, 84176
80.2223, 84176
80.2316, 84392
80.2352, 84392
80.2367, 84392
80.238, 84392
80.2392, 84392
80.2404, 84392
80.2415, 84392
80.2427, 84392
80.2446, 84392
80.2459, 84392
80.247, 84176
80.2481, 84176
80.2513, 84176
80.2527, 84176
80.2538, 84176
80.255, 84176
80.2561, 84176
80.2573, 84176
80.2585, 84176
80.2598, 84176
80.265, 84176
80.2664, 84176
80.2679, 84176
80.2692, 84176
80.2705, 84176
80.2718, 84176
80.2733, 84608
80.2746, 84608
80.2758, 84608
80.277, 84608
80.2782, 84608
80.2793, 84608
80.2805, 84608
80.2816, 84608
80.2828, 84608
80.2839, 84608
80.2851, 84608
80.2862, 84608
80.2941, 84392
80.2956, 84392
80.2969, 84392
80.2982, 84608
80.2993, 84608
80.3005, 84608
80.3016, 84608
80.3028, 84608
80.3039, 84608
80.305, 84608
80.3062, 84608
80.3073, 84608
80.3084, 84608
80.3096, 84608
80.3107, 84608
80.3118, 84608
80.313, 84608
80.3142, 84608
80.3155, 84176
80.3169, 84176
80.3182, 84176
80.3197, 84176
80.3212, 84176
80.3225, 84176
80.3236, 83960
80.3248, 83960
80.3262, 83960
80.3277, 83960
80.3316, 83960
80.3405, 84176
80.3426, 84176
80.3439, 84176
80.3452, 84176
80.3465, 84176
80.3478, 84176
80.3492, 83744
80.3505, 83744
80.3518, 83744
80.353, 83744
80.3546, 83744
80.3576, 83744
80.3595, 83744
80.3667, 83744
80.3825, 83528
80.3862, 83528
80.3919, 83528
80.3985, 83528
80.4014, 83312
80.4037, 83312
80.4054, 83312
80.407, 83312
80.4085, 83312
80.4103, 83528
80.4117, 83528
80.413, 83528
80.4143, 83528
80.4155, 83528
80.4167, 83528
80.4181, 83312
80.4194, 83312
80.4206, 83312
80.4219, 83312
80.4234, 83312
80.4248, 83312
80.4262, 83096
80.4289, 83096
80.4354, 83312
80.4369, 83312
80.4381, 83312
80.4393, 83312
80.4405, 83312
80.4417, 83312
80.4429, 83312
80.4442, 83096
80.4455, 83096
80.4468, 83096
80.448, 83096
80.4492, 83096
80.4518, 82880
80.4584, 82880
80.4611, 83096
80.4658, 83096
80.4808, 82880
80.4827, 82880
80.4847, 82880
80.4868, 82880
80.4885, 82880
80.4899, 82880
80.492, 82880
80.4937, 82880
80.495, 82880
80.4962, 82880
80.4974, 82880
80.4986, 82880
80.4998, 82880
80.501, 82880
80.5021, 82880
80.5034, 82664
80.5046, 82664
80.5058, 82664
80.5078, 82664
80.5112, 82664
80.5143, 82664
80.5163, 82664
80.5181, 82664
80.5196, 82664
80.5212, 82664
80.5226, 82664
80.5243, 82664
80.526, 82664
80.5358, 82880
80.5376, 82880
80.5397, 82880
80.5412, 82880
80.5427, 82880
80.5467, 82880
80.5504, 82880
80.5525, 82880
80.5545, 83096
80.5564, 83096
80.5584, 83096
80.5602, 83096
80.5686, 83096
80.5715, 83312
80.5754, 83312
80.5789, 83312
80.5827, 83312
80.5852, 83312
80.5876, 83312
80.5894, 83312
80.5915, 83312
80.5932, 83312
80.5948, 83312
80.5965, 83312
80.5981, 83312
80.6113, 83096
80.6134, 83096
80.6149, 83312
80.6163, 83312
80.6188, 83312
80.6251, 83096
80.6281, 83096
80.6309, 82880
80.6379, 82880
80.6406, 82880
80.6422, 82880
80.6533, 83096
80.6547, 83096
80.6558, 83096
80.6584, 83312
80.6597, 83312
80.662, 83312
80.6637, 83312
80.6651, 83528
80.6683, 83528
80.6696, 83528
80.6712, 83528
80.674, 83528
80.6755, 83528
80.6769, 83528
80.6782, 83528
80.6846, 83744
80.6859, 83744
80.6873, 83744
80.6884, 83744
80.6896, 83744
80.6908, 83744
80.692, 83744
80.6945, 83744
80.6958, 83744
80.6975, 83744
80.6994, 83744
80.7008, 83744
80.7073, 83744
80.7086, 83960
80.7207, 83960
80.7232, 83960
80.7279, 83960
80.7322, 83960
80.7335, 83744
80.7348, 83744
80.736, 83744
80.7372, 83744
80.7384, 83744
80.7398, 83744
80.7413, 83744
80.7426, 83960
80.7438, 83960
80.7457, 83960
80.7471, 83960
80.7485, 83960
80.7498, 83960
80.7511, 83960
80.7525, 83960
80.7538, 83960
80.7558, 83960
80.7589, 83744
80.7618, 83744
80.7655, 83528
80.7728, 83528
80.7845, 83744
80.7877, 83744
80.7957, 83744
80.7974, 83744
80.8001, 83744
80.8034, 83744
80.8059, 83744
80.8081, 83744
80.8164, 83528
80.8188, 83744
80.8219, 83744
80.8234, 83744
80.8248, 83744
80.8272, 83528
80.8318, 83528
80.8345, 83312
80.8421, 83312
80.844, 83528
80.8483, 83528
80.8629, 83312
80.8697, 83528
80.8744, 83528
80.8779, 83528
80.8829, 83528
80.8953, 83528
80.8988, 83528
80.9027, 83528
80.9049, 83312
80.9146, 83312
80.9176, 83312
80.9201, 83312
80.9233, 83528
80.9303, 83528
80.9325, 83528
80.9363, 83528
80.9381, 83528
80.941, 83528
80.9437, 83528
80.9453, 83528
80.9465, 83528
80.9478, 83528
80.9491, 83528
80.9505, 83528
80.9537, 83528
80.9564, 83528
80.9597, 83528
80.9632, 83528
80.9655, 83528
80.9678, 83528
80.9698, 83528
80.9717, 83528
80.9731, 83312
80.9758, 83312
80.9797, 83312
80.9834, 83312
80.9853, 83312
80.9929, 83312
80.9963, 83312
81.0021, 83528
81.005, 83528
81.0064, 83744
81.0077, 83744
81.0088, 83744
81.0137, 83744
81.015, 83960
81.0234, 83960
81.0301, 83960
81.0317, 83960
81.0331, 83960
81.0345, 83960
81.0358, 83960
81.041, 83960
81.0423, 83960
81.0437, 83960
81.0452, 83960
81.0511, 83960
81.0587, 83960
81.06, 83960
81.0614, 83960
81.0629, 83960
81.0642, 83960
81.0676, 84176
81.0689, 84176
81.0715, 84176
81.0731, 84176
81.0777, 83960
81.0791, 83960
81.0804, 83960
81.0819, 83960
81.0833, 84176
81.0846, 84176
81.0858, 84176
81.087, 84176
81.0881, 84176
81.0892, 84176
81.0904, 84176
81.0917, 84392
81.093, 84392
81.0941, 84392
81.0953, 84392
81.0967, 84392
81.098, 84392
81.0992, 84392
81.1004, 84176
81.1015, 84176
81.1027, 84176
81.1038, 84176
81.105, 84176
81.1065, 84176
81.1082, 84176
81.1097, 83960
81.1116, 83960
81.1132, 83960
81.1148, 83960
81.1163, 83960
81.1177, 84176
81.1191, 84176
81.1207, 84176
81.122, 84176
81.1232, 84176
81.1244, 84176
81.1255, 84176
81.1267, 83960
81.1278, 83960
81.129, 83960
81.1301, 83960
81.1312, 83960
81.1324, 83960
81.1335, 83960
81.1347, 83528
81.1359, 83528
81.1372, 83528
81.1386, 83528
81.1399, 83528
81.1412, 83528
81.1425, 83528
81.144, 83744
81.1453, 83744
81.1465, 83744
81.1477, 83744
81.1489, 83744
81.15, 83744
81.1512, 83744
81.1523, 83744
81.1535, 83744
81.1546, 83744
81.1558, 83744
81.1569, 83744
81.1581, 83744
81.1592, 83744
81.1604, 83312
81.1615, 83312
81.1627, 83312
81.1638, 83312
81.1649, 83312
81.1661, 83312
81.1674, 83312
81.1685, 83312
81.1697, 83312
81.1708, 83312
81.1719, 83312
81.1732, 83312
81.1746, 83312
81.177, 83312
81.1784, 83312
81.1795, 83312
81.1807, 83312
81.1818, 83312
81.1829, 83312
81.1841, 83312
81.1852, 83312
81.1864, 83312
81.1875, 83312
81.1886, 83312
81.1898, 83312
81.191, 83312
81.1924, 83312
81.1938, 83312
81.1952, 83312
81.1964, 83312
81.1977, 83312
81.2011, 83312
81.2024, 83312
81.2037, 83744
81.2049, 83744
81.2061, 83744
81.2074, 83744
81.2086, 83744
81.2099, 83744
81.2111, 83528
81.2123, 83528
81.2134, 83528
81.2145, 83528
81.2157, 83528
81.217, 83528
81.2182, 83528
81.2195, 83528
81.2207, 83528
81.222, 83528
81.2233, 83528
81.2245, 83528
81.2257, 83528
81.2271, 83528
81.2284, 83744
81.2295, 83744
81.2307, 83744
81.2318, 83744
81.2329, 83744
81.2341, 83744
81.2356, 83744
81.2429, 83960
81.2444, 83960
81.2458, 83744
81.2471, 83744
81.2484, 83744
81.2497, 83744
81.2509, 83744
81.2521, 83744
81.2534, 83744
81.2546, 83744
81.2558, 83744
81.257, 83744
81.2582, 83744
81.2594, 83744
81.2606, 83744
81.2619, 83312
81.2635, 83312
81.2648, 83312
81.2661, 83312
81.2675, 83312
81.2688, 83312
81.2701, 83312
81.2713, 83744
81.2744, 83744
81.2757, 83744
81.2769, 83744
81.2782, 83744
81.2794, 83960
81.2807, 83960
81.2876, 83960
81.2889, 83960
81.2901, 83960
81.2914, 83960
81.2927, 83960
81.2939, 83960
81.2953, 83960
81.2965, 84176
81.2977, 84176
81.2989, 84176
81.3001, 84176
81.3014, 84176
81.3032, 84176
81.3046, 84176
81.3061, 84392
81.3075, 84392
81.3088, 84392
81.31, 84392
81.3113, 84392
81.3125, 84392
81.314, 84392
81.3155, 84392
81.3168, 84392
81.3181, 84392
81.3195, 84392
81.3209, 84392
81.3222, 84392
81.3235, 84392
81.3248, 84392
81.3261, 84392
81.3274, 84392
81.3288, 84392
81.3301, 84392
81.3314, 84392
81.3326, 84392
81.3338, 84392
81.3353, 84392
81.3366, 84392
81.3377, 84392
81.3389, 84392
81.34, 84392
81.3412, 84392
81.3423, 84392
81.3435, 84392
81.3447, 84392
81.3459, 84392
81.3472, 84392
81.3484, 84176
81.3496, 84176
81.3508, 84176
81.3581, 84176
81.3595, 84176
81.3609, 84176
81.3623, 84176
81.3637, 84176
81.3651, 84176
81.3666, 84176
81.368, 84176
81.3693, 84176
81.3706, 84176
81.3719, 84176
81.3731, 84176
81.3744, 84176
81.3755, 84176
81.3767, 84176
81.3779, 84176
81.379, 84176
81.3802, 84176
81.3813, 84176
81.387, 84176
81.3885, 84176
81.3898, 84176
81.391, 84176
81.3923, 84176
81.3936, 84176
81.395, 84176
81.3963, 84176
81.3975, 84176
81.3988, 84176
81.4001, 84176
81.4014, 84176
81.4029, 84176
81.4045, 84176
81.4059, 84176
81.4072, 84176
81.4085, 84176
81.4098, 84176
81.411, 84176
81.4124, 84176
81.4137, 84176
81.415, 84176
81.4164, 84176
81.4177, 84176
81.419, 84176
81.4204, 84176
81.4217, 84176
81.423, 84176
81.4243, 84392
81.4257, 84392
81.4269, 84392
81.4281, 84392
81.4293, 84392
81.4307, 84392
81.432, 84392
81.4334, 84392
81.4346, 84392
81.4359, 84392
81.4372, 84392
81.4385, 84392
81.4399, 84392
81.4413, 84392
81.4428, 84392
81.4442, 84392
81.4456, 84392
81.447, 84392
81.4482, 84392
81.4495, 84392
81.4509, 84392
81.4524, 84392
81.4537, 84392
81.4552, 84392
81.4565, 84392
81.4578, 84392
81.4592, 84392
81.4607, 84392
81.4621, 84392
81.4634, 84392
81.4648, 84392
81.4664, 84392
81.468, 84392
81.4695, 84392
81.4715, 84392
81.473, 84392
81.4746, 84392
81.4761, 84176
81.4777, 84176
81.4792, 84176
81.4805, 84176
81.4817, 84176
81.483, 84176
81.4844, 84176
81.4857, 84176
81.487, 84176
81.4883, 84176
81.4896, 84176
81.4908, 84176
81.4921, 84176
81.4935, 84392
81.4948, 84392
81.4961, 84392
81.4975, 84392
81.4986, 84392
81.4999, 84392
81.5016, 84392
81.5032, 84392
81.5047, 84392
81.5062, 84392
81.5079, 84392
81.5093, 84392
81.5106, 84392
81.5123, 84392
81.5139, 84392
81.5153, 84392
81.5168, 84392
81.5181, 84392
81.5195, 84392
81.5209, 84392
81.5223, 84392
81.5236, 84392
81.525, 84392
81.5262, 84392
81.5274, 84176
81.5288, 84176
81.5301, 84176
81.5313, 84176
81.5326, 84176
81.5341, 84176
81.5358, 84392
81.5374, 84392
81.5389, 84392
81.5403, 84392
81.5418, 84392
81.5433, 84392
81.5447, 84392
81.5462, 84392
81.5476, 84392
81.549, 84392
81.5504, 84392
81.5518, 84392
81.5533, 84176
81.5548, 84176
81.5562, 84176
81.5575, 84176
81.5587, 84176
81.5599, 84176
81.5612, 84392
81.5623, 84392
81.5635, 84392
81.5646, 84392
81.5658, 84392
81.5671, 84392
81.5683, 84392
81.5697, 84392
81.5709, 84392
81.5721, 84392
81.5733, 84392
81.5745, 84392
81.5757, 84392
81.577, 84392
81.5782, 84392
81.5797, 84392
81.5811, 84392
81.5825, 84392
81.5839, 84392
81.5854, 84392
81.5867, 84392
81.588, 84392
81.5893, 84392
81.5907, 84392
81.5922, 84392
81.5936, 84392
81.595, 84392
81.5962, 84392
81.5975, 84392
81.5989, 84392
81.6002, 84392
81.6015, 84392
81.6029, 84392
81.6042, 84392
81.6056, 84392
81.6071, 84392
81.6086, 84392
81.6101, 84392
81.6114, 84392
81.6127, 84392
81.614, 84392
81.6154, 84392
81.6168, 84392
81.6183, 84392
81.6197, 84392
81.621, 84608
81.6224, 84608
81.6237, 84608
81.6251, 84608
81.6264, 84608
81.6279, 84608
81.6295, 84392
81.6311, 84392
81.6328, 84392
81.6342, 84392
81.6357, 84392
81.6373, 84392
81.6388, 84392
81.6402, 84392
81.6416, 84392
81.6432, 84392
81.6445, 84392
81.6462, 84392
81.6475, 84392
81.6489, 84392
81.6503, 84392
81.6517, 84392
81.6531, 84392
81.6545, 84392
81.6559, 84392
81.6573, 84392
81.6587, 84392
81.6601, 84392
81.6615, 84392
81.6627, 84392
81.6639, 84392
81.665, 84392
81.6662, 84392
81.6673, 84392
81.6685, 84392
81.6697, 84392
81.6709, 84392
81.6721, 83960
81.6732, 83960
81.6743, 83960
81.6756, 83960
81.6768, 83960
81.6781, 83960
81.6793, 83960
81.6804, 83960
81.6816, 83960
81.6827, 83960
81.6839, 83960
81.6851, 83960
81.6865, 83960
81.688, 83960
81.6894, 83744
81.6912, 83744
81.6928, 83744
81.6943, 83744
81.6958, 83744
81.697, 83744
81.6983, 83960
81.6997, 83960
81.7011, 83960
81.7024, 83960
81.7036, 83960
81.7047, 83960
81.7059, 83960
81.7071, 84176
81.7082, 84176
81.7094, 84176
81.7105, 84176
81.7117, 84176
81.7128, 84176
81.714, 84176
81.7151, 83960
81.7164, 83960
81.7176, 83960
81.7189, 83960
81.7202, 83960
81.7215, 83960
81.7228, 83960
81.7241, 84176
81.7254, 84176
81.7267, 84176
81.7279, 84176
81.7291, 84176
81.7302, 84176
81.7314, 84176
81.7325, 84176
81.7337, 84176
81.7348, 84176
81.736, 84176
81.7371, 84176
81.7382, 84176
81.7394, 84176
81.7405, 83744
81.7416, 83744
81.7428, 83744
81.7439, 83744
81.745, 83744
81.7462, 83744
81.7473, 83744
81.7484, 83744
81.7496, 83744
81.7507, 83744
81.7518, 83744
81.7531, 83744
81.7544, 83744
81.7558, 83744
81.7574, 83744
81.7588, 83744
81.7603, 83744
81.7617, 83744
81.7629, 83744
81.7641, 83744
81.7653, 83744
81.7665, 83744
81.7677, 83744
81.7688, 83744
81.7699, 83744
81.7712, 83744
81.7726, 83744
81.7742, 83528
81.7755, 83528
81.7769, 83528
81.7782, 83528
81.7796, 83528
81.7811, 83528
81.7825, 83528
81.7839, 83960
81.7852, 83960
81.7865, 83960
81.7879, 83960
81.7891, 83960
81.7903, 83960
81.7915, 83960
81.7926, 83960
81.7938, 83960
81.7949, 83960
81.7961, 83960
81.7973, 83960
81.7985, 83960
81.7998, 83744
81.801, 83744
81.8023, 83744
81.8036, 83744
81.8049, 83744
81.8061, 83744
81.8075, 83744
81.8086, 83744
81.8098, 83744
81.8109, 83744
81.8121, 83744
81.8132, 83744
81.8144, 83744
81.8218, 83528
81.8232, 83528
81.8245, 83528
81.8259, 83960
81.8273, 83960
81.8287, 83960
81.8299, 83960
81.8311, 83960
81.8323, 83960
81.8334, 83960
81.8345, 83960
81.8357, 83960
81.8368, 83960
81.8379, 83960
81.8391, 83960
81.8402, 83960
81.8414, 83960
81.8428, 83744
81.8444, 83744
81.8461, 83744
81.8477, 83744
81.8492, 83744
81.8506, 83744
81.852, 83960
81.8534, 83960
81.8549, 83960
81.8564, 83960
81.858, 83960
81.8632, 84176
81.8645, 84176
81.8658, 84176
81.8671, 84176
81.8683, 84176
81.8695, 84176
81.8708, 84176
81.872, 84176
81.8732, 84176
81.8744, 84176
81.8756, 84176
81.8767, 84608
81.878, 84608
81.8792, 84608
81.8804, 84608
81.8817, 84608
81.8829, 84608
81.8843, 84608
81.8858, 84608
81.8873, 84608
81.8888, 84608
81.8902, 84608
81.8916, 84608
81.893, 84608
81.8944, 84608
81.8957, 84608
81.8969, 84608
81.8983, 84608
81.8995, 84608
81.9007, 84608
81.9019, 84608
81.903, 84608
81.9042, 84608
81.9054, 84608
81.9065, 84608
81.9077, 84608
81.9089, 84608
81.9102, 84608
81.9116, 84608
81.9131, 84608
81.9145, 84608
81.9158, 84608
81.917, 84608
81.9181, 84608
81.9193, 84608
81.9204, 84824
81.9216, 84824
81.9227, 84824
81.9239, 84824
81.9251, 84824
81.9264, 84824
81.9276, 84824
81.9288, 84824
81.93, 84824
81.9313, 84824
81.9325, 84824
81.9337, 84824
81.9349, 84824
81.9361, 84824
81.9373, 84824
81.9385, 84824
81.9396, 84824
81.9408, 84824
81.9421, 84824
81.9435, 84824
81.9448, 84824
81.9463, 84824
81.9477, 84824
81.9491, 84824
81.9504, 84824
81.9517, 84824
81.953, 84824
81.9542, 84824
81.9554, 84824
81.9568, 84824
81.9581, 84824
81.9595, 84824
81.9608, 84824
81.962, 84824
81.9633, 84824
81.9646, 84824
81.9659, 84824
81.9673, 84824
81.9686, 84824
81.9698, 84824
81.971, 84824
81.9723, 84824
81.9736, 84824
81.975, 84824
81.9764, 84824
81.9778, 84824
81.9792, 84608
81.9805, 84608
81.9819, 84608
81.9832, 84608
81.9844, 84608
81.9857, 84608
81.987, 84608
81.9884, 84608
81.9896, 84608
81.9909, 84608
81.9923, 84608
81.9936, 84608
81.9949, 84608
81.9963, 84608
81.9977, 84608
81.9992, 84608
82.0007, 84608
82.0021, 84608
82.0033, 84608
82.0048, 84608
82.0063, 84608
82.0077, 84608
82.0091, 84608
82.0105, 84608
82.0118, 84608
82.0132, 84608
82.0146, 84608
82.0159, 84608
82.0173, 84608
82.0187, 84608
82.0201, 84608
82.0215, 84608
82.0229, 84608
82.0243, 84608
82.0256, 84608
82.0268, 84608
82.0283, 84608
82.0296, 84608
82.031, 84824
82.0323, 84824
82.0337, 84824
82.0361, 84824
82.0377, 84824
82.0393, 84824
82.0409, 84824
82.0423, 84824
82.0435, 84824
82.0449, 84824
82.0463, 84824
82.0477, 84824
82.0494, 84824
82.0507, 84824
82.0521, 84824
82.0534, 84824
82.0547, 84824
82.056, 84824
82.0571, 84824
82.0585, 84824
82.0598, 84824
82.0611, 84824
82.0625, 84824
82.0639, 84824
82.0655, 84824
82.067, 84824
82.0685, 84824
82.07, 84824
82.0714, 84824
82.0729, 84824
82.0744, 84824
82.0759, 84824
82.0774, 84824
82.0787, 84824
82.08, 84824
82.0813, 84824
82.0827, 84824
82.0841, 84824
82.0855, 84824
82.0869, 84824
82.0884, 84824
82.0899, 85040
82.0913, 85040
82.0927, 85040
82.094, 85040
82.0954, 85040
82.0968, 85040
82.0983, 85040
82.0997, 85040
82.1012, 85040
82.1027, 85040
82.1043, 85040
82.1058, 85040
82.1073, 85040
82.1087, 85040
82.1102, 85040
82.1118, 85040
82.1134, 85040
82.115, 85040
82.1164, 85040
82.1179, 85040
82.1195, 85040
82.121, 85040
82.1226, 85040
82.1241, 85040
82.1257, 85040
82.1273, 85040
82.1286, 85040
82.1302, 85040
82.1317, 85040
82.1335, 85040
82.1349, 85040
82.1366, 85040
82.1381, 85040
82.1397, 85040
82.1412, 85040
82.1427, 85040
82.1442, 85040
82.1457, 85040
82.1473, 85040
82.1489, 85040
82.1505, 85040
82.1521, 85040
82.1536, 85040
82.155, 85040
82.1563, 85040
82.1576, 85040
82.1593, 85040
82.161, 85040
82.1624, 85040
82.1637, 85040
82.1651, 85040
82.1666, 85040
82.1679, 85040
82.1693, 85040
82.1707, 85040
82.172, 85040
82.1734, 85040
82.1748, 85040
82.1762, 85040
82.1777, 85040
82.1792, 85040
82.1806, 85040
82.1819, 85040
82.1833, 85040
82.1846, 85040
82.1861, 85040
82.1877, 85040
82.1896, 85040
82.1912, 85040
82.1928, 85040
82.1942, 85040
82.1955, 85040
82.1969, 85040
82.1983, 85040
82.1998, 85040
82.2013, 85040
82.2028, 85040
82.2044, 85040
82.2057, 85040
82.2069, 85040
82.2082, 85040
82.2095, 85040
82.2109, 85040
82.2122, 85040
82.2137, 85040
82.2152, 85040
82.2167, 85040
82.218, 85256
82.2194, 85256
82.2207, 85256
82.222, 85256
82.2233, 85256
82.2247, 85256
82.2262, 85256
82.2276, 85040
82.2291, 85040
82.2307, 85040
82.2322, 85040
82.2337, 85040
82.2354, 85040
82.237, 85040
82.2386, 85040
82.2402, 85040
82.2422, 85040
82.2436, 85040
82.2447, 85040
82.2459, 85040
82.247, 85040
82.2482, 85040
82.2493, 85040
82.2505, 85040
82.2518, 85040
82.2531, 85040
82.2543, 85040
82.2557, 85040
82.2572, 85040
82.2585, 85040
82.2599, 85040
82.2612, 84824
82.2625, 84824
82.2638, 84824
82.2652, 84824
82.2668, 84824
82.269, 84824
82.271, 84824
82.2726, 84824
82.2741, 84824
82.2754, 84824
82.2768, 84824
82.2781, 84608
82.2794, 84608
82.2807, 84608
82.282, 84608
82.2835, 84608
82.2849, 84608
82.2863, 84608
82.2874, 84608
82.2886, 84608
82.2897, 84608
82.2909, 84608
82.292, 84608
82.2932, 84608
82.2943, 84608
82.2954, 84176
82.2966, 84176
82.2977, 84176
82.2989, 84176
82.3002, 84176
82.3015, 84176
82.3028, 84176
82.3042, 84176
82.3055, 84176
82.3068, 84176
82.3081, 84176
82.3095, 84176
82.3108, 84176
82.3121, 84392
82.3133, 84392
82.3144, 84392
82.3156, 84392
82.3167, 84392
82.3178, 84392
82.319, 84392
82.3201, 84392
82.3212, 83960
82.3224, 83960
82.3235, 83960
82.3247, 83960
82.3258, 83960
82.3269, 83960
82.3281, 83960
82.3292, 83528
82.3304, 83528
82.3315, 83528
82.3327, 83528
82.3338, 83528
82.335, 83528
82.3362, 83528
82.3374, 83528
82.3388, 83528
82.3401, 83528
82.3415, 83528
82.3428, 83528
82.3441, 83528
82.3454, 83528
82.3468, 83744
82.3481, 83744
82.3494, 83744
82.3507, 83744
82.352, 83744
82.3532, 83744
82.3545, 83528
82.356, 83528
82.3575, 83528
82.359, 83528
82.3605, 83528
82.3621, 83528
82.3643, 83744
82.3661, 83744
82.3695, 83744
82.3758, 83744
82.3772, 83744
82.3783, 83744
82.3795, 83744
82.3807, 83744
82.3818, 83744
82.383, 83744
82.3841, 83744
82.3852, 83744
82.3864, 83744
82.3877, 83744
82.3904, 83744
82.3917, 83744
82.3929, 83744
82.394, 83744
82.3952, 83744
82.3963, 83744
82.3975, 83744
82.3986, 83744
82.3997, 83744
82.4009, 83744
82.402, 83744
82.4032, 83744
82.4128, 83528
82.4141, 83528
82.4154, 83960
82.4167, 83960
82.418, 83960
82.4193, 83960
82.4205, 83960
82.4216, 83960
82.4228, 84176
82.4239, 84176
82.425, 84176
82.4262, 84176
82.4273, 84176
82.4284, 84176
82.4296, 84176
82.4307, 84176
82.4318, 83960
82.433, 83960
82.4343, 83960
82.4356, 83960
82.4368, 83960
82.438, 83960
82.4391, 83960
82.4403, 83960
82.4414, 83960
82.4426, 83960
82.4437, 83960
82.4449, 83960
82.446, 83960
82.4472, 83960
82.4483, 83960
82.4494, 83744
82.4506, 83744
82.4517, 83744
82.4529, 83744
82.454, 83744
82.4551, 83744
82.4563, 83744
82.4574, 83960
82.4586, 83960
82.4597, 83960
82.4609, 83960
82.462, 83960
82.4632, 83960
82.4643, 83960
82.4654, 83960
82.4666, 83960
82.4677, 83960
82.4689, 83960
82.47, 83960
82.4711, 83960
82.4723, 83960
82.4734, 83960
82.4746, 83744
82.4757, 83744
82.4769, 83744
82.478, 83744
82.4792, 83744
82.4803, 83744
82.4815, 83744
82.4826, 83744
82.4838, 83744
82.485, 83744
82.4861, 83744
82.4872, 83744
82.4884, 83744
82.4895, 83744
82.4906, 83744
82.4918, 83744
82.4929, 83744
82.4941, 83744
82.4952, 83744
82.4964, 83744
82.4975, 83744
82.4987, 83744
82.4999, 83960
82.5011, 83960
82.5023, 83960
82.5035, 83960
82.5047, 83960
82.5058, 83960
82.507, 83960
82.5082, 83960
82.5094, 83960
82.5105, 83960
82.5117, 83960
82.5129, 83960
82.5141, 83960
82.5153, 83960
82.5165, 83960
82.5177, 83960
82.5188, 83960
82.52, 83960
82.5212, 83960
82.5224, 83960
82.5236, 83960
82.5247, 83960
82.5259, 83960
82.5271, 83960
82.5283, 83960
82.5295, 83960
82.5307, 83960
82.5319, 83960
82.5331, 83960
82.5342, 83960
82.5354, 83960
82.5366, 83960
82.5378, 83960
82.5389, 83960
82.5401, 83960
82.5413, 83960
82.5425, 83960
82.5436, 83960
82.5448, 83960
82.5459, 83960
82.547, 83960
82.5482, 83960
82.5494, 83960
82.5505, 83960
82.5517, 84176
82.5528, 84176
82.554, 84176
82.5552, 84176
82.5563, 84176
82.5575, 84176
82.5586, 84176
82.5598, 84176
82.5609, 84176
82.5621, 84176
82.5632, 84176
82.5644, 84176
82.5655, 84176
82.5666, 84176
82.5678, 84176
82.569, 84176
82.5701, 84176
82.5713, 84176
82.5725, 84176
82.5736, 84176
82.5748, 84176
82.5759, 84176
82.577, 84176
82.5782, 84176
82.5794, 84176
82.5805, 84176
82.5817, 84176
82.5828, 84176
82.584, 84176
82.5851, 84176
82.5862, 84176
82.5874, 84176
82.5885, 84176
82.5897, 84176
82.5909, 84176
82.5921, 84176
82.5932, 84176
82.5944, 84176
82.5955, 84176
82.5966, 84176
82.5978, 84176
82.5989, 84176
82.6001, 84176
82.6012, 84176
82.6024, 83960
82.6035, 83960
82.6047, 83960
82.6058, 83960
82.607, 83960
82.6081, 83960
82.6093, 83960
82.6104, 83960
82.6116, 84176
82.6127, 84176
82.6138, 84176
82.615, 84176
82.6162, 84176
82.6173, 84176
82.6185, 84176
82.6196, 83960
82.6207, 83960
82.6219, 83960
82.623, 83960
82.6242, 83960
82.6253, 83960
82.6264, 83960
82.6276, 84176
82.6287, 84176
82.6298, 84176
82.631, 84176
82.6322, 84176
82.6333, 84176
82.6344, 84176
82.6356, 84176
82.6367, 83960
82.6379, 83960
82.639, 83960
82.6402, 83960
82.6413, 83960
82.6425, 83960
82.6436, 83960
82.6448, 83960
82.6459, 83960
82.647, 83960
82.6482, 83960
82.6493, 83960
82.6505, 83960
82.6516, 83960
82.6528, 83960
82.6539, 83960
82.655, 83960
82.6562, 83960
82.6573, 83960
82.6585, 83960
82.6596, 83960
82.6608, 83960
82.6619, 84176
82.663, 84176
82.6642, 84176
82.6653, 84176
82.6665, 84176
82.6676, 84176
82.6687, 84176
82.6699, 84176
82.671, 84176
82.6722, 84176
82.6733, 84176
82.6745, 84176
82.6756, 84176
82.6768, 84176
82.678, 84176
82.6791, 84176
82.6802, 84176
82.6814, 84176
82.6825, 84176
82.6837, 84176
82.6848, 84176
82.686, 84176
82.6871, 84176
82.6882, 84176
82.6894, 84176
82.6905, 84176
82.6917, 84176
82.6928, 84176
82.6939, 84176
82.6951, 84176
82.6962, 84176
82.6974, 84176
82.6985, 84176
82.6997, 84176
82.7008, 84176
82.702, 84176
82.7032, 84176
82.7043, 84176
82.7054, 84176
82.7066, 84176
82.7077, 84176
82.7089, 84176
82.71, 84176
82.7112, 84176
82.7123, 84176
82.7134, 84176
82.7146, 84176
82.7157, 84176
82.7169, 84176
82.718, 84176
82.7192, 84176
82.7203, 84176
82.7214, 84176
82.7226, 84176
82.7238, 84176
82.725, 84176
82.7262, 84176
82.7273, 84176
82.7285, 84176
82.7297, 84176
82.7308, 83960
82.7321, 83960
82.7332, 83960
82.7344, 83960
82.7356, 83960
82.7368, 83960
82.738, 83960
82.7392, 83960
82.7404, 83960
82.7416, 83960
82.7428, 83960
82.7441, 83960
82.7455, 83960
82.7468, 83960
82.7482, 83960
82.7495, 83960
82.7509, 83960
82.7522, 83960
82.7535, 83960
82.7549, 83960
82.7562, 83744
82.7576, 83744
82.7588, 83744
82.7602, 83744
82.7614, 83744
82.7626, 83744
82.7637, 83744
82.7649, 83960
82.766, 83960
82.7672, 83960
82.7683, 83960
82.7695, 83960
82.7706, 83960
82.7718, 83960
82.773, 84176
82.7741, 84176
82.7753, 84176
82.7764, 84176
82.7776, 84176
82.7788, 84176
82.7799, 84176
82.781, 84176
82.7823, 83960
82.7835, 83960
82.7847, 83960
82.786, 83960
82.7873, 83960
82.7885, 83960
82.7898, 84176
82.7912, 84176
82.7924, 84176
82.7935, 84176
82.7948, 84176
82.796, 84176
82.7973, 84176
82.7985, 84176
82.8001, 84176
82.8013, 84176
82.8026, 84176
82.8046, 84176
82.8058, 84176
82.807, 84392
82.8082, 84392
82.8094, 84392
82.8106, 84392
82.8118, 84392
82.8129, 84392
82.8141, 84392
82.8163, 84392
82.8178, 84392
82.82, 84392
82.8213, 84392
82.8225, 84392
82.8239, 84392
82.8252, 84392
82.8264, 84392
82.8277, 84392
82.8289, 84392
82.8301, 84392
82.8313, 84392
82.8324, 84608
82.8336, 84608
82.8348, 84608
82.8359, 84608
82.837, 84608
82.8382, 84608
82.8393, 84608
82.8405, 84608
82.8416, 84392
82.8427, 84392
82.8439, 84392
82.845, 84392
82.8462, 84392
82.8473, 84392
82.8485, 84392
82.8496, 84392
82.8508, 84392
82.8519, 84392
82.853, 84392
82.8542, 84392
82.8553, 84392
82.8565, 84392
82.8576, 84392
82.8588, 84176
82.8599, 84176
82.8611, 84176
82.8622, 84176
82.8633, 84176
82.8645, 84176
82.8656, 84176
82.8668, 83960
82.8679, 83960
82.869, 83960
82.8702, 83960
82.8713, 83960
82.8725, 83960
82.8736, 83960
82.8748, 83960
82.8759, 83960
82.8771, 83960
82.8782, 83960
82.8793, 83960
82.8805, 83960
82.8816, 83960
82.8828, 83960
82.8839, 83960
82.8851, 83960
82.8862, 83960
82.8874, 83960
82.8886, 83960
82.8897, 83960
82.8909, 83960
82.892, 83960
82.8932, 83744
82.8943, 83744
82.8955, 83744
82.8966, 83744
82.8978, 83744
82.8989, 83744
82.9, 83744
82.9012, 83744
82.9023, 83744
82.9035, 83744
82.9046, 83744
82.9057, 83744
82.9069, 83744
82.908, 83744
82.9092, 83744
82.9103, 83528
82.9114, 83528
82.9126, 83528
82.9137, 83528
82.9149, 83528
82.916, 83528
82.9196, 83528
82.9209, 83528
82.9309, 83744
82.9326, 83744
82.9339, 83744
82.9379, 83960
82.9393, 83960
82.9407, 83960
82.9419, 83960
82.9432, 83960
82.9445, 83960
82.9457, 83960
82.9469, 83960
82.9481, 83960
82.9493, 83960
82.9504, 83960
82.9516, 83960
82.9527, 83960
82.9538, 83960
82.955, 83960
82.9561, 83960
82.9573, 83960
82.9584, 83960
82.9596, 83960
82.9607, 83960
82.9618, 83960
82.963, 83960
82.9641, 83960
82.9653, 83960
82.9664, 83960
82.9675, 83960
82.9687, 83960
82.9699, 83960
82.971, 83960
82.9721, 83960
82.9733, 83960
82.9744, 83960
82.9756, 83960
82.9767, 83960
82.9779, 83960
82.979, 83960
82.9802, 83960
82.9813, 83960
82.9825, 83960
82.9836, 83960
82.9848, 83960
82.9859, 83960
82.9871, 83744
82.9882, 83744
82.9894, 83744
82.9905, 83744
82.9917, 83744
82.9928, 83744
82.994, 83744
82.9952, 83744
82.9963, 83744
82.9975, 83744
82.9986, 83744
82.9998, 83744
83.0009, 83744
83.0021, 83744
83.0032, 83528
83.0043, 83528
83.0055, 83528
83.0066, 83528
83.0078, 83528
83.0089, 83528
83.0101, 83528
83.0112, 83528
83.0124, 83744
83.0135, 83744
83.0147, 83744
83.0158, 83744
83.017, 83744
83.0184, 83744
83.0196, 83744
83.0207, 83744
83.0219, 83744
83.023, 83744
83.0242, 83744
83.0253, 83744
83.0265, 83744
83.0276, 83744
83.0288, 83744
83.0299, 83744
83.0312, 83744
83.0324, 83744
83.0368, 83744
83.0411, 83960
83.0431, 83960
83.0448, 83960
83.046, 84176
83.0473, 84176
83.0487, 84176
83.0499, 84176
83.0512, 84176
83.0524, 84176
83.0536, 84176
83.0547, 84392
83.0559, 84392
83.057, 84392
83.0581, 84392
83.0593, 84392
83.0604, 84392
83.0616, 84392
83.0627, 84392
83.0639, 84176
83.065, 84176
83.0662, 84176
83.0673, 84176
83.0685, 84176
83.0696, 84176
83.0708, 84176
83.0719, 84176
83.0731, 84176
83.0742, 84176
83.0754, 84176
83.0765, 84176
83.0777, 84176
83.0788, 84176
83.08, 83960
83.0811, 83960
83.0822, 83960
83.0834, 83960
83.0846, 83960
83.0857, 83960
83.0869, 83960
83.088, 83960
83.0892, 83960
83.0903, 83960
83.0914, 83960
83.0926, 83960
83.0937, 83960
83.0949, 83960
83.0961, 83960
83.0972, 83960
83.0984, 83960
83.0995, 83960
83.1007, 83960
83.1018, 83960
83.103, 83960
83.1041, 83960
83.1053, 83960
83.1064, 83744
83.1076, 83744
83.1087, 83744
83.1099, 83744
83.111, 83744
83.1122, 83744
83.1133, 83744
83.1144, 83744
83.1156, 83744
83.1167, 83744
83.1179, 83744
83.119, 83744
83.1202, 83744
83.1213, 83744
83.1225, 83744
83.1236, 83960
83.1248, 83960
83.1259, 83960
83.1271, 83960
83.1283, 83960
83.1295, 83960
83.1308, 83960
83.132, 83744
83.1333, 83744
83.1344, 83744
83.1356, 83744
83.1367, 83744
83.1379, 83744
83.139, 83744
83.1402, 83744
83.1413, 83744
83.1424, 83744
83.1436, 83744
83.145, 83744
83.1462, 83744
83.1476, 83744
83.1489, 83744
83.1503, 83744
83.1517, 83744
83.1532, 83744
83.1548, 83744
83.1562, 83744
83.1576, 83960
83.1588, 83960
83.1601, 83960
83.1613, 83960
83.1625, 83960
83.1637, 83960
83.1648, 83960
83.166, 84176
83.1672, 84176
83.1683, 84176
83.1695, 84176
83.1706, 84176
83.1717, 84176
83.1729, 84176
83.174, 84176
83.1752, 84176
83.1763, 84176
83.1775, 84176
83.1786, 84176
83.1798, 84176
83.1809, 84176
83.1821, 84176
83.1832, 83960
83.1844, 83960
83.1855, 83960
83.1867, 83960
83.1878, 83960
83.189, 83960
83.1901, 83960
83.1913, 83960
83.1924, 83960
83.1935, 83960
83.1947, 83960
83.1958, 83960
83.197, 83960
83.1981, 83960
83.1993, 83960
83.2004, 83960
83.2015, 83960
83.2027, 83960
83.2038, 83960
83.205, 83960
83.2061, 83960
83.2072, 83960
83.2084, 83960
83.2095, 83960
83.2107, 83960
83.2118, 83960
83.213, 83960
83.2141, 83960
83.2152, 83960
83.2164, 83960
83.2175, 83960
83.2187, 83960
83.2198, 83960
83.221, 83960
83.2221, 83960
83.2233, 83960
83.2244, 83960
83.2256, 83744
83.2267, 83744
83.2279, 83744
83.229, 83744
83.2302, 83744
83.2313, 83744
83.2325, 83744
83.2337, 83744
83.2348, 83744
83.236, 83744
83.2371, 83744
83.2382, 83744
83.2394, 83744
83.2406, 83744
83.2417, 83744
83.2429, 83744
83.244, 83744
83.2452, 83744
83.2463, 83744
83.2474, 83744
83.2486, 83744
83.2497, 83744
83.2509, 83744
83.252, 83744
83.2532, 83744
83.2543, 83744
83.2556, 83744
83.257, 83744
83.2583, 83744
83.2607, 83744
83.262, 83744
83.2634, 83744
83.2648, 83744
83.2661, 83744
83.2678, 83960
83.2692, 83960
83.2705, 83960
83.2718, 83960
83.2731, 83960
83.2742, 83960
83.2754, 83960
83.2765, 83960
83.2777, 83960
83.2788, 83960
83.28, 83960
83.2811, 83960
83.2823, 83960
83.2834, 83960
83.2845, 83960
83.2857, 83744
83.2868, 83744
83.288, 83744
83.2891, 83744
83.2903, 83744
83.2914, 83744
83.2925, 83744
83.2937, 83744
83.2948, 83744
83.296, 83744
83.2971, 83744
83.2983, 83744
83.2994, 83744
83.3006, 83744
83.3017, 83744
83.3029, 83744
83.304, 83744
83.3052, 83744
83.3063, 83744
83.3075, 83744
83.3086, 83744
83.3097, 83744
83.3109, 83744
83.312, 83744
83.3132, 83744
83.3143, 83744
83.3155, 83744
83.3166, 83744
83.3177, 83744
83.3189, 83744
83.32, 83744
83.3212, 83744
83.3223, 83744
83.3235, 83744
83.3246, 83744
83.3258, 83744
83.3269, 83744
83.3281, 83528
83.3292, 83528
83.332, 83528
83.3335, 83528
83.3347, 83528
83.3359, 83528
83.337, 83528
83.3382, 83528
83.3393, 83528
83.3405, 83528
83.3416, 83528
83.3428, 83528
83.3439, 83528
83.3451, 83312
83.3462, 83312
83.3474, 83312
83.3486, 83312
83.3497, 83312
83.3508, 83312
83.352, 83312
83.3531, 83312
83.3542, 83312
83.3554, 83312
83.3565, 83312
83.3577, 83312
83.3588, 83312
83.3599, 83312
83.361, 83312
83.3622, 83528
83.3646, 83528
83.366, 83528
83.3756, 83960
83.377, 83960
83.3782, 83960
83.3826, 84608
83.3838, 84608
83.3916, 84608
83.393, 84608
83.3945, 84608
83.3959, 84608
83.3972, 84608
83.3985, 84608
83.3998, 84608
83.4011, 84608
83.4023, 84608
83.4036, 84608
83.405, 84824
83.4062, 84824
83.4076, 84824
83.4089, 84824
83.4101, 84824
83.4115, 84824
83.4127, 84608
83.4141, 84608
83.4154, 84608
83.4167, 84608
83.4179, 84608
83.4192, 84608
83.4205, 84608
83.4218, 84608
83.423, 84608
83.4244, 84608
83.4257, 84608
83.427, 84608
83.4283, 84608
83.4296, 84608
83.4308, 84608
83.4321, 84608
83.4334, 84608
83.4346, 84608
83.4359, 84608
83.4381, 84608
83.4394, 84392
83.4407, 84392
83.4436, 84392
83.4452, 84392
83.4466, 84392
83.448, 84608
83.4494, 84608
83.4506, 84608
83.452, 84608
83.4533, 84608
83.4545, 84608
83.4558, 84392
83.4571, 84392
83.4584, 84392
83.4597, 84392
83.461, 84392
83.4622, 84392
83.4635, 84392
83.4653, 84392
83.4666, 84392
83.4679, 84392
83.4692, 84392
83.4704, 84392
83.4717, 84392
83.473, 84392
83.4744, 84392
83.4758, 84392
83.4771, 84392
83.4785, 84392
83.48, 84392
83.4813, 84392
83.4825, 84392
83.4836, 84392
83.4848, 84392
83.4859, 84392
83.4871, 84392
83.4883, 84392
83.4894, 84392
83.4906, 84176
83.4917, 84176
83.4929, 84176
83.494, 84176
83.4952, 84176
83.4963, 84176
83.4975, 84176
83.4986, 83960
83.4997, 83960
83.5009, 83960
83.502, 83960
83.5031, 83960
83.5061, 83960
83.5073, 83960
83.5084, 83960
83.5096, 83960
83.5107, 83960
83.5118, 83960
83.513, 83960
83.5141, 83960
83.5153, 83960
83.5181, 83960
83.5193, 83960
83.5204, 83960
83.5216, 83960
83.5227, 83960
83.5239, 83960
83.525, 83960
83.5262, 83960
83.5273, 83960
83.5285, 83960
83.5296, 83960
83.5307, 83960
83.5319, 83960
83.533, 83960
83.5342, 83960
83.5353, 83960
83.5364, 83960
83.5376, 83960
83.539, 83960
83.5402, 83960
83.5413, 84176
83.5425, 84176
83.5436, 84176
83.5448, 84176
83.5459, 84176
83.5472, 84176
83.5483, 84176
83.5495, 84392
83.5507, 84392
83.5518, 84392
83.553, 84392
83.5541, 84392
83.5552, 84392
83.5564, 84392
83.5575, 84392
83.5587, 84392
83.5598, 84392
83.561, 84392
83.5621, 84392
83.5632, 84392
83.5644, 84392
83.5655, 84392
83.5666, 84176
83.5678, 84176
83.5689, 84176
83.5701, 84176
83.5713, 84176
83.5724, 84176
83.5736, 84176
83.5747, 84176
83.5759, 84176
83.577, 84176
83.5781, 84176
83.5793, 84176
83.5804, 84176
83.5816, 84176
83.5827, 84176
83.5839, 84176
83.585, 84176
83.5861, 84176
83.5873, 84176
83.5884, 84176
83.5895, 84176
83.5907, 84176
83.5918, 84176
83.593, 84176
83.5941, 84176
83.5953, 84176
83.5964, 84176
83.5975, 84176
83.5987, 84176
83.5998, 84176
83.601, 84176
83.6021, 84176
83.6033, 84176
83.6044, 84176
83.6056, 84176
83.6068, 84176
83.6079, 84176
83.6091, 84176
83.6102, 84176
83.6114, 84176
83.6125, 84176
83.6137, 84176
83.6148, 84176
83.616, 84176
83.6171, 84176
83.6182, 84176
83.6194, 84176
83.6205, 84176
83.6217, 84176
83.6228, 84176
83.624, 84176
83.6251, 84176
83.6262, 84176
83.6274, 84176
83.6285, 84176
83.6297, 84176
83.6308, 84176
83.6319, 84176
83.6331, 84176
83.6342, 84176
83.6355, 84176
83.6368, 84176
83.6381, 84176
83.6394, 84176
83.6406, 84176
83.6418, 84176
83.6431, 83960
83.6443, 83960
83.6454, 83960
83.6466, 83960
83.6479, 83960
83.6491, 83960
83.6503, 83960
83.6516, 83960
83.6529, 83960
83.6541, 83960
83.6553, 83960
83.6564, 83960
83.6576, 83960
83.6587, 83960
83.6598, 83960
83.661, 83744
83.6621, 83744
83.6633, 83744
83.6644, 83744
83.6655, 83744
83.6667, 83744
83.6678, 83744
83.6689, 83744
83.6701, 83744
83.6714, 83744
83.6726, 83744
83.6739, 83744
83.6751, 83744
83.6763, 83744
83.6775, 83528
83.6787, 83528
83.68, 83528
83.6812, 83528
83.6825, 83528
83.6837, 83528
83.6849, 83528
83.6861, 83528
83.6872, 83528
83.6884, 83528
83.6895, 83528
83.6906, 83528
83.6918, 83528
83.6931, 83528
83.6943, 83528
83.6955, 83528
83.6967, 83528
83.6979, 83528
83.6992, 83528
83.7004, 83528
83.7016, 83528
83.7028, 83312
83.7041, 83312
83.7054, 83312
83.7066, 83312
83.7078, 83312
83.709, 83312
83.7103, 83312
83.7115, 83312
83.7127, 83312
83.7139, 83312
83.7152, 83312
83.7164, 83312
83.7176, 83312
83.7187, 83312
83.72, 83312
83.7213, 83312
83.7225, 83312
83.7238, 83312
83.7251, 83312
83.7264, 83312
83.7276, 83312
83.7288, 83312
83.7299, 83312
83.7311, 83312
83.7323, 83312
83.7334, 83312
83.7347, 83312
83.736, 83312
83.7372, 83096
83.7384, 83096
83.7396, 83096
83.7408, 83096
83.742, 83096
83.7433, 83096
83.7445, 83096
83.7457, 83096
83.747, 83096
83.7482, 83096
83.7493, 83096
83.7505, 83096
83.7518, 83096
83.753, 83096
83.7542, 83096
83.7555, 83096
83.7567, 83096
83.7579, 83096
83.7591, 83096
83.7603, 83096
83.7616, 83096
83.7627, 82880
83.7638, 82880
83.7649, 82880
83.766, 82880
83.7672, 82880
83.7683, 82880
83.7694, 82880
83.7705, 82880
83.7717, 82880
83.7728, 82880
83.7739, 82880
83.775, 82880
83.7761, 82880
83.7773, 82880
83.7784, 82880
83.7795, 82880
83.7806, 82664
83.7817, 82664
83.7828, 82664
83.7839, 82664
83.785, 82664
83.7861, 82664
83.7873, 82664
83.7884, 82664
83.7895, 82664
83.7906, 82664
83.7917, 82664
83.7928, 82664
83.7939, 82664
83.7951, 82664
83.7962, 82664
83.7973, 82664
83.7984, 82664
83.7995, 82664
83.8007, 82664
83.8018, 82664
83.8029, 82664
83.804, 82664
83.8051, 82664
83.8063, 82664
83.8074, 82664
83.8085, 82664
83.8096, 82664
83.8107, 82664
83.8119, 82664
83.813, 82664
83.8141, 82448
83.8152, 82448
83.8163, 82448
83.8174, 82448
83.8185, 82448
83.8197, 82448
83.8211, 82448
83.8223, 82448
83.8234, 82448
83.8246, 82448
83.8258, 82448
83.8269, 82448
83.8281, 82448
83.8292, 82448
83.8303, 82448
83.8314, 82232
83.8326, 82232
83.8339, 82232
83.8352, 82232
83.8364, 82232
83.8375, 82232
83.8386, 82232
83.8398, 82232
83.841, 82232
83.8421, 82232
83.8432, 82232
83.8443, 82232
83.8455, 82232
83.8466, 82232
83.8477, 82232
83.8488, 82232
83.8499, 82232
83.8511, 82232
83.8522, 82232
83.8533, 82232
83.8544, 82232
83.8555, 82232
83.8567, 82232
83.8578, 82232
83.8589, 82232
83.86, 82232
83.8611, 82232
83.8622, 82232
83.8633, 82232
83.8645, 82232
83.8656, 82232
83.8669, 82232
83.8681, 82232
83.8693, 82232
83.8708, 82232
83.872, 82232
83.8731, 82232
83.8743, 82232
83.8755, 82232
83.8768, 82232
83.878, 82232
83.8792, 82232
83.8804, 82232
83.8815, 82232
83.8827, 82016
83.8838, 82016
83.8849, 82016
83.8861, 82016
83.8872, 82016
83.8884, 82016
83.8895, 82016
83.8906, 82232
83.8918, 82232
83.8931, 82232
83.8943, 82232
83.8955, 82232
83.8966, 82232
83.8979, 82232
83.8991, 82232
83.9005, 82232
83.914, 82448
83.918, 82664
83.9195, 82664
83.9208, 82664
83.9221, 82664
83.9234, 82664
83.9245, 82664
83.9257, 82880
83.9269, 82880
83.9281, 82880
83.9293, 82880
83.9381, 82880
83.9396, 82880
83.9409, 82880
83.9421, 82880
83.9435, 82880
83.9448, 82880
83.9461, 82880
83.9474, 82880
83.9512, 82880
83.9529, 82880
83.9543, 82880
83.9561, 82880
83.9577, 82880
83.9593, 82880
83.9609, 82880
83.9621, 82880
83.9635, 82880
83.965, 82880
83.9664, 82880
83.9677, 83096
83.9691, 83096
83.9704, 83096
83.9718, 83096
83.9731, 83096
83.9745, 83096
83.9759, 83096
83.9771, 83096
83.9783, 83096
83.9794, 83096
83.9807, 83096
83.9821, 83096
83.9835, 83096
83.9848, 83096
83.9859, 83096
83.9871, 83096
83.9883, 83096
83.9894, 83096
83.9906, 83096
83.9917, 83096
83.9929, 83096
83.9941, 83096
83.9957, 83096
83.997, 83096
83.9983, 83096
83.9995, 83096
84.0007, 83096
84.0022, 83312
84.0036, 83312
84.0051, 83312
84.0064, 83312
84.0078, 83312
84.0092, 83312
84.0106, 83312
84.0119, 83312
84.0134, 83312
84.0149, 83312
84.0164, 83312
84.0179, 83312
84.0194, 83312
84.0209, 83312
84.0223, 83312
84.0237, 83312
84.0249, 83312
84.026, 83312
84.0272, 83312
84.0284, 83312
84.0296, 83312
84.0307, 83312
84.0319, 83312
84.0331, 83312
84.0344, 83312
84.0357, 83096
84.037, 83096
84.0383, 83096
84.0396, 83096
84.0409, 83096
84.0421, 83096
84.0435, 83096
84.0447, 83096
84.046, 83096
84.0473, 83096
84.0487, 83096
84.05, 83096
84.0514, 83096
84.0527, 83312
84.054, 83312
84.0553, 83312
84.0566, 83312
84.0578, 83312
84.0591, 83312
84.0604, 83312
84.0616, 83312
84.0628, 83312
84.0641, 83312
84.0653, 83312
84.0666, 83312
84.0679, 83312
84.0691, 83312
84.0703, 83312
84.0716, 83312
84.0728, 83312
84.0741, 83312
84.0753, 83312
84.0765, 83312
84.0778, 83312
84.0793, 83096
84.0806, 83096
84.0819, 83096
84.0832, 83096
84.0845, 83096
84.0857, 83096
84.087, 83096
84.0883, 83096
84.0895, 83096
84.0908, 83096
84.0921, 83096
84.0933, 83096
84.0946, 83096
84.0959, 83096
84.0971, 83096
84.0983, 83096
84.0996, 83096
84.1008, 83096
84.1021, 83096
84.1033, 83096
84.1046, 83096
84.1057, 83096
84.107, 83096
84.1082, 83096
84.1095, 83096
84.1107, 83096
84.1121, 83096
84.1133, 83096
84.1146, 83096
84.1158, 83096
84.1171, 83096
84.1184, 83096
84.1195, 83096
84.1207, 83096
84.1218, 83096
84.123, 83096
84.1241, 83096
84.1252, 83096
84.1264, 83096
84.1275, 83096
84.1286, 83096
84.1298, 82880
84.1309, 82880
84.1321, 82880
84.1332, 82880
84.1343, 82880
84.1355, 82880
84.1366, 82880
84.1378, 82880
84.1389, 82880
84.14, 82880
84.1412, 82880
84.1423, 82880
84.1434, 82880
84.1446, 82880
84.1457, 82880
84.1468, 82664
84.148, 82664
84.1491, 82664
84.1503, 82664
84.1514, 82664
84.1526, 82664
84.1537, 82664
84.1549, 82664
84.156, 82664
84.1573, 82664
84.1585, 82664
84.1597, 82664
84.1608, 82664
84.1619, 82664
84.1631, 82664
84.1642, 82664
84.1654, 82664
84.1665, 82664
84.1677, 82664
84.1688, 82664
84.1699, 82664
84.1711, 82664
84.1723, 82664
84.1734, 82664
84.1745, 82664
84.1757, 82664
84.1769, 82664
84.178, 82664
84.1791, 82664
84.1803, 82664
84.1815, 82448
84.1826, 82448
84.1838, 82448
84.1849, 82448
84.1861, 82448
84.1872, 82448
84.1883, 82448
84.1895, 82448
84.1906, 82448
84.1918, 82448
84.1929, 82448
84.1941, 82448
84.1952, 82448
84.1964, 82448
84.1975, 82448
84.1987, 82448
84.1999, 82448
84.201, 82448
84.2021, 82448
84.2033, 82448
84.2044, 82448
84.2056, 82448
84.2067, 82448
84.2079, 82448
84.209, 82448
84.2101, 82448
84.2113, 82448
84.2124, 82448
84.2136, 82448
84.2147, 82448
84.2158, 82448
84.217, 82448
84.2181, 82448
84.2193, 82448
84.2204, 82448
84.2215, 82448
84.2227, 82448
84.2238, 82448
84.225, 82448
84.2261, 82448
84.2273, 82448
84.2284, 82448
84.2296, 82448
84.2307, 82448
84.2319, 82448
84.233, 82448
84.2341, 82448
84.2353, 82448
84.2364, 82448
84.2376, 82448
84.2388, 82448
84.2399, 82448
84.241, 82232
84.2422, 82232
84.2433, 82232
84.2445, 82232
84.2456, 82232
84.2468, 82232
84.2479, 82232
84.2491, 82448
84.2502, 82448
84.2514, 82448
84.2525, 82448
84.2537, 82448
84.2548, 82448
84.256, 82448
84.2571, 82448
84.2583, 82232
84.2594, 82232
84.2606, 82232
84.2617, 82232
84.2629, 82232
84.264, 82232
84.2652, 82232
84.2663, 82232
84.2674, 82232
84.2686, 82232
84.2697, 82232
84.2709, 82232
84.272, 82232
84.2731, 82232
84.2743, 82232
84.2754, 82232
84.2766, 82232
84.2777, 82232
84.2788, 82232
84.28, 82232
84.2811, 82232
84.2823, 82232
84.2835, 82232
84.2846, 82232
84.2858, 82232
84.2869, 82232
84.288, 82232
84.2892, 82232
84.2903, 82232
84.2915, 82232
84.2926, 82232
84.2937, 82232
84.2949, 82232
84.296, 82232
84.2971, 82232
84.2983, 82232
84.2994, 82232
84.3006, 82232
84.3017, 82232
84.3028, 82232
84.304, 82232
84.3051, 82232
84.3063, 82232
84.3074, 82232
84.3086, 82232
84.3097, 82448
84.3109, 82448
84.312, 82448
84.3132, 82448
84.3143, 82448
84.3155, 82448
84.3166, 82448
84.3178, 82664
84.3189, 82664
84.3201, 82664
84.3212, 82664
84.3224, 82664
84.3235, 82664
84.3247, 82664
84.3258, 82664
84.327, 82664
84.3281, 82664
84.3292, 82664
84.3304, 82664
84.3316, 82664
84.3327, 82664
84.3338, 82664
84.335, 82448
84.3361, 82448
84.3373, 82448
84.3386, 82448
84.3399, 82448
84.341, 82448
84.3422, 82448
84.3433, 82448
84.3445, 82448
84.3456, 82448
84.3467, 82448
84.3479, 82448
84.349, 82448
84.3502, 82448
84.3513, 82448
84.3525, 82448
84.3536, 82448
84.3548, 82448
84.3559, 82448
84.357, 82448
84.3582, 82448
84.3593, 82448
84.3605, 82448
84.3616, 82448
84.3628, 82448
84.3639, 82448
84.3651, 82448
84.3662, 82448
84.3673, 82448
84.3685, 82448
84.3697, 82448
84.3708, 82448
84.3719, 82448
84.3731, 82448
84.3742, 82448
84.3754, 82448
84.3766, 82448
84.3777, 82448
84.3789, 82448
84.38, 82448
84.3812, 82448
84.3823, 82448
84.3835, 82448
84.3846, 82448
84.3858, 82448
84.3869, 82448
84.3881, 82448
84.3892, 82448
84.3903, 82448
84.3915, 82448
84.3926, 82448
84.3937, 82448
84.3949, 82448
84.396, 82448
84.3971, 82448
84.3983, 82448
84.3995, 82448
84.4006, 82448
84.4017, 82448
84.4029, 82448
84.404, 82448
84.4052, 82448
84.4063, 82448
84.4075, 82448
84.4086, 82448
84.4098, 82448
84.4109, 82448
84.412, 82232
84.4132, 82232
84.4143, 82232
84.4155, 82232
84.4166, 82232
84.4177, 82232
84.4189, 82232
84.42, 82232
84.4211, 82232
84.4223, 82232
84.4234, 82232
84.4246, 82232
84.4257, 82232
84.4269, 82232
84.428, 82232
84.4291, 82232
84.4303, 82232
84.4314, 82232
84.4326, 82232
84.4337, 82232
84.4348, 82232
84.436, 82232
84.4371, 82232
84.4383, 82232
84.4394, 82232
84.4405, 82232
84.4417, 82232
84.4428, 82232
84.444, 82232
84.4451, 82232
84.4463, 82232
84.4474, 82232
84.4486, 82232
84.4497, 82232
84.4508, 82232
84.452, 82232
84.4531, 82232
84.4543, 82232
84.4554, 82232
84.4565, 82232
84.4577, 82232
84.4588, 82232
84.46, 82232
84.4611, 82232
84.4622, 82232
84.4634, 82448
84.4645, 82448
84.4656, 82448
84.4668, 82448
84.4679, 82448
84.4691, 82448
84.4702, 82448
84.4713, 82232
84.4725, 82232
84.4736, 82232
84.4747, 82232
84.4759, 82232
84.477, 82232
84.4782, 82232
84.4793, 82232
84.4804, 82232
84.4816, 82232
84.4827, 82232
84.4839, 82232
84.485, 82232
84.4861, 82232
84.4873, 82232
84.4884, 82232
84.4896, 82232
84.4907, 82232
84.4918, 82232
84.493, 82232
84.4941, 82232
84.4953, 82232
84.4964, 82232
84.4976, 82232
84.4987, 82232
84.514, 82448
84.5243, 82664
84.5258, 82664
84.5272, 82664
84.5286, 82664
84.5301, 82664
84.5316, 82664
84.5331, 82664
84.5346, 82664
84.536, 82664
84.5374, 82664
84.5388, 82664
84.5402, 82664
84.5417, 82664
84.558, 82880
84.5651, 82880
84.5668, 82880
84.568, 82880
84.5691, 82880
84.5703, 82880
84.5715, 82880
84.5726, 82880
84.5738, 82880
84.5749, 82880
84.5761, 82880
84.5774, 82880
84.5792, 82880
84.5806, 82880
84.582, 82664
84.5834, 82664
84.5848, 82664
84.5861, 82664
84.5875, 82664
84.5887, 82664
84.59, 82664
84.5913, 82880
84.5925, 82880
84.5938, 82880
84.595, 82880
84.5963, 82880
84.5975, 82880
84.5987, 82880
84.5999, 82880
84.6011, 82880
84.6023, 82880
84.6036, 82880
84.6049, 82880
84.6061, 82880
84.6077, 82880
84.609, 82880
84.6103, 82880
84.6116, 82880
84.6129, 82880
84.6141, 82880
84.6153, 82880
84.6166, 82880
84.6178, 82880
84.6191, 82880
84.6204, 82880
84.6216, 82880
84.6228, 82880
84.6241, 82880
84.6254, 82880
84.6267, 82880
84.6279, 82880
84.6292, 82880
84.6304, 82880
84.6317, 82880
84.6329, 82880
84.6341, 82880
84.6354, 82880
84.6366, 82880
84.6379, 82880
84.6392, 82880
84.6404, 82880
84.6417, 82880
84.6429, 82880
84.6441, 82880
84.6453, 82880
84.6465, 82880
84.6478, 82880
84.6491, 82880
84.6503, 82880
84.6516, 82880
84.6528, 82880
84.6541, 82880
84.6553, 82880
84.6565, 82880
84.6577, 82880
84.659, 82880
84.6602, 82880
84.6613, 82880
84.6625, 82880
84.6636, 82880
84.6647, 82880
84.6658, 82880
84.667, 82880
84.6681, 82664
84.6692, 82664
84.6704, 82664
84.6715, 82664
84.6726, 82664
84.6738, 82664
84.6749, 82664
84.6761, 82232
84.6772, 82232
84.6783, 82232
84.6794, 82232
84.6806, 82232
84.6817, 82232
84.6829, 82232
84.684, 82232
84.6851, 82232
84.6862, 82232
84.6874, 82232
84.6885, 82232
84.6897, 82232
84.6908, 82232
84.6919, 82232
84.693, 82232
84.6942, 82232
84.6953, 82232
84.6964, 82232
84.6976, 82232
84.6987, 82232
84.6998, 82232
84.701, 82232
84.7021, 82448
84.7033, 82448
84.7046, 82448
84.7058, 82448
84.707, 82448
84.7081, 82448
84.7093, 82448
84.7104, 82448
84.7116, 82448
84.7127, 82448
84.7139, 82448
84.715, 82448
84.7162, 82448
84.7173, 82448
84.7184, 82664
84.7196, 82664
84.7207, 82664
84.7218, 82664
84.723, 82664
84.7241, 82664
84.7253, 82664
84.7264, 82664
84.7276, 82880
84.7287, 82880
84.7298, 82880
84.731, 82880
84.7321, 82880
84.7333, 82880
84.7344, 82880
84.7355, 82880
84.7367, 82880
84.7378, 82880
84.7389, 82880
84.7401, 82880
84.7412, 82880
84.7424, 82880
84.7435, 82880
84.7446, 83096
84.7458, 83096
84.7469, 83096
84.7481, 83096
84.7492, 83096
84.7504, 83096
84.7515, 83096
84.7527, 83096
84.7538, 83096
84.755, 83096
84.7561, 83096
84.7573, 83096
84.7584, 83096
84.7596, 83096
84.7607, 83096
84.7618, 83096
84.763, 83096
84.7641, 83096
84.7653, 83096
84.7664, 83096
84.7675, 83096
84.7686, 83096
84.7698, 83096
84.7709, 83096
84.7721, 83096
84.7732, 83096
84.7743, 83096
84.7755, 83096
84.7766, 83096
84.7778, 83096
84.7789, 83096
84.7801, 83096
84.7812, 83096
84.7824, 83096
84.7835, 83096
84.7846, 83096
84.7858, 83096
84.7869, 83096
84.7881, 83096
84.7892, 83096
84.7903, 83096
84.7914, 83096
84.7926, 83096
84.7937, 83096
84.7948, 83096
84.796, 82880
84.7971, 82880
84.7982, 82880
84.7994, 82880
84.8005, 82880
84.8017, 82880
84.8028, 82880
84.804, 82880
84.8051, 82880
84.8062, 82880
84.8074, 82880
84.8085, 82880
84.8097, 82880
84.8108, 82880
84.812, 82880
84.8131, 82880
84.8142, 82880
84.8154, 82880
84.8165, 82880
84.8177, 82880
84.8188, 82880
84.8199, 82880
84.821, 82880
84.8222, 82880
84.8233, 82880
84.8245, 82880
84.8256, 82880
84.8267, 82880
84.8278, 82880
84.829, 82880
84.8301, 82880
84.8312, 82880
84.8324, 82880
84.8335, 82880
84.8346, 82880
84.8358, 82880
84.8369, 82880
84.838, 82880
84.8392, 82880
84.8403, 82880
84.8414, 82880
84.8426, 82880
84.8439, 82880
84.8451, 82880
84.8462, 82880
84.8474, 82880
84.8485, 82880
84.8496, 82880
84.8508, 82880
84.8519, 82880
84.853, 82880
84.8542, 82880
84.8553, 82880
84.8565, 82880
84.8576, 82880
84.8587, 82880
84.8599, 82880
84.861, 82880
84.8622, 82880
84.8633, 82880
84.8645, 82880
84.8656, 82880
84.8667, 82880
84.8679, 82880
84.869, 82880
84.8702, 82880
84.8713, 82880
84.8724, 82880
84.8736, 82880
84.8747, 82880
84.8759, 82880
84.877, 82880
84.8782, 82880
84.8793, 82880
84.8805, 82880
84.8816, 82880
84.8827, 82880
84.8839, 82880
84.885, 82880
84.8862, 82880
84.8873, 82880
84.8884, 82880
84.8896, 82880
84.8907, 82880
84.8918, 82880
84.893, 82880
84.8941, 82880
84.8953, 82880
84.8964, 82880
84.8976, 83096
84.8987, 83096
84.8998, 83096
84.901, 83096
84.9022, 83096
84.9033, 83096
84.9045, 83096
84.9056, 83096
84.9068, 83096
84.9079, 83096
84.909, 83096
84.9102, 83096
84.9113, 83096
84.9125, 83096
84.9136, 83096
84.9148, 83096
84.9159, 83096
84.9171, 83096
84.9182, 83096
84.9194, 83096
84.9205, 83096
84.9217, 83096
84.9228, 83096
84.9239, 83096
84.9251, 83096
84.9262, 83096
84.9274, 83096
84.9285, 83096
84.9296, 83096
84.9308, 83096
84.9319, 83312
84.9331, 83312
84.9342, 83312
84.9353, 83312
84.9365, 83312
84.9377, 83312
84.9388, 83312
84.94, 83312
84.9411, 83312
84.9423, 83312
84.9434, 83312
84.9446, 83312
84.9457, 83312
84.9468, 83312
84.948, 83312
84.9491, 83528
84.9503, 83528
84.9514, 83528
84.9525, 83528
84.9537, 83528
84.9548, 83528
84.956, 83528
84.9571, 83528
84.9583, 83528
84.9594, 83528
84.9606, 83528
84.9617, 83528
84.9628, 83528
84.964, 83528
84.9651, 83528
84.9663, 83528
84.9674, 83528
84.9686, 83528
84.9697, 83528
84.9709, 83528
84.972, 83528
84.9732, 83528
84.9743, 83528
84.9754, 83528
84.9766, 83528
84.9777, 83528
84.9788, 83528
84.9802, 83528
84.9814, 83528
84.9826, 83528
84.9837, 83528
84.9849, 83528
84.986, 83528
84.9871, 83528
84.9883, 83528
84.9894, 83528
84.9906, 83528
84.9917, 83528
84.9929, 83528
84.994, 83528
84.9952, 83528
84.9963, 83528
84.9974, 83528
84.9986, 83528
84.9997, 83528
85.0009, 83528
85.0021, 83528
85.0033, 83528
85.0044, 83528
85.0056, 83528
85.0067, 83528
85.0078, 83528
85.009, 83312
85.0101, 83312
85.0112, 83312
85.0124, 83312
85.0135, 83312
85.0147, 83312
85.0158, 83312
85.0169, 83312
85.0181, 83312
85.0192, 83312
85.0203, 83312
85.0215, 83312
85.0226, 83312
85.0238, 83312
85.0249, 83312
85.0261, 83528
85.0272, 83528
85.0283, 83528
85.0295, 83528
85.0306, 83528
85.0318, 83528
85.0329, 83528
85.034, 83312
85.0352, 83312
85.0363, 83312
85.0375, 83312
85.0386, 83312
85.0397, 83312
85.0409, 83312
85.042, 83312
85.0432, 83312
85.0443, 83312
85.0454, 83312
85.0465, 83312
85.0477, 83312
85.0488, 83312
85.05, 83312
85.0511, 83312
85.0523, 83312
85.0534, 83312
85.0546, 83312
85.0557, 83312
85.0569, 83312
85.058, 83312
85.0591, 83312
85.0603, 83312
85.0614, 83312
85.0626, 83312
85.0664, 83312
85.0774, 83528
85.0789, 83528
85.0801, 83528
85.0813, 83528
85.0824, 83528
85.0836, 83528
85.0848, 83528
85.0859, 83744
85.0872, 83744
85.0883, 83744
85.0895, 83744
85.0907, 83744
85.092, 83744
85.0932, 83744
85.0963, 83744
85.0976, 83744
85.0989, 83744
85.1001, 83744
85.1014, 83744
85.1026, 83744
85.1075, 83744
85.1088, 83744
85.11, 83744
85.1113, 83960
85.1126, 83960
85.1138, 83960
85.1151, 83960
85.1164, 83960
85.1176, 83960
85.1189, 83960
85.1203, 83960
85.1217, 83960
85.1228, 83960
85.1241, 83960
85.1253, 83960
85.1265, 83960
85.1278, 83960
85.129, 83528
85.1303, 83528
85.1314, 83528
85.1325, 83528
85.1337, 83528
85.1368, 83528
85.1421, 83528
85.1447, 83528
85.1509, 83960
85.1522, 83960
85.1535, 84392
85.155, 84392
85.1564, 84392
85.1579, 84392
85.1594, 84392
85.1607, 84392
85.162, 84608
85.1634, 84608
85.1646, 84608
85.1658, 84608
85.167, 84608
85.1682, 84608
85.1694, 84608
85.1706, 84824
85.1719, 84824
85.1731, 84824
85.1742, 84824
85.1754, 84824
85.1767, 84824
85.178, 84824
85.1793, 85040
85.1806, 85040
85.1818, 85040
85.1832, 85040
85.1844, 85040
85.1857, 85040
85.187, 85040
85.1884, 85040
85.1898, 85040
85.1912, 85040
85.1925, 85040
85.1938, 85040
85.1952, 85040
85.1965, 84824
85.1979, 84824
85.1993, 84824
85.2006, 84824
85.202, 84824
85.2034, 84824
85.2048, 84824
85.2062, 84824
85.2075, 84824
85.2088, 84824
85.2101, 84824
85.2113, 84824
85.2125, 84824
85.2137, 84824
85.2149, 84824
85.2161, 84824
85.2173, 84824
85.2186, 84824
85.2199, 84824
85.2211, 84824
85.2224, 84824
85.2237, 84824
85.2251, 84824
85.2264, 84824
85.2277, 84824
85.229, 84824
85.2302, 84824
85.2315, 84824
85.2328, 84824
85.2341, 84824
85.2355, 84824
85.2368, 84824
85.2381, 84824
85.2394, 84824
85.2406, 84824
85.2417, 84824
85.2429, 84824
85.244, 84824
85.2452, 84824
85.2464, 84824
85.2477, 84824
85.2493, 84824
85.2508, 84824
85.2522, 84824
85.2535, 84824
85.2548, 84824
85.2562, 84824
85.2576, 84824
85.259, 84824
85.2604, 84824
85.2618, 84824
85.2632, 84824
85.2646, 84824
85.2659, 84824
85.2673, 84824
85.2685, 84824
85.2698, 84824
85.2712, 84824
85.2724, 84824
85.2736, 84824
85.2748, 84824
85.2761, 84824
85.2773, 84824
85.2786, 84824
85.2798, 84824
85.2813, 84824
85.2827, 84824
85.2841, 84824
85.2855, 84824
85.2869, 84824
85.2881, 84824
85.2898, 84824
85.2915, 84824
85.2932, 84824
85.2945, 84824
85.2958, 84824
85.2972, 84824
85.2985, 84824
85.2999, 84824
85.3014, 84824
85.3028, 84824
85.3041, 84824
85.3054, 84824
85.3066, 84824
85.3078, 84824
85.3091, 84824
85.3103, 84824
85.3116, 84824
85.3129, 84824
85.3142, 84824
85.3156, 84824
85.3171, 84824
85.3183, 84824
85.3196, 84824
85.3209, 84824
85.3221, 84824
85.3234, 84824
85.3249, 84608
85.3269, 84608
85.3283, 84608
85.3299, 84608
85.3316, 84608
85.3331, 84608
85.3346, 84608
85.336, 84608
85.3372, 84608
85.3385, 84608
85.3398, 84608
85.3411, 84608
85.3423, 84608
85.3435, 84608
85.3448, 84608
85.3461, 84608
85.3474, 84608
85.3487, 84608
85.3499, 84608
85.3512, 84608
85.3524, 84608
85.3535, 84608
85.3547, 84608
85.3558, 84608
85.357, 84608
85.3581, 84608
85.3593, 84608
85.3605, 84608
85.3619, 84608
85.3633, 84608
85.3645, 84608
85.3657, 84608
85.3669, 84608
85.3681, 84608
85.3692, 84608
85.3704, 84608
85.3716, 84608
85.3728, 84608
85.374, 84608
85.3752, 84608
85.3764, 84824
85.3778, 84824
85.3792, 84824
85.3807, 84824
85.3821, 84824
85.3836, 84824
85.385, 85040
85.3864, 85040
85.388, 85040
85.3895, 85040
85.3909, 85040
85.3923, 85040
85.3937, 85040
85.3951, 85040
85.3966, 85040
85.3981, 85040
85.3997, 85040
85.4012, 85040
85.4028, 85040
85.4043, 85040
85.4058, 85040
85.4071, 85040
85.4085, 85040
85.4099, 85040
85.4114, 85040
85.4129, 85040
85.4142, 85040
85.4157, 85040
85.4173, 85040
85.4188, 85040
85.4202, 85040
85.4213, 85040
85.4227, 85040
85.4239, 85040
85.4251, 85040
85.4263, 85040
85.4274, 84824
85.4286, 84824
85.4298, 84824
85.4313, 84824
85.4327, 84824
85.4342, 84824
85.4356, 84608
85.4368, 84608
85.4381, 84608
85.4395, 84608
85.4408, 84608
85.4421, 84608
85.4436, 84824
85.4451, 84824
85.4465, 84824
85.4479, 84824
85.4493, 84824
85.4505, 84824
85.4518, 84824
85.453, 84824
85.4542, 84824
85.4556, 84824
85.4569, 84824
85.4582, 84824
85.4596, 84824
85.4609, 84824
85.4623, 84824
85.4636, 84824
85.4651, 84824
85.4664, 84824
85.4678, 84824
85.4692, 85040
85.4706, 85040
85.4721, 85040
85.4736, 85040
85.4751, 85040
85.4765, 85040
85.4779, 85040
85.4792, 85040
85.4806, 85040
85.482, 85040
85.4833, 85040
85.4847, 85040
85.486, 85040
85.4874, 85256
85.4887, 85256
85.4901, 85256
85.4916, 85256
85.4929, 85256
85.4942, 85256
85.4956, 85256
85.497, 85256
85.4983, 85256
85.4998, 85256
85.5013, 85256
85.5026, 85256
85.504, 85256
85.5055, 85256
85.5069, 85256
85.5083, 85256
85.5097, 85256
85.5111, 85256
85.5125, 85256
85.5138, 85256
85.5152, 85256
85.5165, 85256
85.5178, 85256
85.5191, 85256
85.5205, 85256
85.5219, 85256
85.5235, 85256
85.5252, 85256
85.5268, 85256
85.5283, 85256
85.5298, 85256
85.5313, 85256
85.5326, 85256
85.5341, 85256
85.5355, 85256
85.537, 85256
85.5385, 85256
85.5399, 85256
85.5412, 85256
85.5426, 85256
85.5439, 85256
85.5452, 85256
85.5465, 85040
85.5478, 85040
85.5491, 85040
85.5504, 85040
85.5517, 85040
85.5531, 85040
85.5545, 85040
85.5558, 85040
85.5572, 85040
85.5586, 85040
85.56, 85040
85.5616, 85040
85.5631, 84608
85.5645, 84608
85.5658, 84608
85.567, 84608
85.5683, 84608
85.5697, 84608
85.5714, 84608
85.5728, 84608
85.5742, 84608
85.5756, 84608
85.577, 84608
85.5784, 84608
85.5799, 84608
85.5836, 84392
85.585, 84392
85.5863, 84392
85.5876, 84392
85.589, 84608
85.5902, 84608
85.593, 84608
85.5944, 84608
85.5957, 84608
85.597, 84608
85.5982, 84608
85.5994, 84608
85.6007, 84608
85.602, 84608
85.6033, 84608
85.6046, 84608
85.6059, 84176
85.6073, 84176
85.6086, 84176
85.6099, 84176
85.6112, 84176
85.6124, 84176
85.6137, 84176
85.6149, 84392
85.6162, 84392
85.6176, 84392
85.6189, 84392
85.62, 84392
85.6212, 84392
85.6223, 84392
85.6235, 84392
85.6246, 84392
85.6258, 84392
85.6269, 84392
85.628, 84392
85.6292, 84392
85.6303, 84392
85.6315, 83960
85.6326, 83960
85.6338, 83960
85.6349, 83960
85.636, 83960
85.6372, 83960
85.6383, 83960
85.6394, 83960
85.6406, 83744
85.6417, 83744
85.6428, 83744
85.644, 83744
85.6452, 83744
85.6497, 83960
85.6511, 83960
85.6524, 83960
85.6535, 83960
85.6547, 83960
85.6558, 83960
85.657, 83960
85.6582, 83960
85.6593, 83960
85.6605, 83960
85.6616, 83960
85.6637, 83960
85.6713, 83960
85.6729, 83960
85.6744, 84176
85.6795, 84176
85.6809, 84176
85.682, 84176
85.6832, 84392
85.6843, 84392
85.6855, 84392
85.6866, 84392
85.6878, 84392
85.6889, 84392
85.69, 84392
85.6911, 84176
85.6923, 84176
85.6934, 84176
85.6947, 84176
85.6959, 84176
85.6973, 84176
85.6985, 84176
85.6998, 84176
85.701, 84176
85.7021, 84176
85.7032, 84176
85.7044, 84176
85.7055, 84176
85.7067, 84176
85.7078, 84176
85.709, 84392
85.7101, 84392
85.7113, 84392
85.7126, 84392
85.714, 84392
85.7154, 84392
85.7171, 84392
85.7185, 84392
85.72, 84392
85.7213, 84392
85.7225, 84392
85.7238, 84392
85.7251, 84608
85.7264, 84608
85.7275, 84608
85.7287, 84608
85.7298, 84608
85.731, 84608
85.7321, 84608
85.7333, 84608
85.7344, 84824
85.7355, 84824
85.7367, 84824
85.7378, 84824
85.739, 84824
85.7403, 84824
85.7417, 84824
85.743, 85040
85.7443, 85040
85.7456, 85040
85.7469, 85040
85.7482, 85040
85.7493, 85040
85.7505, 85040
85.7518, 85040
85.753, 85040
85.7542, 85040
85.7554, 85040
85.7566, 85040
85.7577, 85040
85.7589, 85040
85.76, 85040
85.7612, 85040
85.7623, 85040
85.7635, 85040
85.7647, 85040
85.7658, 85040
85.767, 85040
85.7682, 85256
85.7695, 85256
85.7707, 85256
85.7718, 85256
85.773, 85256
85.7742, 85256
85.7754, 85256
85.7765, 85472
85.7778, 85472
85.779, 85472
85.7802, 85472
85.7816, 85472
85.7828, 85472
85.784, 85472
85.7853, 85472
85.7865, 85472
85.7878, 85472
85.789, 85472
85.7902, 85472
85.7914, 85472
85.7925, 85472
85.7937, 85472
85.7948, 85472
85.796, 85472
85.7972, 85472
85.7984, 85472
85.7998, 85472
85.8011, 85472
85.8023, 85256
85.8037, 85256
85.8049, 85256
85.8061, 85256
85.8073, 85256
85.8087, 85256
85.8099, 85256
85.8111, 85256
85.8126, 85256
85.8145, 85256
85.8159, 85256
85.8173, 85256
85.8185, 85256
85.8197, 85040
85.8209, 85040
85.822, 85040
85.8232, 85040
85.8243, 85040
85.8255, 85040
85.8267, 85040
85.8279, 85040
85.8293, 85040
85.8305, 85040
85.8317, 85040
85.8329, 85040
85.8342, 85040
85.8354, 85040
85.8366, 85040
85.8377, 85040
85.8389, 85040
85.84, 85040
85.8412, 85040
85.8424, 85040
85.8435, 85040
85.8447, 85040
85.8459, 85040
85.8474, 85040
85.8486, 85040
85.8499, 85040
85.8512, 85040
85.8524, 85040
85.8535, 85040
85.8547, 85040
85.8558, 85040
85.857, 85040
85.8581, 85040
85.8593, 85040
85.8605, 85040
85.8618, 85256
85.863, 85256
85.8642, 85256
85.8655, 85256
85.8668, 85256
85.868, 85256
85.8692, 85256
85.8703, 85256
85.8715, 85256
85.8728, 85256
85.8741, 85256
85.8753, 85256
85.8765, 85256
85.8777, 85256
85.879, 85256
85.8803, 85256
85.8815, 85256
85.8828, 85256
85.8841, 85256
85.8854, 85256
85.8865, 85256
85.8878, 85256
85.8891, 85256
85.8902, 85256
85.8914, 85256
85.8926, 85256
85.8937, 85256
85.8949, 85256
85.8962, 85040
85.8975, 85040
85.8987, 85040
85.9002, 85040
85.9014, 85040
85.9025, 85040
85.9037, 85040
85.9049, 85040
85.906, 85040
85.9072, 85040
85.9084, 85040
85.9095, 85040
85.9107, 85040
85.9119, 85040
85.913, 85256
85.9142, 85256
85.9154, 85256
85.9168, 85256
85.9185, 85256
85.9199, 85256
85.9211, 85256
85.9223, 84824
85.9234, 84824
85.9246, 84824
85.9258, 84824
85.927, 84824
85.9281, 84824
85.9293, 84824
85.9307, 85040
85.932, 85040
85.9332, 85040
85.9344, 85040
85.9358, 85040
85.9372, 85040
85.9386, 85040
85.9399, 85040
85.9412, 85040
85.9427, 85040
85.9441, 85040
85.9456, 85040
85.9474, 85040
85.9488, 85040
85.9501, 85040
85.9515, 85040
85.9531, 85040
85.9545, 85040
85.956, 84824
85.9574, 84824
85.9587, 84824
85.96, 84824
85.9613, 84824
85.9626, 84824
85.9639, 84824
85.9652, 85040
85.9664, 85040
85.9677, 85040
85.969, 85040
85.9702, 85040
85.9715, 85040
85.9728, 84824
85.9744, 84824
85.9759, 84824
85.9773, 84824
85.9786, 84824
85.9799, 84824
85.9812, 84824
85.9825, 84824
85.9839, 84824
85.9857, 84824
85.9875, 84824
85.9892, 84824
85.991, 84824
85.9927, 84824
85.9942, 84824
85.9956, 84824
85.997, 84824
85.9985, 84824
86, 84824
86.0015, 84824
86.003, 84824
86.0044, 84824
86.0059, 84824
86.0073, 84608
86.0086, 84608
86.0101, 84608
86.0117, 84608
86.0132, 84608
86.0147, 84608
86.0161, 84608
86.0174, 84608
86.0188, 84608
86.0203, 84608
86.0219, 84608
86.0236, 84608
86.0253, 84608
86.0268, 84608
86.0284, 84608
86.0299, 84608
86.0316, 84608
86.033, 84824
86.0344, 84824
86.0358, 84824
86.0372, 84824
86.0386, 84824
86.0399, 84824
86.0413, 84608
86.043, 84608
86.0452, 84608
86.0471, 84608
86.0486, 84608
86.0499, 84608
86.0513, 84608
86.0526, 84608
86.0555, 84608
86.0569, 84608
86.0583, 84608
86.0596, 84608
86.0609, 84608
86.0624, 84608
86.0638, 84608
86.0652, 84608
86.0666, 84824
86.0682, 84824
86.0697, 84824
86.0713, 84824
86.073, 84824
86.0746, 84824
86.076, 84608
86.0774, 84608
86.0788, 84608
86.0802, 84608
86.0815, 84608
86.0829, 84608
86.0843, 84608
86.0881, 84608
86.0896, 84608
86.091, 84608
86.0924, 84392
86.0938, 84392
86.0953, 84392
86.0979, 84392
86.0994, 84392
86.1008, 84392
86.1021, 84392
86.1135, 84608
86.1148, 84608
86.116, 84608
86.1172, 84608
86.1184, 84608
86.1195, 84608
86.1206, 84608
86.1218, 84608
86.1229, 84608
86.124, 84608
86.1252, 84608
86.1263, 84824
86.1275, 84824
86.1288, 84824
86.1301, 84824
86.1315, 84824
86.1329, 84824
86.1342, 84824
86.1355, 84824
86.1369, 84824
86.1382, 84824
86.1395, 84824
86.1408, 84824
86.142, 84824
86.1432, 85040
86.1446, 85040
86.1458, 85040
86.1472, 85040
86.1485, 85040
86.1497, 85040
86.151, 85040
86.1522, 85040
86.1535, 85040
86.1548, 85040
86.1561, 85040
86.1575, 85040
86.1589, 85040
86.1604, 85040
86.1617, 85040
86.1629, 85040
86.164, 85040
86.1652, 85040
86.1663, 85040
86.1675, 85040
86.1689, 84824
86.1701, 84824
86.1713, 84824
86.1726, 84824
86.174, 84824
86.1755, 84824
86.1768, 84824
86.1779, 84608
86.1791, 84608
86.1802, 84608
86.1814, 84608
86.1826, 84608
86.1839, 84608
86.1853, 84608
86.1866, 84608
86.1879, 84608
86.1892, 84608
86.1905, 84608
86.1917, 84608
86.193, 84608
86.1942, 84608
86.1955, 85040
86.1967, 85040
86.1979, 85040
86.1991, 85040
86.2002, 85040
86.2014, 85040
86.2025, 85040
86.2036, 84824
86.2048, 84824
86.2059, 84824
86.2071, 84824
86.2082, 84824
86.2094, 84824
86.2105, 84824
86.2118, 84608
86.213, 84608
86.2143, 84608
86.2156, 84608
86.2169, 84608
86.2182, 84608
86.2195, 84608
86.2207, 85040
86.2219, 85040
86.223, 85040
86.2241, 85040
86.2253, 85040
86.2264, 85040
86.2276, 85040
86.2287, 84824
86.2298, 84824
86.231, 84824
86.2321, 84824
86.2332, 84824
86.2344, 84824
86.2355, 84824
86.2367, 84824
86.2378, 84608
86.239, 84608
86.2401, 84608
86.2412, 84608
86.2424, 84608
86.2435, 84608
86.2447, 84608
86.2458, 84392
86.2471, 84392
86.2484, 84392
86.2499, 84392
86.2513, 84392
86.2525, 84392
86.2537, 84392
86.2548, 84824
86.2559, 84824
86.2571, 84824
86.2582, 84824
86.2594, 84824
86.2605, 84824
86.2616, 84824
86.2627, 84824
86.2639, 84392
86.2652, 84392
86.2665, 84392
86.2679, 84392
86.2694, 84392
86.271, 84392
86.2724, 84824
86.2738, 84824
86.275, 84824
86.2763, 84824
86.2775, 84824
86.2787, 84824
86.28, 85256
86.2811, 85256
86.2823, 85256
86.2834, 85256
86.2845, 85256
86.2857, 85256
86.2868, 85256
86.288, 85256
86.2891, 85472
86.2903, 85472
86.2914, 85472
86.2927, 85472
86.294, 85472
86.2953, 85472
86.2966, 85472
86.2978, 85472
86.299, 85472
86.3001, 85472
86.3013, 85472
86.3024, 85472
86.3036, 85472
86.3047, 85472
86.3058, 85688
86.3072, 85688
86.3083, 85688
86.3096, 85688
86.3113, 85688
86.3128, 85688
86.3143, 85472
86.3157, 85472
86.3172, 85472
86.3186, 85472
86.32, 85472
86.3213, 85472
86.3227, 85256
86.3241, 85256
86.3254, 85256
86.3268, 85256
86.328, 85256
86.3291, 85256
86.3303, 85256
86.3314, 85472
86.3326, 85472
86.3337, 85472
86.3349, 85472
86.336, 85472
86.3371, 85472
86.3383, 85472
86.3395, 85256
86.3408, 85256
86.3422, 85256
86.3436, 85256
86.345, 85256
86.3464, 85256
86.3476, 85256
86.3488, 85256
86.3499, 85256
86.3511, 85256
86.3523, 85256
86.3534, 85256
86.3547, 85256
86.3559, 85256
86.357, 85256
86.3582, 85256
86.3593, 85256
86.3605, 85256
86.3616, 85256
86.3628, 85256
86.3639, 85256
86.3651, 85256
86.3663, 85472
86.3675, 85472
86.3688, 85472
86.3699, 85472
86.3712, 85472
86.3724, 85472
86.3736, 85472
86.3748, 85472
86.3761, 85472
86.3775, 85472
86.3789, 85472
86.3803, 85472
86.3816, 85472
86.3828, 85472
86.3841, 85472
86.3855, 85472
86.3868, 85472
86.3881, 85472
86.3895, 85472
86.391, 85256
86.3925, 85256
86.3938, 85256
86.3954, 85256
86.3968, 85256
86.3983, 85256
86.3995, 85256
86.4006, 85256
86.402, 85256
86.4032, 85256
86.4046, 85256
86.4058, 85256
86.4071, 85256
86.4085, 85256
86.41, 85256
86.4115, 85256
86.413, 85256
86.4143, 85256
86.4156, 85256
86.4169, 85256
86.4181, 85256
86.4193, 85256
86.4205, 85256
86.4216, 85256
86.4229, 85256
86.4241, 85256
86.4254, 85256
86.4266, 85256
86.4279, 85256
86.4291, 85256
86.4303, 85256
86.4315, 85256
86.4327, 85256
86.434, 85256
86.4352, 85256
86.4365, 85256
86.438, 85256
86.4395, 85256
86.4411, 85256
86.4425, 85256
86.4439, 85256
86.4452, 85256
86.4465, 85256
86.4478, 85256
86.4493, 85256
86.4507, 85040
86.4522, 85040
86.4536, 85040
86.455, 85040
86.4564, 85040
86.4577, 85040
86.459, 85040
86.4603, 85040
86.4615, 85040
86.4628, 85040
86.4641, 85040
86.4654, 85040
86.4666, 85040
86.4679, 85040
86.4694, 85040
86.4708, 85040
86.4722, 85040
86.4736, 85040
86.4749, 85040
86.4762, 85040
86.4775, 85040
86.4789, 85040
86.4803, 85040
86.4818, 85040
86.4833, 85040
86.4847, 85040
86.4862, 85040
86.4876, 85040
86.4889, 85040
86.4902, 85040
86.4915, 85040
86.4927, 85040
86.494, 85040
86.4954, 85040
86.4968, 85040
86.4981, 85040
86.4995, 85040
86.5008, 85040
86.5024, 85040
86.504, 85040
86.5055, 85040
86.507, 85040
86.5084, 85040
86.5097, 85040
86.511, 84824
86.5124, 84824
86.5139, 84824
86.5155, 84824
86.5169, 84824
86.5182, 84824
86.5195, 84824
86.5208, 84824
86.5221, 84824
86.5236, 84824
86.525, 84824
86.5265, 84824
86.5279, 85040
86.5293, 85040
86.5308, 85040
86.5322, 85040
86.5336, 85040
86.535, 85040
86.5363, 84824
86.5377, 84824
86.539, 84824
86.5404, 84824
86.5418, 84824
86.5432, 84824
86.5449, 84824
86.5463, 84824
86.5477, 84824
86.5491, 84824
86.5504, 84824
86.5517, 84824
86.553, 84824
86.5545, 84824
86.5558, 84824
86.5573, 84824
86.5588, 84824
86.5602, 84824
86.5615, 84824
86.5628, 84824
86.5641, 84824
86.5655, 84824
86.5669, 84824
86.5682, 84824
86.5695, 84824
86.5707, 85040
86.5719, 85040
86.5731, 85040
86.5743, 85040
86.5755, 85040
86.5767, 85040
86.578, 85040
86.5793, 85040
86.5805, 85040
86.5817, 85040
86.5832, 85040
86.5848, 85040
86.5863, 85040
86.5878, 85040
86.5896, 85040
86.591, 85040
86.5924, 85040
86.5938, 85040
86.5953, 85040
86.5967, 85040
86.5979, 85040
86.5992, 85040
86.6004, 85040
86.6017, 85040
86.6029, 85040
86.6041, 85040
86.6052, 85256
86.6064, 85256
86.6075, 85256
86.6087, 85256
86.6099, 85256
86.6112, 85256
86.6124, 85256
86.6136, 85256
86.6147, 85256
86.6159, 85256
86.6172, 85256
86.6185, 85256
86.6198, 85256
86.621, 85256
86.6222, 85256
86.6233, 85256
86.6245, 85256
86.6257, 85256
86.6268, 85256
86.6281, 85256
86.6295, 85256
86.6308, 85256
86.6321, 85256
86.6334, 85256
86.6347, 85256
86.6359, 85256
86.6371, 85256
86.6383, 85256
86.6395, 85256
86.6406, 85256
86.6418, 85256
86.6429, 85256
86.6441, 85256
86.6454, 85256
86.6466, 85256
86.6478, 85256
86.649, 85256
86.6502, 85256
86.6513, 85256
86.6527, 85256
86.654, 85256
86.6556, 85256
86.6571, 85256
86.6585, 85256
86.6599, 85256
86.6612, 85256
86.6625, 85256
86.6639, 85256
86.6652, 85256
86.6666, 85256
86.6679, 85256
86.6693, 85256
86.6707, 85256
86.6721, 85256
86.6735, 85256
86.675, 85256
86.6764, 85256
86.6777, 85256
86.679, 85256
86.6804, 85256
86.6817, 85040
86.6829, 85040
86.6841, 85040
86.6855, 85040
86.6869, 85040
86.6884, 85040
86.6899, 85256
86.6914, 85256
86.6927, 85256
86.694, 85256
86.6952, 85256
86.6964, 85256
86.6978, 85256
86.699, 85256
86.7002, 85256
86.7014, 85256
86.7027, 85256
86.7041, 85256
86.7055, 85256
86.707, 85040
86.7087, 85040
86.7103, 85040
86.7118, 85040
86.7135, 85040
86.7153, 85040
86.7167, 85040
86.7182, 85040
86.7196, 85040
86.7209, 85040
86.7223, 85040
86.7235, 85040
86.7246, 85040
86.726, 85040
86.7274, 85040
86.7287, 85040
86.7299, 85040
86.7313, 85040
86.7326, 85040
86.7339, 85040
86.7353, 85040
86.7366, 85040
86.7379, 85040
86.7394, 85040
86.741, 85040
86.7423, 85040
86.7436, 85040
86.7448, 85040
86.7459, 85040
86.7471, 85040
86.7482, 85040
86.7493, 85040
86.7505, 85040
86.7518, 85040
86.753, 85040
86.7543, 85040
86.7555, 85040
86.7568, 85040
86.758, 84824
86.7593, 84824
86.7608, 84824
86.7621, 84824
86.7633, 84824
86.7645, 84824
86.7657, 84824
86.7673, 84824
86.7688, 84824
86.7702, 84824
86.7716, 84824
86.7729, 84824
86.7743, 84824
86.7756, 84608
86.7769, 84608
86.7782, 84608
86.7794, 84608
86.7808, 84608
86.7822, 84608
86.7835, 84392
86.7849, 84392
86.7862, 84392
86.7874, 84392
86.7887, 84392
86.79, 84392
86.7912, 84392
86.7924, 84608
86.7936, 84608
86.7948, 84608
86.7959, 84608
86.7971, 84608
86.7983, 84608
86.7995, 84608
86.8008, 84176
86.8021, 84176
86.8034, 84176
86.8048, 84176
86.8061, 84176
86.8075, 84176
86.8089, 84608
86.8102, 84608
86.8116, 84608
86.8129, 84608
86.8142, 84608
86.8156, 84608
86.817, 84608
86.8183, 84824
86.8196, 84824
86.8207, 84824
86.8219, 84824
86.8232, 84824
86.8244, 84824
86.8256, 84824
86.8269, 84392
86.8281, 84392
86.8294, 84392
86.8306, 84392
86.8318, 84392
86.833, 84392
86.8341, 84392
86.8353, 84392
86.8365, 84392
86.8377, 84392
86.8391, 84392
86.8405, 84392
86.8418, 84392
86.8433, 84608
86.8447, 84608
86.8459, 84608
86.8473, 84608
86.8486, 84608
86.8498, 84608
86.8509, 84608
86.8521, 84824
86.8533, 84824
86.8544, 84824
86.8556, 84824
86.857, 84824
86.8584, 84824
86.8599, 84824
86.8614, 84608
86.8628, 84608
86.8642, 84608
86.8657, 84608
86.8671, 84608
86.8684, 84608
86.8697, 84824
86.871, 84824
86.8725, 84824
86.8739, 84824
86.8753, 84824
86.8767, 84824
86.8781, 84824
86.8793, 84824
86.8806, 84824
86.8819, 84824
86.883, 84824
86.8842, 84824
86.8854, 84824
86.8865, 84824
86.8877, 84824
86.8889, 84824
86.8901, 84824
86.8914, 84824
86.8928, 84824
86.8941, 85040
86.8955, 85040
86.8971, 85040
86.8985, 85040
86.8998, 85040
86.901, 85040
86.9022, 85040
86.9034, 85040
86.9046, 85040
86.9057, 85040
86.9069, 85040
86.908, 85040
86.9093, 85040
86.9108, 85040
86.9124, 85040
86.9139, 85040
86.9153, 85040
86.9168, 85040
86.9182, 85040
86.9198, 85040
86.9212, 85040
86.9227, 85040
86.924, 85040
86.9255, 85040
86.9268, 85040
86.9282, 85040
86.9297, 85040
86.9312, 85040
86.9325, 85040
86.9338, 85040
86.935, 85040
86.9363, 85040
86.9375, 84824
86.9387, 84824
86.9399, 84824
86.9411, 84824
86.9425, 84824
86.944, 84824
86.9454, 84824
86.9469, 84824
86.9484, 84824
86.9498, 84824
86.9512, 84824
86.9526, 84824
86.9539, 85040
86.9553, 85040
86.9566, 85040
86.958, 85040
86.9594, 85040
86.9607, 85040
86.9621, 85040
86.9633, 85256
86.9646, 85256
86.9659, 85256
86.9673, 85256
86.9685, 85256
86.9699, 85256
86.9712, 85472
86.9726, 85472
86.9738, 85472
86.9752, 85472
86.9765, 85472
86.9777, 85472
86.979, 85472
86.9803, 85688
86.9815, 85688
86.9828, 85688
86.9842, 85688
86.9855, 85688
86.9867, 85688
86.988, 85688
86.9893, 85688
86.9906, 85688
86.9919, 85688
86.9932, 85688
86.9945, 85688
86.9958, 85688
86.9971, 85688
86.9984, 85688
86.9998, 85688
87.0012, 85688
87.0027, 85688
87.0041, 85688
87.0056, 85688
87.007, 85688
87.0084, 85688
87.0099, 85688
87.0114, 85688
87.0127, 85688
87.014, 85904
87.0153, 85904
87.0165, 85904
87.0178, 85904
87.0192, 85904
87.0205, 85904
87.0218, 85904
87.0231, 85904
87.0244, 85904
87.0256, 85904
87.0269, 85904
87.0282, 85904
87.0295, 85904
87.0308, 85688
87.0321, 85688
87.0336, 85688
87.035, 85688
87.0363, 85688
87.0377, 85688
87.0392, 85688
87.0406, 85688
87.042, 85688
87.0434, 85688
87.0447, 85688
87.046, 85688
87.0473, 85688
87.0485, 85688
87.0497, 85688
87.0509, 85688
87.0521, 85688
87.0533, 85688
87.0547, 85688
87.0561, 85688
87.0574, 85472
87.0586, 85472
87.0598, 85472
87.061, 85472
87.0622, 85472
87.0636, 85472
87.0649, 85472
87.0662, 85472
87.0675, 85472
87.0687, 85472
87.0699, 85472
87.071, 85472
87.0722, 85472
87.0733, 85472
87.0745, 85472
87.0757, 85472
87.077, 85472
87.0783, 85472
87.0798, 85472
87.0813, 85472
87.0828, 85256
87.0843, 85256
87.0858, 85256
87.0874, 85256
87.0889, 85256
87.0904, 85256
87.092, 85256
87.0934, 85256
87.0948, 85256
87.0962, 85256
87.0975, 85256
87.0987, 85256
87.1, 85256
87.1012, 85256
87.1024, 85256
87.1036, 85256
87.105, 85256
87.1063, 85256
87.1076, 85256
87.1089, 85256
87.1102, 85256
87.1115, 85256
87.1128, 85256
87.1142, 85256
87.1155, 85256
87.1169, 85256
87.1182, 85256
87.1193, 85256
87.1205, 85256
87.1218, 85256
87.1231, 85256
87.1245, 85256
87.1259, 85256
87.1275, 85256
87.1289, 85256
87.1304, 85256
87.1317, 85256
87.1331, 85256
87.1346, 85256
87.136, 85256
87.1375, 85256
87.1389, 85256
87.1402, 85256
87.1418, 85256
87.1433, 85256
87.1447, 85256
87.1462, 85256
87.1475, 85256
87.1487, 85256
87.1499, 85256
87.1512, 85256
87.1526, 85256
87.1544, 85256
87.1559, 85256
87.1572, 85256
87.1583, 85256
87.1595, 85256
87.1608, 85256
87.162, 85256
87.1634, 85256
87.1649, 85256
87.1664, 85256
87.1678, 85040
87.1692, 85040
87.1709, 85040
87.1722, 85040
87.1736, 85040
87.175, 85040
87.1764, 85256
87.1778, 85256
87.179, 85256
87.1804, 85256
87.1818, 85256
87.1832, 85256
87.1845, 85256
87.1859, 85256
87.1872, 85256
87.1885, 85256
87.1898, 85256
87.1912, 85256
87.1925, 85256
87.1937, 85256
87.195, 85256
87.1964, 85256
87.1977, 85256
87.1989, 85256
87.2001, 85256
87.2014, 85256
87.2027, 85256
87.2041, 85256
87.2054, 85256
87.2066, 85256
87.2079, 85256
87.2092, 85256
87.2105, 85472
87.212, 85472
87.2133, 85472
87.2147, 85472
87.216, 85472
87.2171, 85472
87.2183, 85472
87.2194, 85256
87.2208, 85256
87.2223, 85256
87.2239, 85256
87.2254, 85256
87.2269, 85256
87.2285, 85256
87.23, 85256
87.2313, 85256
87.233, 85256
87.2345, 85256
87.2361, 85256
87.2377, 85256
87.2392, 85256
87.241, 85256
87.2425, 85256
87.244, 85256
87.2454, 85256
87.2466, 85256
87.2481, 85256
87.2495, 85256
87.2509, 85256
87.2525, 85256
87.2542, 85256
87.2557, 85256
87.2571, 85256
87.2584, 85256
87.2597, 85256
87.2609, 85256
87.2623, 85256
87.2636, 85256
87.265, 85256
87.2665, 85256
87.2679, 85256
87.2693, 85256
87.2706, 85256
87.2718, 85256
87.2732, 85256
87.2746, 85256
87.276, 85256
87.2773, 85256
87.2786, 85256
87.2798, 85256
87.281, 85256
87.2826, 85256
87.2841, 85256
87.2857, 85256
87.2871, 85256
87.2885, 85256
87.2898, 85256
87.291, 85256
87.2923, 85256
87.2935, 85256
87.2947, 85256
87.2959, 85256
87.2972, 85256
87.2985, 85256
87.2999, 85256
87.3012, 85256
87.3025, 85256
87.3038, 85256
87.3052, 85256
87.3066, 85256
87.308, 85256
87.3098, 85256
87.3112, 85256
87.3128, 85256
87.3143, 85256
87.3159, 85256
87.3172, 85256
87.3185, 85256
87.32, 85256
87.3216, 85256
87.3232, 85256
87.3248, 85256
87.3263, 85256
87.3278, 85256
87.3291, 85256
87.3304, 85040
87.3318, 85040
87.3333, 85040
87.3349, 85040
87.3363, 85040
87.3377, 85040
87.3391, 85040
87.3404, 85040
87.3415, 85040
87.3427, 85040
87.3438, 85040
87.345, 85040
87.3462, 85040
87.3475, 84608
87.3487, 84608
87.3499, 84608
87.351, 84608
87.3523, 84608
87.3536, 84608
87.3549, 84608
87.3562, 84608
87.3573, 84608
87.3585, 84608
87.3596, 84608
87.3608, 84608
87.3622, 84608
87.3644, 84392
87.3659, 84392
87.3673, 84392
87.3687, 84392
87.37, 84392
87.3714, 84392
87.3727, 84608
87.3739, 84608
87.3753, 84608
87.3766, 84608
87.3779, 84608
87.3792, 84608
87.3803, 84608
87.3815, 84824
87.3826, 84824
87.3838, 84824
87.3849, 84824
87.3861, 84824
87.3873, 84824
87.3884, 84824
87.3896, 84824
87.3907, 84824
87.3919, 84824
87.3932, 84824
87.3946, 84824
87.396, 84824
87.3975, 84824
87.3988, 84824
87.4002, 84824
87.4015, 84824
87.4028, 84824
87.404, 84824
87.4052, 84824
87.4064, 84824
87.4075, 84824
87.4087, 84824
87.4098, 84824
87.411, 84824
87.4122, 84824
87.4133, 84824
87.4145, 84824
87.4156, 84824
87.4168, 84824
87.4179, 84824
87.4191, 84824
87.4203, 84824
87.4214, 84824
87.4226, 84824
87.4237, 84824
87.4249, 84824
87.426, 84824
87.4272, 84824
87.4284, 84824
87.4297, 84824
87.4313, 84824
87.4328, 84824
87.4342, 84824
87.4354, 84824
87.4365, 84824
87.4377, 84824
87.4388, 84824
87.44, 84824
87.4412, 85040
87.4423, 85040
87.4435, 85040
87.4446, 85040
87.4459, 85040
87.4474, 85040
87.4489, 84824
87.4502, 84824
87.4517, 84824
87.4531, 84824
87.4546, 84824
87.4559, 84824
87.4572, 84824
87.4586, 84824
87.4599, 84824
87.4612, 84824
87.4625, 84824
87.4639, 84824
87.4652, 84824
87.4665, 84608
87.4677, 84608
87.4689, 84608
87.47, 84608
87.4712, 84608
87.4723, 84608
87.4735, 84608
87.4748, 84176
87.4762, 84176
87.4776, 84176
87.479, 84176
87.4804, 84176
87.4818, 84176
87.483, 84176
87.4842, 84392
87.4853, 84392
87.4865, 84392
87.4876, 84392
87.4888, 84392
87.4899, 84392
87.4911, 84392
87.4923, 83960
87.4938, 83960
87.4954, 83960
87.4972, 83960
87.4986, 83960
87.5002, 84176
87.5016, 84176
87.5029, 84176
87.5042, 84176
87.5056, 84176
87.5068, 84176
87.5081, 84176
87.5094, 84176
87.5107, 84176
87.512, 84176
87.5133, 84176
87.5144, 84176
87.5156, 84176
87.5167, 84176
87.5179, 84176
87.519, 84176
87.5202, 84176
87.5213, 84176
87.5225, 84176
87.5236, 84176
87.5248, 84176
87.5262, 84392
87.5282, 84392
87.5301, 84392
87.532, 84392
87.5334, 84392
87.5347, 84176
87.536, 84176
87.5374, 84176
87.5389, 84176
87.5403, 84176
87.5417, 84176
87.543, 84176
87.5444, 84176
87.5457, 84176
87.5471, 84176
87.5486, 84176
87.55, 84176
87.5515, 84392
87.5529, 84392
87.5543, 84392
87.5556, 84392
87.5569, 84392
87.5582, 84392
87.5595, 84392
87.5608, 84392
87.5621, 84392
87.5634, 84392
87.5648, 84392
87.5662, 84392
87.5677, 84392
87.5691, 84608
87.5704, 84608
87.5717, 84608
87.5731, 84608
87.5744, 84608
87.5758, 84608
87.5772, 84608
87.5786, 84608
87.5801, 84608
87.5816, 84608
87.5829, 84608
87.5843, 84608
87.5856, 84608
87.5869, 84608
87.5882, 84608
87.5895, 84608
87.5908, 84608
87.592, 84608
87.5932, 84608
87.5944, 84608
87.5956, 84608
87.5968, 84608
87.5979, 84608
87.5991, 84608
87.6003, 84608
87.6014, 84608
87.6026, 84824
87.6037, 84824
87.6048, 84824
87.6059, 84824
87.6071, 84824
87.6084, 84824
87.6098, 84824
87.6112, 84824
87.6126, 84824
87.614, 84824
87.6153, 84824
87.6167, 84824
87.618, 84824
87.6193, 84824
87.6206, 84824
87.6219, 84824
87.6232, 84824
87.6245, 84824
87.6258, 84824
87.6271, 84824
87.6285, 85040
87.6297, 85040
87.6309, 85040
87.6322, 85040
87.6334, 85040
87.6346, 85040
87.6359, 85040
87.6372, 85040
87.6385, 85040
87.6399, 85040
87.6412, 85040
87.6425, 85040
87.6438, 85040
87.6451, 85256
87.6465, 85256
87.6478, 85256
87.6493, 85256
87.6505, 85256
87.6518, 85256
87.6531, 85256
87.6544, 85256
87.6557, 85256
87.657, 85256
87.6583, 85256
87.6596, 85256
87.661, 85256
87.6624, 85472
87.6637, 85472
87.6649, 85472
87.6662, 85472
87.6675, 85472
87.6688, 85472
87.6702, 85472
87.6714, 85256
87.6726, 85256
87.6737, 85256
87.6749, 85256
87.6762, 85256
87.6774, 85256
87.6788, 85256
87.6802, 85256
87.6816, 85256
87.6828, 85256
87.6842, 85256
87.6855, 85256
87.6868, 85256
87.6883, 85256
87.6899, 85256
87.6915, 85256
87.6929, 85256
87.6944, 85256
87.6958, 85256
87.6971, 85040
87.6983, 85040
87.6995, 85040
87.7008, 85040
87.7021, 85040
87.7034, 85040
87.7046, 85040
87.7059, 85040
87.7072, 85040
87.7084, 85040
87.7096, 85040
87.7108, 85040
87.712, 85040
87.7132, 85040
87.7143, 85040
87.7157, 85040
87.7174, 85040
87.7187, 85040
87.7201, 85040
87.7216, 85040
87.7229, 84824
87.7244, 84824
87.7258, 84824
87.727, 84824
87.7282, 84824
87.7296, 84824
87.7309, 84824
87.7323, 84824
87.7335, 84824
87.7347, 84824
87.736, 84824
87.7371, 84824
87.7383, 84824
87.7395, 84824
87.7407, 84824
87.7418, 84824
87.743, 84824
87.7441, 84824
87.7454, 84824
87.7467, 84824
87.748, 84824
87.7492, 84824
87.7505, 84824
87.7516, 84824
87.7528, 84824
87.754, 84824
87.7552, 84824
87.7577, 84824
87.7615, 84824
87.7628, 84824
87.7645, 84824
87.7661, 84608
87.7676, 84608
87.7689, 84608
87.7702, 84608
87.7718, 84608
87.7736, 84608
87.7763, 84608
87.7788, 84608
87.7804, 84608
87.7825, 84392
87.7844, 84392
87.7866, 84392
87.7881, 84392
87.7907, 84176
87.7932, 84176
87.7954, 84176
87.7967, 84176
87.7978, 84176
87.7993, 83960
87.8013, 83960
87.8046, 84176
87.815, 84176
87.826, 84176
87.8279, 84176
87.8301, 84176
87.8354, 84392
87.8379, 84392
87.8394, 84392
87.8427, 83960
87.8527, 84176
87.8673, 83960
87.8722, 83960
87.8779, 83744
87.8867, 83744
87.8911, 83744
87.8964, 83744
87.9089, 83744
87.9141, 83744
87.9182, 83744
87.9212, 83744
87.9235, 83744
87.9312, 83528
87.9351, 83528
87.9424, 83528
87.9445, 83744
87.9532, 83960
87.9614, 83960
87.9722, 83744
87.9738, 83744
87.9757, 83744
87.9773, 83744
87.9801, 83744
87.993, 83744
87.9967, 83744
88.0012, 83744
88.0026, 83744
88.0038, 83744
88.0051, 83744
88.0158, 83744
88.019, 83744
88.0233, 83528
88.0328, 83312
88.0349, 83312
88.0387, 83528
88.0517, 83312
88.0577, 83744
88.0605, 83744
88.0618, 83744
88.0646, 83528
88.0726, 83744
88.0774, 83744
88.0812, 83312
88.0844, 83312
88.0878, 83312
88.0915, 83312
88.0929, 83312
88.0941, 83312
88.0961, 83312
88.099, 83096
88.1048, 83096
88.108, 83312
88.1105, 83312
88.1213, 83312
88.1248, 83312
88.1282, 83312
88.1299, 83312
88.1316, 83096
88.1333, 83096
88.1355, 83096
88.1375, 83096
88.1438, 83312
88.1464, 83312
88.149, 83312
88.1559, 83312
88.1582, 83312
88.16, 83312
88.1612, 83312
88.1627, 83312
88.1643, 83312
88.1662, 83096
88.1682, 83096
88.1709, 83096
88.1728, 83096
88.1763, 83096
88.1785, 83096
88.1801, 83096
88.1818, 83096
88.1835, 83096
88.1851, 83096
88.1881, 83096
88.1945, 83312
88.1959, 83312
88.1972, 83312
88.1984, 83312
88.1997, 83312
88.201, 83312
88.2022, 83312
88.2034, 83312
88.2046, 83312
88.2057, 83312
88.2068, 83312
88.208, 83312
88.2091, 83096
88.2103, 83096
88.2114, 83096
88.2126, 83096
88.2137, 83096
88.2149, 83096
88.216, 83096
88.2171, 82880
88.2183, 82880
88.2194, 82880
88.2205, 82880
88.2217, 82880
88.223, 82880
88.2243, 82880
88.2274, 82880
88.2287, 82880
88.2299, 82880
88.231, 82880
88.2322, 82880
88.2333, 82880
88.2345, 83096
88.2356, 83096
88.2368, 83096
88.2379, 83096
88.2391, 83096
88.2403, 83096
88.2417, 83096
88.2435, 82880
88.2451, 82880
88.2466, 82880
88.2481, 82880
88.2494, 82880
88.2507, 82880
88.252, 83312
88.2533, 83312
88.255, 83312
88.2564, 83312
88.2576, 83312
88.2588, 83312
88.2599, 83312
88.2611, 83312
88.2622, 83312
88.2633, 83312
88.2645, 83312
88.2656, 83312
88.2668, 83312
88.268, 83312
88.2692, 83096
88.2704, 83096
88.2717, 83096
88.273, 83096
88.2743, 83096
88.2755, 83096
88.2768, 83312
88.2781, 83312
88.2794, 83312
88.2806, 83312
88.282, 83312
88.2833, 83312
88.2845, 83312
88.2858, 83312
88.287, 83312
88.2884, 83312
88.29, 83312
88.2942, 83312
88.2956, 83312
88.297, 83312
88.2983, 83312
88.2997, 83312
88.3014, 83312
88.3085, 83312
88.3101, 83312
88.3113, 83528
88.3126, 83528
88.3138, 83528
88.315, 83528
88.3163, 83528
88.3175, 83528
88.3188, 83528
88.32, 83096
88.3212, 83096
88.3223, 83096
88.3236, 83096
88.3279, 83096
88.3308, 83096
88.3331, 83096
88.3352, 83096
88.3369, 83096
88.3387, 83096
88.3406, 83096
88.3432, 83096
88.3531, 83096
88.3554, 83096
88.3573, 83096
88.3588, 83096
88.3606, 83096
88.3624, 83312
88.372, 83528
88.377, 83528
88.3787, 83528
88.3801, 83312
88.3814, 83312
88.3829, 83312
88.3843, 83312
88.3855, 83312
88.3868, 83312
88.388, 83528
88.3892, 83528
88.3904, 83528
88.3932, 83528
88.3976, 83744
88.4032, 83744
88.4074, 83528
88.4113, 83528
88.4189, 83528
88.4213, 83528
88.4314, 83312
88.4359, 83312
88.4402, 83528
88.4476, 83312
88.4505, 83096
88.4632, 83096
88.465, 83096
88.4663, 83096
88.4689, 83096
88.4702, 83096
88.4725, 83312
88.4779, 83312
88.4809, 83312
88.4825, 83312
88.4839, 83312
88.4929, 83528
88.4951, 83528
88.4978, 83528
88.5108, 83312
88.5193, 83096
88.5231, 83096
88.5252, 83096
88.529, 83096
88.5309, 83096
88.533, 83312
88.5407, 83096
88.5436, 83096
88.5498, 83096
88.5527, 83096
88.556, 83096
88.5705, 83312
88.5751, 83312
88.5802, 83312
88.5817, 83312
88.5832, 83312
88.598, 83528
88.6002, 83528
88.6017, 83744
88.6036, 83744
88.605, 83744
88.6064, 83744
88.6076, 83744
88.6088, 83744
88.6099, 83744
88.6111, 83744
88.6122, 83744
88.6134, 83744
88.6145, 83744
88.6156, 83744
88.6168, 83744
88.6179, 83744
88.619, 83528
88.6202, 83528
88.6213, 83528
88.6269, 83312
88.6303, 83312
88.6329, 83312
88.6414, 83312
88.6428, 83312
88.6441, 83528
88.6454, 83528
88.6484, 83528
88.6603, 83312
88.6659, 83312
88.6688, 83528
88.6706, 83528
88.6728, 83528
88.6798, 83528
88.6845, 83528
88.6942, 83312
88.6957, 83312
88.6975, 83312
88.7019, 83528
88.7109, 83096
88.7148, 83096
88.7209, 83312
88.7223, 83312
88.7316, 83312
88.7352, 83312
88.7393, 83528
88.7428, 83528
88.7471, 83312
88.756, 83312
88.7658, 83312
88.7737, 83312
88.7762, 83312
88.7779, 83312
88.7794, 83312
88.7864, 83312
88.7913, 83528
88.7934, 83528
88.7948, 83528
88.7966, 83528
88.8005, 83528
88.8118, 83312
88.8145, 83528
88.8169, 83528
88.823, 83312
88.8264, 83312
88.8307, 83096
88.8334, 83096
88.835, 83096
88.8386, 83096
88.8442, 83096
88.8488, 83312
88.8512, 83312
88.8547, 83312
88.8606, 83312
88.8637, 83312
88.8683, 83312
88.879, 83096
88.8845, 83096
88.8897, 83096
88.893, 83096
88.8943, 83096
88.8958, 83096
88.8973, 83096
88.8996, 83312
88.9053, 83312
88.9078, 83096
88.9135, 83096
88.9158, 83096
88.9179, 83312
88.9264, 83096
88.929, 83096
88.9305, 83096
88.932, 83096
88.9333, 83096
88.9346, 83096
88.9358, 83096
88.9371, 83096
88.9389, 83096
88.9409, 83096
88.9429, 83096
88.9452, 83096
88.9536, 82880
88.9569, 82880
88.9708, 83312
88.9736, 83312
88.9816, 83096
88.9837, 83096
88.9857, 83096
88.9883, 83096
88.9981, 83096
88.9997, 83096
89.004, 83312
89.0082, 83312
89.0096, 83312
89.0121, 83528
89.0135, 83528
89.0147, 83528
89.0158, 83528
89.017, 83528
89.0181, 83528
89.0193, 83528
89.0205, 83528
89.0217, 83528
89.0228, 83528
89.024, 83528
89.0252, 83528
89.0265, 83528
89.0277, 83312
89.029, 83312
89.0302, 83312
89.0313, 83312
89.0325, 83312
89.0336, 83312
89.0366, 83312
89.0381, 83312
89.0396, 83312
89.0427, 83312
89.0501, 83528
89.0514, 83528
89.0527, 83528
89.0539, 83744
89.0551, 83744
89.0564, 83744
89.0575, 83744
89.0587, 83744
89.0599, 83744
89.061, 83744
89.0622, 83312
89.0661, 83312
89.0675, 83312
89.0688, 83312
89.07, 83312
89.0711, 83744
89.0725, 83744
89.0737, 83744
89.0749, 83744
89.076, 83744
89.0771, 83744
89.0783, 83744
89.0794, 83528
89.0805, 83528
89.0817, 83528
89.0828, 83528
89.0839, 83528
89.0851, 83528
89.0862, 83528
89.0874, 83096
89.0885, 83096
89.0897, 83096
89.0908, 83096
89.092, 83096
89.0931, 83096
89.0942, 83096
89.0954, 83096
89.0965, 83096
89.0978, 83096
89.1014, 83096
89.1028, 83096
89.1041, 83096
89.1053, 83312
89.1066, 83312
89.1078, 83312
89.1091, 83312
89.1103, 83312
89.1115, 83312
89.1128, 83312
89.114, 83312
89.1153, 83312
89.1171, 83312
89.1185, 83312
89.1198, 83312
89.121, 83312
89.1223, 83312
89.1235, 83312
89.1283, 83312
89.1296, 83312
89.1309, 83528
89.1321, 83528
89.1334, 83528
89.1346, 83528
89.1359, 83528
89.1371, 83528
89.1383, 83528
89.1396, 83312
89.1408, 83312
89.1421, 83312
89.1438, 83312
89.1452, 83312
89.1465, 83312
89.1478, 83312
89.1491, 83312
89.1505, 83312
89.1517, 83312
89.1529, 83312
89.1541, 83312
89.1552, 83312
89.1563, 83312
89.1575, 83312
89.1586, 83312
89.1598, 83312
89.1609, 83312
89.1623, 83312
89.1636, 83312
89.1648, 83096
89.1661, 83096
89.1673, 83096
89.1686, 83096
89.1698, 83096
89.1722, 83096
89.1735, 83528
89.1747, 83528
89.176, 83528
89.1772, 83528
89.1785, 83528
89.1813, 83528
89.1826, 83528
89.1839, 83528
89.1852, 83528
89.1864, 83528
89.1876, 83528
89.1892, 83528
89.1907, 83096
89.1923, 83096
89.1936, 83096
89.1949, 83096
89.1963, 83096
89.1975, 83096
89.1987, 83528
89.2, 83528
89.2013, 83528
89.2025, 83528
89.2038, 83528
89.2051, 83528
89.2063, 83528
89.2089, 83744
89.2102, 83744
89.2115, 83744
89.2127, 83744
89.2139, 83744
89.2152, 83744
89.2165, 83960
89.2181, 83960
89.2218, 83960
89.2233, 83960
89.2293, 84176
89.2308, 84176
89.2321, 84176
89.2334, 84392
89.2347, 84392
89.2359, 84392
89.2371, 84392
89.2382, 84392
89.2394, 84392
89.2405, 84392
89.2417, 84392
89.2428, 84392
89.244, 84392
89.2452, 84392
89.2466, 84392
89.2478, 84392
89.249, 84392
89.2502, 84392
89.2513, 84392
89.2525, 84392
89.2536, 84392
89.2548, 84392
89.2561, 84392
89.2573, 84392
89.2585, 84392
89.2596, 84392
89.2608, 84392
89.2619, 84392
89.2631, 84392
89.2642, 84392
89.2653, 84392
89.2665, 84392
89.2677, 84392
89.2688, 84392
89.27, 84392
89.2712, 84392
89.2724, 84392
89.2736, 84392
89.2749, 84392
89.2762, 84392
89.2774, 84392
89.2787, 84392
89.28, 84392
89.2813, 84392
89.2826, 84392
89.2839, 84176
89.2852, 84176
89.2865, 84176
89.2878, 84176
89.2893, 84176
89.2907, 84176
89.292, 84176
89.2932, 84176
89.2944, 84176
89.2956, 84176
89.2968, 84176
89.2981, 84176
89.2994, 84176
89.3007, 84176
89.302, 84176
89.3033, 84176
89.3044, 84176
89.3056, 84176
89.3067, 84176
89.3079, 84176
89.3091, 84176
89.3102, 84392
89.3114, 84392
89.3127, 84392
89.3139, 84392
89.3152, 84392
89.3165, 84392
89.3177, 84392
89.3189, 84392
89.32, 84392
89.3212, 84392
89.3224, 84392
89.3236, 84392
89.3247, 84392
89.3259, 84392
89.3274, 84392
89.3288, 84392
89.3302, 84392
89.3316, 84392
89.3329, 84392
89.3343, 84392
89.3356, 84392
89.3369, 84392
89.3381, 84392
89.3392, 84392
89.3404, 84392
89.3417, 84392
89.3432, 84176
89.3447, 84176
89.346, 84176
89.3473, 84176
89.3488, 84176
89.3501, 84176
89.3514, 84176
89.3528, 84392
89.3542, 84392
89.3556, 84392
89.357, 84392
89.3584, 84392
89.3597, 84392
89.3612, 84176
89.3626, 84176
89.3638, 84176
89.3649, 84176
89.3661, 84176
89.3673, 84176
89.3687, 84176
89.3699, 84392
89.3712, 84392
89.3724, 84392
89.3736, 84392
89.3747, 84392
89.3759, 84392
89.3771, 84392
89.3782, 84392
89.3794, 84392
89.3805, 84392
89.3818, 84392
89.3832, 84392
89.3846, 84392
89.3861, 84392
89.3875, 84392
89.3889, 84392
89.3902, 84392
89.3916, 84392
89.3928, 84392
89.3939, 84392
89.3951, 84392
89.3963, 84392
89.3977, 84392
89.399, 84392
89.4004, 84392
89.4018, 84392
89.4032, 84392
89.4045, 84392
89.4058, 84392
89.4072, 84392
89.4084, 84392
89.4128, 84392
89.414, 84392
89.4153, 84392
89.4166, 84392
89.4178, 84392
89.4216, 84176
89.4229, 84176
89.4241, 84176
89.4254, 84176
89.4267, 84176
89.428, 84176
89.4292, 84176
89.4304, 84176
89.4316, 84176
89.4329, 84176
89.434, 84176
89.4352, 84176
89.4364, 84176
89.4377, 83960
89.439, 83960
89.4403, 83960
89.4416, 83960
89.4428, 83960
89.4441, 83960
89.4454, 83960
89.4467, 84176
89.4479, 84176
89.4492, 84176
89.4505, 84176
89.4518, 84176
89.4531, 84176
89.4543, 84392
89.4556, 84392
89.457, 84392
89.4584, 84392
89.4597, 84392
89.461, 84392
89.4622, 84392
89.4636, 84176
89.465, 84176
89.4664, 84176
89.4677, 84176
89.4691, 84176
89.4705, 84176
89.4719, 84392
89.4733, 84392
89.4747, 84392
89.4759, 84392
89.4771, 84392
89.4784, 84392
89.4796, 84392
89.4808, 84392
89.482, 84392
89.4832, 84392
89.4844, 84392
89.4856, 84392
89.487, 84392
89.4884, 84392
89.4898, 84392
89.4912, 84392
89.4926, 84392
89.4939, 84392
89.4952, 84392
89.4964, 84392
89.4976, 84392
89.4988, 84392
89.4999, 84392
89.5011, 84392
89.5022, 84392
89.5034, 84392
89.5046, 84392
89.5059, 84392
89.5072, 84392
89.5083, 84392
89.5095, 84392
89.5106, 84392
89.5118, 84392
89.513, 84392
89.5141, 84392
89.5154, 84392
89.5168, 84392
89.5181, 84392
89.5194, 84392
89.5208, 84392
89.5221, 84392
89.5234, 84392
89.5246, 84392
89.5258, 84392
89.5269, 84392
89.5281, 84392
89.5293, 84392
89.5304, 84392
89.5316, 84392
89.5328, 84392
89.5342, 84392
89.5355, 84392
89.5366, 84392
89.5378, 84392
89.539, 84392
89.5401, 84392
89.5413, 84392
89.5425, 84392
89.5437, 84392
89.5451, 84392
89.5465, 84392
89.548, 84392
89.5494, 84392
89.5508, 84392
89.5521, 84392
89.5534, 84392
89.5548, 84392
89.5561, 84392
89.5573, 84392
89.5585, 84392
89.5597, 84392
89.5608, 84392
89.562, 84392
89.5633, 84392
89.5647, 84392
89.566, 84392
89.5672, 84392
89.5684, 84392
89.5695, 84392
89.5707, 84392
89.5718, 84392
89.573, 84392
89.5742, 84392
89.5755, 84392
89.5772, 84392
89.5787, 84392
89.5801, 84392
89.5816, 84392
89.5829, 84392
89.5843, 84392
89.5857, 84392
89.587, 84392
89.5882, 84392
89.5894, 84392
89.5905, 84392
89.5917, 84176
89.5929, 84176
89.5941, 84176
89.5955, 84176
89.5967, 84176
89.5979, 84176
89.5991, 84176
89.6003, 84392
89.6016, 84392
89.6028, 84392
89.6039, 84392
89.6051, 84392
89.6063, 84392
89.6076, 84392
89.6088, 84392
89.6099, 84392
89.611, 84392
89.6122, 84392
89.6133, 84392
89.6144, 84392
89.6156, 84392
89.6168, 83960
89.618, 83960
89.6192, 83960
89.6204, 83960
89.6216, 83960
89.6229, 83960
89.6243, 83960
89.6255, 83960
89.6267, 83960
89.6278, 83960
89.629, 83960
89.6302, 83960
89.6317, 83960
89.6332, 83744
89.6348, 83744
89.6362, 83744
89.6377, 83744
89.6391, 83744
89.6405, 83744
89.6418, 83744
89.643, 83960
89.6443, 83960
89.6456, 83960
89.6469, 83960
89.6482, 83960
89.6494, 83960
89.6505, 83960
89.6516, 84176
89.6528, 84176
89.6539, 84176
89.6551, 84176
89.6562, 84176
89.6574, 84176
89.6585, 84176
89.6596, 83744
89.6608, 83744
89.662, 83744
89.6633, 83744
89.6648, 83744
89.6663, 83744
89.6678, 83744
89.6693, 83744
89.6707, 83744
89.672, 83744
89.6732, 83744
89.6744, 83744
89.6755, 83744
89.6767, 83960
89.6778, 83960
89.6789, 83960
89.6801, 83960
89.6812, 83960
89.6823, 83960
89.6835, 83960
89.6846, 83960
89.6857, 83528
89.6869, 83528
89.688, 83528
89.6892, 83528
89.6903, 83528
89.6915, 83528
89.6926, 83528
89.6937, 83312
89.6949, 83312
89.696, 83312
89.6972, 83312
89.6983, 83312
89.6997, 83312
89.7015, 83312
89.7034, 83312
89.7048, 83312
89.706, 83312
89.7071, 83312
89.7083, 83312
89.7094, 83312
89.7105, 83528
89.7117, 83528
89.7129, 83528
89.714, 83528
89.7152, 83528
89.7165, 83528
89.7179, 83528
89.7195, 83312
89.7211, 83312
89.7226, 83312
89.7239, 83312
89.7252, 83312
89.7264, 83312
89.7277, 83744
89.7289, 83744
89.7302, 83744
89.7315, 83744
89.7326, 83744
89.7338, 83744
89.7349, 83744
89.7361, 83744
89.7372, 83744
89.7383, 83744
89.7395, 83744
89.7406, 83744
89.7417, 83744
89.7429, 83744
89.744, 83744
89.7452, 83960
89.7466, 83960
89.7479, 83960
89.7492, 83960
89.7505, 83960
89.7518, 83960
89.753, 83744
89.7542, 83744
89.7553, 83744
89.7565, 83744
89.7576, 83744
89.7587, 83744
89.7599, 83744
89.761, 83744
89.7622, 83960
89.7636, 83960
89.7651, 83960
89.7665, 83960
89.7678, 83960
89.7691, 83960
89.7705, 83744
89.7719, 83744
89.7732, 83744
89.7746, 83744
89.7759, 83744
89.7772, 83744
89.7785, 83960
89.7797, 83960
89.781, 83960
89.7822, 83960
89.7835, 83960
89.7847, 83960
89.786, 83960
89.7874, 83960
89.7887, 83960
89.7899, 83960
89.7913, 83960
89.7928, 83960
89.7941, 83960
89.7956, 83960
89.797, 83960
89.7985, 83960
89.8003, 83960
89.8017, 83960
89.8031, 83960
89.8044, 83960
89.8058, 83960
89.8072, 83960
89.8085, 83960
89.8098, 83960
89.8111, 83960
89.8125, 83960
89.8138, 83960
89.815, 83960
89.8163, 83960
89.8175, 83960
89.8187, 83960
89.8198, 83960
89.821, 83960
89.8222, 84176
89.8234, 84176
89.8246, 84176
89.8257, 84176
89.8269, 84176
89.828, 84176
89.8292, 84176
89.8304, 84392
89.8317, 84392
89.8332, 84392
89.8346, 84392
89.836, 84392
89.8375, 84392
89.8388, 84392
89.84, 84392
89.8412, 84392
89.8425, 84392
89.8438, 84392
89.8449, 84392
89.846, 84392
89.8472, 84176
89.8485, 84176
89.8497, 84176
89.851, 84176
89.8523, 84176
89.8535, 84176
89.8547, 84176
89.856, 84176
89.8572, 84176
89.8583, 84176
89.8595, 84176
89.8608, 84176
89.8621, 84176
89.8634, 84176
89.8646, 84392
89.8657, 84392
89.8669, 84392
89.868, 84392
89.8692, 84392
89.8703, 84392
89.8715, 84392
89.8728, 84392
89.874, 84392
89.8755, 84392
89.8768, 84392
89.8782, 84392
89.8794, 84392
89.8806, 84392
89.8817, 84392
89.8829, 84392
89.884, 84392
89.8852, 84392
89.8863, 84392
89.8875, 84392
89.8887, 84392
89.8899, 84392
89.8912, 84392
89.8924, 84392
89.8936, 84392
89.8948, 84392
89.8962, 84392
89.8975, 84392
89.8987, 84392
89.8999, 84392
89.9013, 84392
89.9025, 84392
89.9037, 84392
89.9048, 84392
89.906, 84392
89.9073, 84392
89.9086, 84392
89.9101, 84392
89.9115, 84392
89.9128, 84392
89.9139, 84392
89.9152, 84176
89.9165, 84176
89.9177, 84176
89.919, 84176
89.9202, 84176
89.9214, 84176
89.9228, 84176
89.9241, 84392
89.9254, 84392
89.9266, 84392
89.9279, 84392
89.9291, 84392
89.9304, 84392
89.9317, 84392
89.9331, 84176
89.9344, 84176
89.9358, 84176
89.9372, 84176
89.9385, 84176
89.9399, 84176
89.9413, 84392
89.9426, 84392
89.9438, 84392
89.9449, 84392
89.9464, 84392
89.9477, 84392
89.9489, 84392
89.9502, 84392
89.9514, 84392
89.9526, 84392
89.9539, 84392
89.9555, 84392
89.9567, 84392
89.958, 84392
89.9593, 84392
89.9606, 84392
89.9619, 84392
89.9632, 84392
89.9646, 84392
89.9659, 84392
89.9671, 84176
89.9683, 84176
89.9697, 84176
89.971, 84176
89.9724, 84176
89.9738, 84176
89.9757, 84176
89.9771, 84176
89.9784, 84176
89.9797, 84176
89.9809, 84176
89.9823, 84176
89.9838, 84176
89.9851, 84176
89.9864, 84176
89.9878, 84176
89.9891, 84176
89.9903, 84176
89.9917, 84176
89.9931, 84176
89.9945, 84176
89.9959, 84176
89.9972, 84176
89.9986, 84176
89.9998, 84176
90.0009, 84176
90.0032, 84176
90.0045, 84176
90.006, 84176
90.0074, 84176
90.0086, 84176
90.01, 83960
90.0114, 83960
90.0126, 83960
90.0138, 83960
90.0149, 83960
90.0161, 83960
90.0174, 83960
90.0187, 83960
90.0201, 83960
90.0213, 83960
90.0226, 83960
90.0239, 83960
90.025, 83960
90.0262, 83960
90.0274, 83960
90.0286, 83960
90.0297, 83960
90.0309, 83960
90.0321, 83960
90.0334, 83960
90.035, 83960
90.0364, 83960
90.0376, 83960
90.0387, 83960
90.0398, 83960
90.041, 83960
90.0423, 83960
90.0439, 83960
90.0452, 83960
90.0466, 83960
90.0479, 83960
90.0494, 83960
90.0507, 83960
90.0519, 83960
90.0532, 83960
90.0545, 83960
90.0559, 83960
90.0573, 83960
90.0586, 83960
90.0599, 83960
90.0613, 83960
90.0627, 83960
90.064, 83960
90.0654, 83960
90.0667, 83960
90.0679, 83960
90.0692, 83960
90.0704, 83960
90.0716, 83960
90.0727, 83960
90.0739, 83960
90.075, 83960
90.0762, 83960
90.0774, 83960
90.0787, 83960
90.08, 83960
90.0813, 83960
90.0825, 83960
90.084, 83960
90.0853, 83960
90.0866, 83960
90.0879, 83960
90.0892, 83960
90.0906, 83960
90.092, 83960
90.0936, 83960
90.0949, 84176
90.0963, 84176
90.0978, 84176
90.0994, 84176
90.1009, 84176
90.1021, 84176
90.1035, 83960
90.1049, 83960
90.1064, 83960
90.108, 83960
90.1095, 83960
90.111, 83960
90.1125, 83960
90.1141, 83960
90.1156, 83960
90.1169, 83960
90.1181, 83960
90.1193, 83960
90.1204, 83960
90.1216, 83960
90.1228, 83960
90.1239, 83960
90.1253, 83960
90.1266, 83960
90.1278, 83960
90.1293, 83960
90.1305, 83960
90.1317, 83960
90.1329, 83960
90.1341, 83960
90.1354, 83960
90.1368, 83744
90.1385, 83744
90.1399, 83744
90.1413, 83744
90.1426, 83744
90.144, 83744
90.1455, 83960
90.147, 83960
90.1484, 83960
90.1498, 83960
90.1514, 83960
90.153, 83960
90.1545, 83744
90.156, 83744
90.1576, 83744
90.1592, 83744
90.1606, 83744
90.162, 83744
90.1633, 83744
90.1645, 83744
90.1657, 83744
90.1672, 83744
90.1686, 83744
90.1701, 83744
90.1717, 83744
90.173, 83744
90.1742, 83744
90.1754, 83744
90.1766, 83744
90.1778, 83744
90.1789, 83744
90.1801, 83744
90.1813, 83744
90.1824, 83744
90.1836, 83744
90.1849, 83744
90.1861, 83744
90.1873, 83744
90.1885, 83744
90.1896, 83744
90.1908, 83744
90.192, 83744
90.1931, 83744
90.1943, 83744
90.1957, 83744
90.1971, 83960
90.1985, 83960
90.2, 83960
90.2014, 83960
90.2026, 83960
90.2039, 83960
90.2052, 84176
90.2064, 84176
90.2076, 84176
90.2087, 84176
90.2099, 84176
90.2111, 84176
90.2123, 84176
90.2135, 84176
90.2147, 84176
90.216, 84176
90.2172, 84176
90.2185, 84176
90.2198, 84176
90.2211, 84176
90.2224, 84176
90.2236, 84176
90.2248, 84176
90.2261, 84176
90.2274, 84176
90.2289, 84176
90.2303, 84176
90.2316, 83960
90.2329, 83960
90.2342, 83960
90.2354, 83960
90.2368, 83960
90.2381, 83960
90.2393, 83960
90.2405, 83744
90.2417, 83744
90.2431, 83744
90.2446, 83744
90.2459, 83744
90.2471, 83744
90.2483, 83744
90.2494, 83744
90.2506, 83744
90.2519, 83744
90.2532, 83744
90.2545, 83744
90.2558, 83744
90.2572, 83744
90.2585, 83744
90.2598, 83744
90.261, 83744
90.2623, 83744
90.2636, 83744
90.2649, 83960
90.2662, 83960
90.2674, 83960
90.2685, 83960
90.2697, 83960
90.2708, 83960
90.272, 83960
90.2731, 83960
90.2743, 83528
90.2754, 83528
90.2766, 83528
90.2777, 83528
90.2789, 83528
90.2802, 83528
90.2814, 83528
90.2827, 83528
90.2839, 83528
90.2851, 83528
90.2864, 83528
90.2877, 83528
90.289, 83528
90.2903, 83528
90.2916, 83744
90.2932, 83744
90.2945, 83744
90.2958, 83744
90.297, 83744
90.2981, 83744
90.2993, 83960
90.3004, 83960
90.3016, 83960
90.3027, 83960
90.3039, 83960
90.305, 83960
90.3061, 83960
90.3073, 83960
90.3084, 83528
90.3095, 83528
90.3107, 83528
90.3118, 83528
90.3129, 83528
90.3141, 83528
90.3152, 83528
90.3165, 83312
90.3181, 83312
90.3199, 83312
90.3212, 83312
90.3224, 83312
90.3237, 83312
90.3249, 83528
90.3262, 83528
90.3274, 83528
90.3286, 83528
90.3298, 83528
90.3309, 83528
90.3321, 83528
90.3334, 83528
90.3391, 83528
90.3405, 83528
90.3417, 83960
90.343, 83960
90.3443, 83960
90.3455, 83960
90.3468, 83960
90.3481, 83960
90.3493, 83960
90.3506, 84176
90.3518, 84176
90.3531, 84176
90.3543, 84176
90.3554, 84176
90.3565, 84176
90.3577, 84176
90.3588, 84176
90.3601, 84176
90.3615, 84176
90.3629, 84176
90.364, 84176
90.3651, 84176
90.3662, 84176
90.3673, 84392
90.3685, 84392
90.3696, 84392
90.3707, 84392
90.3719, 84392
90.373, 84392
90.3741, 84392
90.3752, 84392
90.3763, 84392
90.3774, 84392
90.3786, 84392
90.3797, 84392
90.3808, 84392
90.382, 84392
90.3831, 84392
90.3843, 84392
90.3854, 84176
90.3865, 84176
90.3876, 84176
90.3887, 84176
90.3898, 84176
90.3909, 84176
90.392, 84176
90.3931, 84176
90.3942, 84176
90.3953, 84176
90.3965, 84176
90.3976, 84176
90.3987, 84176
90.3999, 84176
90.401, 84176
90.4021, 84176
90.4033, 84176
90.4045, 84176
90.4056, 84176
90.4068, 84176
90.4079, 84176
90.4091, 84176
90.4102, 83960
90.4113, 83960
90.4124, 83960
90.4136, 83960
90.4147, 83960
90.4158, 83960
90.4169, 83960
90.418, 83960
90.4191, 83960
90.4202, 83960
90.4213, 83960
90.4224, 83960
90.4235, 83960
90.4246, 83960
90.4257, 83960
90.4268, 83960
90.428, 83960
90.4291, 83960
90.4302, 83960
90.4313, 83960
90.4324, 83960
90.4335, 83960
90.4346, 83960
90.4357, 84176
90.4368, 84176
90.4379, 84176
90.439, 84176
90.4401, 84176
90.4412, 84176
90.4423, 84176
90.4434, 84176
90.4445, 84176
90.4457, 84176
90.4468, 84176
90.4479, 84176
90.449, 84176
90.4501, 84176
90.4512, 84176
90.4524, 84176
90.4535, 84176
90.4546, 84176
90.4557, 84176
90.4568, 84176
90.4579, 84176
90.459, 84176
90.4601, 84176
90.4612, 84176
90.4623, 84176
90.4634, 84176
90.4645, 84176
90.4656, 84176
90.4667, 84176
90.4678, 84176
90.4689, 84176
90.47, 84176
90.4711, 84176
90.4722, 84176
90.4734, 84176
90.4745, 84176
90.4756, 84176
90.4767, 84176
90.4778, 84176
90.4789, 84392
90.48, 84392
90.4812, 84392
90.4823, 84392
90.4834, 84392
90.4845, 84392
90.4856, 84392
90.4867, 84392
90.4878, 84392
90.4889, 84392
90.49, 84392
90.4911, 84392
90.4923, 84392
90.4934, 84392
90.4945, 84392
90.4956, 84392
90.4967, 84392
90.4978, 84392
90.499, 84392
90.5001, 84392
90.5012, 84392
90.5023, 84392
90.5034, 84392
90.5045, 84392
90.5056, 84392
90.5068, 84392
90.5079, 84392
90.509, 84392
90.5101, 84392
90.5112, 84392
90.5123, 84392
90.5134, 84608
90.5145, 84608
90.5157, 84608
90.5168, 84608
90.5179, 84608
90.5191, 84608
90.5202, 84608
90.5213, 84608
90.5224, 84608
90.5235, 84608
90.5246, 84608
90.5257, 84608
90.5269, 84608
90.528, 84608
90.5291, 84608
90.5302, 84608
90.5313, 84608
90.5324, 84608
90.5335, 84608
90.5346, 84608
90.5357, 84608
90.5368, 84608
90.5379, 84608
90.5391, 84608
90.5402, 84608
90.5413, 84608
90.5424, 84608
90.5435, 84608
90.5446, 84608
90.5457, 84608
90.5468, 84608
90.5479, 84608
90.549, 84608
90.5501, 84608
90.5512, 84608
90.5523, 84608
90.5534, 84608
90.5545, 84608
90.5556, 84608
90.5567, 84608
90.5578, 84608
90.5589, 84608
90.56, 84608
90.5611, 84608
90.5622, 84608
90.5633, 84608
90.5644, 84608
90.5655, 84608
90.5666, 84608
90.5678, 84608
90.5689, 84608
90.57, 84608
90.5711, 84608
90.5722, 84608
90.5733, 84608
90.5744, 84608
90.5755, 84608
90.5767, 84608
90.5779, 84608
90.5796, 84608
90.5815, 84608
90.5835, 84608
90.5852, 84608
90.5866, 84608
90.5879, 84608
90.5893, 84824
90.5913, 84824
90.5927, 84824
90.6015, 84608
90.6029, 84608
90.6043, 84608
90.6065, 84824
90.6078, 84824
90.6101, 84824
90.6181, 84824
90.6195, 84824
90.6207, 84824
90.622, 84824
90.6232, 84824
90.6244, 84824
90.6256, 84824
90.6267, 84824
90.6279, 84824
90.629, 84824
90.6303, 84824
90.6316, 84824
90.6329, 84824
90.6343, 84824
90.6356, 84824
90.6368, 84824
90.6381, 84824
90.6395, 84824
90.6408, 84824
90.6422, 84824
90.6434, 84824
90.6446, 84824
90.6458, 84824
90.6474, 84824
90.6489, 84824
90.6502, 84824
90.6515, 84824
90.6528, 84824
90.6542, 84824
90.6556, 84824
90.657, 84824
90.6582, 84824
90.6595, 84824
90.6608, 84824
90.662, 84824
90.6634, 84824
90.6646, 84824
90.6658, 84824
90.6672, 85040
90.6685, 85040
90.6698, 85040
90.6711, 85040
90.6725, 85040
90.6738, 85040
90.6752, 84824
90.6765, 84824
90.6778, 84824
90.679, 84824
90.6803, 84824
90.6817, 84824
90.6829, 84824
90.6841, 85040
90.6854, 85040
90.6867, 85040
90.688, 85040
90.6893, 85040
90.6906, 85040
90.692, 84824
90.6933, 84824
90.6946, 84824
90.6959, 84824
90.6972, 84824
90.6985, 84824
90.6998, 84824
90.701, 85040
90.7021, 85040
90.7034, 85040
90.7049, 85040
90.7062, 85040
90.7077, 85040
90.709, 84824
90.7104, 84824
90.7119, 84824
90.7132, 84824
90.7145, 84824
90.7159, 84824
90.7172, 84824
90.7186, 84824
90.7199, 84824
90.7214, 84824
90.7227, 84824
90.7241, 84824
90.7254, 84824
90.7267, 84824
90.7279, 84824
90.7291, 84824
90.7303, 84824
90.7317, 84824
90.733, 84824
90.7343, 84824
90.7355, 84824
90.7368, 84824
90.738, 84824
90.7392, 84824
90.7404, 84824
90.7416, 84824
90.7428, 84824
90.744, 84824
90.7452, 84824
90.7465, 84824
90.7477, 84824
90.749, 84824
90.7501, 84824
90.7513, 84824
90.7526, 84824
90.7538, 84824
90.755, 84824
90.7561, 84824
90.7574, 84824
90.7587, 84824
90.76, 84824
90.7613, 84824
90.7627, 84824
90.764, 84824
90.7652, 84824
90.7664, 84824
90.7677, 84824
90.7689, 84824
90.7701, 84824
90.7714, 84824
90.7726, 84824
90.7738, 84824
90.7751, 84824
90.7765, 84824
90.7779, 84824
90.7792, 84824
90.7805, 84824
90.7817, 84824
90.7829, 84824
90.7841, 84824
90.7852, 84824
90.7864, 84824
90.7876, 84824
90.7889, 84824
90.7901, 84824
90.7914, 84824
90.7926, 84824
90.7938, 84824
90.795, 84824
90.802, 84824
90.8034, 84824
90.8047, 84824
90.806, 84824
90.8073, 84824
90.8086, 84824
90.8099, 84824
90.8112, 84392
90.8125, 84392
90.8137, 84392
90.8149, 84392
90.8161, 84392
90.8173, 84392
90.8185, 84392
90.8196, 84176
90.8207, 84176
90.8219, 84176
90.823, 84176
90.8242, 84176
90.8254, 84176
90.8267, 84176
90.8279, 84176
90.8291, 84176
90.8302, 84176
90.8315, 84176
90.8327, 84176
90.8339, 84176
90.8351, 84176
90.8364, 84176
90.8377, 84392
90.8389, 84392
90.8402, 84392
90.8414, 84392
90.8426, 84392
90.8437, 84392
90.8449, 84392
90.846, 84392
90.8471, 84392
90.8483, 84392
90.8494, 84392
90.8505, 84392
90.8517, 84392
90.8528, 84392
90.854, 83960
90.8553, 83960
90.8566, 83960
90.8581, 83960
90.8594, 83960
90.8609, 83960
90.8622, 84176
90.8636, 84176
90.865, 84176
90.8662, 84176
90.8674, 84176
90.8686, 84176
90.8697, 84176
90.8708, 84176
90.872, 84176
90.8731, 84176
90.8743, 84176
90.8754, 84176
90.8766, 84176
90.8777, 84176
90.8789, 84176
90.88, 83744
90.8812, 83744
90.8823, 83744
90.8835, 83744
90.8846, 83744
90.8857, 83744
90.8869, 83744
90.888, 83528
90.8892, 83528
90.8903, 83528
90.8915, 83528
90.8928, 83528
90.8941, 83528
90.8955, 83528
90.8968, 83744
90.8981, 83744
90.8993, 83744
90.9004, 83744
90.9015, 83744
90.9027, 83744
90.9038, 83744
90.905, 83744
90.9061, 83744
90.9073, 83744
90.9084, 83744
90.9096, 83744
90.911, 83744
90.9121, 83744
90.9133, 83744
90.9145, 83744
90.9157, 83744
90.9168, 83744
90.918, 83744
90.9192, 83744
90.9203, 83744
90.9216, 83744
90.9228, 84176
90.9241, 84176
90.9254, 84176
90.9267, 84176
90.9279, 84176
90.9292, 84176
90.9303, 84176
90.9315, 84176
90.9326, 84176
90.9338, 84176
90.9349, 84176
90.9361, 84176
90.9372, 84176
90.9385, 84176
90.9398, 83744
90.9412, 83744
90.9425, 83744
90.9438, 83744
90.945, 83744
90.9461, 83744
90.9473, 83744
90.9484, 83960
90.9495, 83960
90.9507, 83960
90.9518, 83960
90.953, 83960
90.9542, 83960
90.9554, 83960
90.9568, 83744
90.9582, 83744
90.9596, 83744
90.9611, 83744
90.9625, 83744
90.964, 83744
90.9654, 84176
90.9666, 84176
90.9679, 84176
90.9693, 84176
90.9706, 84176
90.972, 84176
90.9733, 84176
90.9744, 84176
90.9756, 84176
90.9767, 84176
90.9779, 84176
90.979, 84176
90.9802, 84176
90.9813, 84176
90.9824, 83960
90.9836, 83960
90.9847, 83960
90.986, 83960
90.9875, 83960
90.9889, 83960
90.9905, 83960
90.9919, 83960
90.9933, 83960
90.9947, 83960
90.9961, 83960
90.9974, 83960
90.9986, 83960
90.9999, 84392
91.0011, 84392
91.0024, 84392
91.0037, 84392
91.005, 84392
91.0063, 84392
91.0076, 84608
91.0088, 84608
91.01, 84608
91.0111, 84608
91.0123, 84608
91.0134, 84608
91.0146, 84608
91.0158, 84608
91.017, 84608
91.0181, 84608
91.0193, 84608
91.0205, 84608
91.0216, 84608
91.0228, 84608
91.0239, 84608
91.0251, 84824
91.0263, 84824
91.0274, 84824
91.0286, 84824
91.0298, 84824
91.031, 84824
91.0321, 84824
91.0333, 84824
91.0345, 84824
91.0358, 84824
91.0369, 84824
91.0381, 84824
91.0392, 84824
91.0404, 84824
91.0416, 84824
91.0427, 84824
91.0439, 84824
91.0451, 84824
91.0464, 84824
91.0477, 84824
91.0489, 84824
91.0502, 84824
91.0514, 84824
91.0526, 84824
91.0538, 84824
91.055, 84824
91.0562, 84824
91.0575, 84824
91.0588, 84824
91.0601, 84824
91.0615, 84824
91.0628, 84824
91.064, 84824
91.0652, 84824
91.0663, 84824
91.0675, 84824
91.0686, 84824
91.0699, 84824
91.0712, 84824
91.0724, 84824
91.0738, 84824
91.0751, 84824
91.0763, 84824
91.0775, 84824
91.0787, 84824
91.0799, 84824
91.0811, 84824
91.0823, 84824
91.0835, 84824
91.0847, 84824
91.0859, 84824
91.0871, 84824
91.0883, 84824
91.0895, 84824
91.0907, 84824
91.0922, 84824
91.0935, 84824
91.0948, 84824
91.0962, 84824
91.0976, 84824
91.0987, 84824
91.0999, 84824
91.1012, 84824
91.1023, 84824
91.1035, 84824
91.1047, 84824
91.1059, 84824
91.1071, 84824
91.1083, 84824
91.1095, 84824
91.1108, 84824
91.112, 84824
91.1132, 84824
91.1144, 84824
91.1156, 84824
91.1168, 84824
91.118, 84824
91.1193, 84824
91.1204, 84824
91.1216, 84824
91.1229, 84824
91.1242, 84824
91.1255, 84824
91.1268, 84824
91.1282, 84824
91.1295, 84824
91.1308, 84824
91.132, 84824
91.1332, 84824
91.1343, 84824
91.1355, 84824
91.1367, 84824
91.1378, 84824
91.1391, 84824
91.1404, 84824
91.1416, 84824
91.1427, 84824
91.1439, 84824
91.145, 84824
91.1462, 84824
91.1474, 84824
91.1486, 84824
91.1498, 84824
91.151, 84824
91.1522, 84824
91.1533, 84824
91.1545, 84824
91.1558, 84824
91.157, 84824
91.1581, 84824
91.1594, 84824
91.1606, 84824
91.1617, 84824
91.1629, 84824
91.1641, 84824
91.1654, 84824
91.1666, 84824
91.1679, 84824
91.1692, 84824
91.1705, 84824
91.1719, 84824
91.1733, 84824
91.1746, 84824
91.176, 84824
91.1774, 84824
91.1787, 84824
91.18, 84824
91.1812, 84824
91.1824, 84824
91.1837, 84824
91.1849, 84824
91.1861, 84824
91.1872, 85040
91.1884, 85040
91.1896, 85040
91.1908, 85040
91.192, 85040
91.1932, 85040
91.1943, 85040
91.1955, 84824
91.1967, 84824
91.1979, 84824
91.1991, 84824
91.2003, 84824
91.2015, 84824
91.2026, 84824
91.2038, 84824
91.2049, 84824
91.2085, 84824
91.2141, 84824
91.2156, 84824
91.2169, 84824
91.2183, 84824
91.2197, 84824
91.2212, 84608
91.2226, 84608
91.2238, 84608
91.225, 84608
91.2263, 84608
91.2274, 84608
91.2286, 84608
91.2297, 84608
91.2309, 84608
91.2322, 84608
91.2335, 84608
91.2347, 84608
91.2359, 84608
91.2371, 84608
91.2384, 84608
91.24, 84608
91.2414, 84608
91.2431, 84608
91.2447, 84608
91.2462, 84824
91.2476, 84824
91.2493, 84824
91.2508, 84824
91.2522, 84824
91.2536, 84824
91.255, 84608
91.2564, 84608
91.2578, 84608
91.2592, 84608
91.2604, 84608
91.2616, 84608
91.263, 84608
91.2644, 84824
91.2657, 84824
91.2669, 84824
91.2682, 84824
91.2695, 84824
91.2709, 84824
91.2723, 85040
91.2737, 85040
91.2754, 85040
91.2768, 85040
91.2781, 85040
91.2798, 85040
91.2813, 85040
91.2829, 85040
91.2845, 85040
91.2861, 85040
91.2875, 85040
91.2888, 84824
91.2902, 84824
91.2918, 84824
91.2932, 84824
91.2947, 84824
91.2961, 84824
91.2975, 85040
91.2989, 85040
91.3003, 85040
91.3017, 85040
91.303, 85040
91.3043, 85040
91.3055, 85040
91.3067, 84824
91.3079, 84824
91.3092, 84824
91.3103, 84824
91.3115, 84824
91.3128, 84824
91.3142, 84824
91.3155, 85040
91.3168, 85040
91.3182, 85040
91.3194, 85040
91.3206, 85040
91.3218, 85040
91.323, 85040
91.3242, 85040
91.3254, 85040
91.3266, 85040
91.3278, 85040
91.329, 85040
91.3303, 85040
91.3316, 85040
91.333, 85040
91.3342, 85040
91.3355, 85040
91.3367, 85040
91.3379, 85040
91.3392, 85040
91.3406, 85040
91.3421, 85040
91.3438, 85040
91.3455, 85040
91.3469, 85040
91.3484, 85040
91.3496, 85040
91.3508, 85040
91.352, 85040
91.3531, 85040
91.3544, 85040
91.3557, 85040
91.3569, 85040
91.3581, 85040
91.3594, 85040
91.3606, 85040
91.3618, 85040
91.363, 85040
91.3643, 85040
91.3656, 85040
91.3668, 85040
91.368, 85040
91.3694, 85040
91.3711, 85040
91.3726, 85040
91.374, 85040
91.3757, 85040
91.3771, 85040
91.3785, 85040
91.3797, 85040
91.3811, 85040
91.3825, 85040
91.3839, 85040
91.3853, 85040
91.3866, 85040
91.3878, 85040
91.389, 85040
91.3902, 85040
91.3916, 85040
91.3929, 85040
91.3942, 85040
91.3955, 85040
91.3971, 85040
91.3987, 85040
91.4004, 85040
91.4017, 85040
91.4029, 85040
91.404, 85040
91.4052, 85040
91.4064, 85040
91.4077, 85040
91.4088, 84608
91.41, 84608
91.4112, 84608
91.4124, 84608
91.4137, 84608
91.4149, 84608
91.4161, 84608
91.4172, 84392
91.4183, 84392
91.4195, 84392
91.4207, 84392
91.4221, 84392
91.4234, 84392
91.4248, 84392
91.4262, 84392
91.4277, 84392
91.4296, 84392
91.431, 84392
91.4323, 84392
91.4336, 84392
91.435, 84608
91.4365, 84608
91.4379, 84608
91.4392, 84608
91.4404, 84608
91.4415, 84608
91.4427, 84392
91.4438, 84392
91.445, 84392
91.4461, 84392
91.4473, 84392
91.4484, 84392
91.4496, 84392
91.4507, 84392
91.4519, 84176
91.4532, 84176
91.4545, 84176
91.456, 84176
91.4573, 84176
91.4587, 84176
91.46, 84608
91.4614, 84608
91.4627, 84608
91.4639, 84608
91.4651, 84608
91.4662, 84608
91.4674, 84608
91.4685, 84608
91.4696, 84608
91.4708, 84608
91.4719, 84608
91.4731, 84608
91.4742, 84608
91.4753, 84608
91.4765, 84608
91.4776, 84392
91.4788, 84392
91.4799, 84392
91.4811, 84392
91.4822, 84392
91.4834, 84392
91.4845, 84392
91.4856, 84176
91.4868, 84176
91.4879, 84176
91.4891, 84176
91.4903, 84176
91.4917, 84176
91.493, 84176
91.4944, 84176
91.4958, 84176
91.4971, 84176
91.4983, 84176
91.4994, 84176
91.5006, 84176
91.5017, 84176
91.5029, 84392
91.504, 84392
91.5052, 84392
91.5063, 84392
91.5075, 84392
91.5087, 84392
91.5105, 84392
91.512, 84392
91.5134, 84392
91.5147, 84392
91.5161, 84392
91.5174, 84392
91.5187, 84392
91.52, 84824
91.5212, 84824
91.5225, 84824
91.5239, 84824
91.525, 84824
91.5261, 84824
91.5273, 84824
91.5286, 85040
91.5299, 85040
91.5313, 85040
91.5325, 85040
91.5337, 85040
91.535, 85040
91.5363, 85040
91.5376, 84608
91.5388, 84608
91.5402, 84608
91.5416, 84608
91.5429, 84608
91.5443, 84608
91.5454, 84608
91.5466, 84608
91.5477, 84608
91.5489, 84608
91.55, 84608
91.5512, 84608
91.5523, 84608
91.5534, 84608
91.5546, 84392
91.5558, 84392
91.5573, 84392
91.5587, 84392
91.5601, 84392
91.5614, 84392
91.5629, 84608
91.5645, 84608
91.5659, 84608
91.5673, 84608
91.5687, 84608
91.57, 84608
91.5714, 84824
91.5727, 84824
91.5738, 84824
91.575, 84824
91.5761, 84824
91.5772, 84824
91.5784, 84824
91.5795, 84608
91.5807, 84608
91.5818, 84608
91.583, 84608
91.5842, 84608
91.5858, 84608
91.5876, 84392
91.5891, 84392
91.5905, 84392
91.5919, 84392
91.5933, 84392
91.5946, 84392
91.5959, 84392
91.5971, 84176
91.5984, 84176
91.5997, 84176
91.6009, 84176
91.6021, 84176
91.6032, 84176
91.6043, 84176
91.6055, 84176
91.6066, 84176
91.6078, 84176
91.6089, 84176
91.61, 84176
91.6112, 84176
91.6123, 84176
91.6135, 84176
91.6146, 84176
91.6157, 84176
91.6169, 84176
91.618, 84176
91.6191, 84176
91.6203, 84176
91.6214, 84176
91.6225, 84176
91.6237, 84176
91.6248, 84176
91.6259, 84176
91.6271, 84176
91.6282, 84176
91.6293, 84176
91.6305, 84176
91.6316, 84176
91.6327, 84176
91.6339, 84176
91.635, 84176
91.6361, 84176
91.6373, 84176
91.6384, 84176
91.6396, 84176
91.6407, 84176
91.6418, 84176
91.643, 84176
91.6441, 84176
91.6452, 84176
91.6464, 84176
91.6475, 84176
91.6487, 84176
91.6498, 84176
91.6509, 84176
91.652, 84176
91.6532, 84176
91.6543, 84176
91.6554, 84176
91.6566, 84392
91.6577, 84392
91.6589, 84392
91.66, 84392
91.6611, 84392
91.6623, 84392
91.6634, 84392
91.6645, 84392
91.6657, 84392
91.6668, 84392
91.6679, 84392
91.6691, 84392
91.6702, 84392
91.6713, 84392
91.6725, 84392
91.6736, 84392
91.6747, 84392
91.6759, 84392
91.677, 84392
91.6781, 84392
91.6793, 84392
91.6805, 84392
91.6816, 84176
91.6828, 84176
91.684, 84176
91.6852, 84176
91.6863, 84176
91.6875, 84176
91.6887, 84176
91.6899, 84176
91.6911, 84176
91.6923, 84176
91.6935, 84176
91.6947, 84176
91.6959, 84176
91.6972, 84176
91.6984, 84176
91.6997, 84176
91.7009, 84176
91.7021, 84176
91.7033, 84176
91.7045, 84176
91.7057, 84176
91.7069, 84176
91.708, 84176
91.7092, 84176
91.7104, 84176
91.7115, 84176
91.7127, 84176
91.7138, 84176
91.7149, 84176
91.7161, 84176
91.7172, 84176
91.7183, 84176
91.7195, 84176
91.7206, 84176
91.7218, 84176
91.7229, 84176
91.7241, 84392
91.7253, 84392
91.7264, 84392
91.7276, 84392
91.7287, 84392
91.7299, 84392
91.731, 84392
91.7322, 84392
91.7333, 84392
91.7345, 84392
91.7358, 84392
91.7369, 84392
91.7381, 84392
91.7395, 84392
91.7407, 84392
91.7419, 84392
91.7431, 84392
91.7443, 84392
91.7454, 84392
91.7466, 84392
91.7478, 84392
91.7489, 84392
91.7501, 84608
91.7513, 84608
91.7524, 84608
91.7536, 84608
91.7548, 84608
91.7576, 84608
91.759, 84608
91.7602, 84608
91.7614, 84608
91.7626, 84608
91.7638, 84608
91.765, 84608
91.7662, 84608
91.7673, 84824
91.7685, 84824
91.7697, 84824
91.7709, 84824
91.7721, 84824
91.7733, 84824
91.7744, 84824
91.7759, 84392
91.7773, 84392
91.7785, 84392
91.7797, 84392
91.7809, 84392
91.782, 84392
91.7832, 84392
91.7843, 84608
91.7855, 84608
91.7867, 84608
91.7878, 84608
91.789, 84608
91.7902, 84608
91.7914, 84608
91.7926, 84608
91.7949, 84608
91.7964, 84608
91.7987, 84608
91.8, 84608
91.8014, 84824
91.8027, 84824
91.804, 84824
91.8053, 84824
91.8067, 84824
91.8079, 84824
91.8092, 84824
91.8103, 84824
91.8115, 84824
91.8126, 84824
91.8138, 84824
91.8149, 84824
91.8161, 84824
91.8172, 84824
91.8184, 84824
91.8195, 84824
91.8207, 84824
91.8218, 84824
91.823, 84824
91.8241, 84824
91.8253, 84824
91.8264, 84824
91.8276, 84824
91.8287, 84824
91.8298, 84824
91.831, 84824
91.8321, 84824
91.8333, 84824
91.8344, 84824
91.8356, 84608
91.8367, 84608
91.8378, 84608
91.839, 84608
91.8401, 84608
91.8413, 84608
91.8424, 84608
91.8436, 84608
91.8447, 84608
91.8459, 84608
91.847, 84608
91.8481, 84608
91.8493, 84608
91.8504, 84608
91.8516, 84608
91.8527, 84608
91.8539, 84608
91.855, 84608
91.8562, 84608
91.8573, 84608
91.8585, 84608
91.8596, 84608
91.8608, 84392
91.8619, 84392
91.8631, 84392
91.8643, 84392
91.8654, 84392
91.8666, 84392
91.8677, 84392
91.8689, 84392
91.87, 84392
91.8711, 84392
91.8723, 84392
91.8734, 84392
91.8746, 84392
91.8758, 84392
91.8769, 84392
91.878, 84392
91.8791, 84392
91.8803, 84392
91.8814, 84392
91.8825, 84392
91.8837, 84392
91.8848, 84392
91.886, 84392
91.8872, 84176
91.8883, 84176
91.8894, 84176
91.8906, 84176
91.8917, 84176
91.8928, 84176
91.894, 84176
91.8951, 84176
91.8963, 84176
91.8974, 84176
91.8985, 84176
91.8997, 84176
91.9008, 84176
91.902, 84176
91.9031, 84176
91.9043, 84176
91.9054, 84176
91.9065, 84176
91.9077, 84176
91.9088, 84176
91.91, 84176
91.9111, 84176
91.9123, 84176
91.9134, 84176
91.9146, 84176
91.9157, 84176
91.9169, 84176
91.918, 84176
91.9191, 84176
91.9203, 84176
91.9214, 84176
91.9226, 84176
91.9263, 84176
91.9277, 84176
91.9358, 84176
91.9402, 84392
91.9416, 84392
91.9429, 84392
91.9443, 84392
91.9458, 84392
91.9471, 84608
91.9484, 84608
91.9496, 84608
91.9508, 84608
91.9519, 84608
91.9531, 84608
91.9542, 84608
91.9554, 84824
91.9565, 84824
91.9576, 84824
91.9588, 84824
91.9599, 84824
91.961, 84824
91.9622, 84824
91.9633, 84608
91.9645, 84608
91.9656, 84608
91.9667, 84608
91.9679, 84608
91.969, 84608
91.9702, 84608
91.9713, 84608
91.9724, 84824
91.9736, 84824
91.9747, 84824
91.9759, 84824
91.977, 84824
91.9782, 84824
91.9793, 84824
91.9805, 84608
91.9816, 84608
91.9827, 84608
91.9839, 84608
91.985, 84608
91.9861, 84608
91.9873, 84608
91.9884, 84608
91.9896, 84392
91.9907, 84392
91.9919, 84392
91.993, 84392
91.9942, 84392
91.9953, 84392
91.9965, 84392
91.9976, 84392
91.9988, 84392
91.9999, 84392
92.001, 84392
92.0022, 84392
92.0033, 84392
92.0045, 84392
92.0056, 84392
92.0067, 84392
92.0079, 84392
92.009, 84392
92.0102, 84392
92.0113, 84392
92.0125, 84392
92.0136, 84392
92.0147, 84176
92.0159, 84176
92.017, 84176
92.0182, 84176
92.0193, 84176
92.0205, 84176
92.0216, 84176
92.0227, 84176
92.0239, 84176
92.025, 84176
92.0261, 84176
92.0273, 84176
92.0284, 84176
92.0296, 84176
92.0307, 84176
92.0319, 84176
92.033, 84176
92.0343, 84176
92.0355, 84176
92.0366, 84176
92.0378, 84176
92.0389, 84176
92.04, 84176
92.0412, 84176
92.0423, 84176
92.0435, 84176
92.0446, 84176
92.0458, 84176
92.0469, 84176
92.0481, 84176
92.0492, 83960
92.0503, 83960
92.0515, 83960
92.0526, 83960
92.0538, 83960
92.0552, 83960
92.0566, 83960
92.058, 83960
92.0594, 83960
92.0608, 83960
92.0622, 83960
92.0636, 83960
92.0648, 83960
92.0661, 84176
92.0673, 84176
92.0686, 84176
92.0698, 84176
92.071, 84176
92.0722, 84176
92.0734, 84176
92.0746, 84392
92.0758, 84392
92.0769, 84392
92.0781, 84392
92.0793, 84392
92.0805, 84392
92.0816, 84392
92.0828, 83960
92.084, 83960
92.0852, 83960
92.0863, 83960
92.0875, 83960
92.0887, 83960
92.0899, 83960
92.091, 83960
92.0922, 83960
92.0934, 83960
92.0946, 83960
92.0958, 83960
92.0969, 83960
92.0982, 83960
92.0995, 83744
92.101, 83744
92.1024, 83744
92.1057, 83744
92.1074, 83744
92.1093, 83960
92.1107, 83960
92.1121, 83960
92.1133, 83960
92.1146, 83960
92.1161, 83960
92.1176, 84176
92.1189, 84176
92.1201, 84176
92.1213, 84176
92.1225, 84176
92.1237, 84176
92.1249, 84176
92.1261, 84176
92.1273, 84176
92.1285, 84176
92.1296, 84176
92.1308, 84176
92.132, 84176
92.1332, 84176
92.1344, 84392
92.1357, 84392
92.137, 84392
92.1383, 84392
92.1395, 84392
92.1413, 84392
92.1426, 84176
92.1439, 84176
92.1451, 84176
92.1464, 84176
92.1477, 84176
92.1489, 84176
92.1501, 84176
92.1513, 84392
92.1526, 84392
92.1537, 84392
92.1549, 84392
92.1561, 84392
92.1573, 84392
92.1585, 84392
92.1597, 84176
92.1608, 84176
92.1621, 84176
92.1633, 84176
92.1645, 84176
92.1657, 84176
92.1694, 84392
92.1708, 84392
92.172, 84392
92.1762, 84392
92.1775, 84392
92.1867, 84608
92.188, 84608
92.1892, 84608
92.1907, 84608
92.1936, 84608
92.1949, 84608
92.1964, 84608
92.2009, 84608
92.2022, 85040
92.2035, 85040
92.2048, 85040
92.2063, 85040
92.2076, 85040
92.209, 85040
92.2103, 85040
92.2116, 84824
92.2129, 84824
92.2141, 84824
92.2155, 84824
92.2169, 84824
92.2181, 84824
92.2194, 84824
92.2207, 84824
92.2219, 84824
92.2232, 84824
92.2245, 84824
92.2258, 84824
92.227, 84824
92.2283, 84824
92.2296, 84824
92.2308, 84824
92.2321, 84824
92.2334, 84824
92.2347, 84824
92.236, 84824
92.2373, 84608
92.2387, 84608
92.24, 84608
92.2413, 84608
92.2426, 84608
92.2439, 84608
92.2452, 84824
92.2465, 84824
92.2477, 84824
92.2489, 84824
92.2502, 84824
92.2514, 84824
92.2527, 84824
92.254, 84608
92.2553, 84608
92.2565, 84608
92.2578, 84608
92.259, 84608
92.2603, 84608
92.2615, 84608
92.2628, 84608
92.264, 84608
92.2653, 84608
92.2666, 84608
92.2679, 84608
92.2691, 84608
92.2703, 84608
92.2716, 84608
92.2729, 84608
92.2742, 84608
92.2755, 84608
92.2767, 84608
92.278, 84608
92.2793, 84608
92.2805, 84608
92.2818, 84608
92.283, 84608
92.2843, 84608
92.2856, 84608
92.2868, 84608
92.2881, 84608
92.2894, 84608
92.2906, 84608
92.2918, 84608
92.2929, 84608
92.2941, 84608
92.2952, 84608
92.2964, 84608
92.2975, 84608
92.2987, 84608
92.2998, 84608
92.301, 84608
92.3021, 84608
92.3033, 84608
92.3044, 84608
92.3056, 84608
92.3067, 84608
92.3079, 84608
92.309, 84608
92.3102, 84608
92.3113, 84608
92.3125, 84608
92.3136, 84608
92.3148, 84608
92.3159, 84608
92.3171, 84608
92.3182, 84608
92.3194, 84608
92.3205, 84608
92.3217, 84608
92.3228, 84608
92.324, 84608
92.3251, 84608
92.3263, 84608
92.3274, 84608
92.3287, 84608
92.33, 84608
92.3312, 84608
92.3323, 84608
92.3335, 84608
92.3347, 84608
92.3359, 84608
92.337, 84608
92.3382, 84608
92.3393, 84608
92.3405, 84608
92.3417, 84608
92.3428, 84608
92.344, 84608
92.3452, 84608
92.3463, 84608
92.3475, 84608
92.3486, 84608
92.3498, 84608
92.3509, 84608
92.3521, 84608
92.3532, 84608
92.3544, 84608
92.3555, 84608
92.3567, 84392
92.3578, 84392
92.3589, 84392
92.3601, 84392
92.3612, 84392
92.3624, 84392
92.3635, 84392
92.3647, 84392
92.3658, 84392
92.367, 84392
92.3681, 84392
92.3693, 84392
92.3704, 84392
92.3716, 84392
92.3727, 84392
92.3739, 84392
92.375, 84392
92.3762, 84392
92.3773, 84392
92.3785, 84392
92.3796, 84392
92.3808, 84392
92.3819, 84392
92.3831, 84392
92.3842, 84392
92.3854, 84392
92.3865, 84392
92.3877, 84392
92.3888, 84392
92.39, 84392
92.3912, 84392
92.3923, 84392
92.3935, 84392
92.3946, 84392
92.3958, 84392
92.3969, 84392
92.3981, 84392
92.3992, 84176
92.4004, 84176
92.4015, 84176
92.4027, 84176
92.4038, 84176
92.405, 84176
92.4061, 84176
92.4073, 84392
92.4084, 84392
92.4096, 84392
92.4107, 84392
92.4119, 84392
92.413, 84392
92.4142, 84392
92.4153, 84392
92.4165, 84392
92.4176, 84392
92.4188, 84392
92.4199, 84392
92.4211, 84392
92.4222, 84392
92.4234, 84392
92.4245, 84176
92.4257, 84176
92.4268, 84176
92.428, 84176
92.4291, 84176
92.4303, 84176
92.4314, 84176
92.4326, 84176
92.4337, 84176
92.4349, 84176
92.436, 84176
92.4371, 84176
92.4383, 84176
92.4394, 84176
92.4406, 84176
92.4417, 84176
92.4428, 84176
92.444, 84176
92.4451, 84176
92.4463, 84176
92.4474, 84176
92.4486, 84176
92.4497, 84392
92.4508, 84392
92.452, 84392
92.4531, 84392
92.4543, 84392
92.4554, 84392
92.4566, 84392
92.4577, 84392
92.4589, 84392
92.46, 84392
92.4612, 84392
92.4623, 84392
92.4635, 84392
92.4646, 84392
92.4657, 84392
92.4669, 84392
92.468, 84392
92.4692, 84392
92.4703, 84392
92.4715, 84392
92.4726, 84392
92.4737, 84392
92.4749, 84392
92.4761, 84392
92.4772, 84392
92.4784, 84392
92.4795, 84392
92.4807, 84392
92.4818, 84392
92.4829, 84392
92.4841, 84392
92.4852, 84392
92.4864, 84392
92.4875, 84392
92.4886, 84392
92.4898, 84392
92.4909, 84392
92.4921, 84392
92.4932, 84392
92.4943, 84392
92.4955, 84392
92.4967, 84392
92.4983, 84392
92.4996, 84392
92.5008, 84392
92.5022, 84392
92.5034, 84392
92.5046, 84392
92.5058, 84392
92.507, 84392
92.5083, 84392
92.5095, 84392
92.5106, 84392
92.5121, 84392
92.5186, 84392
92.52, 84392
92.5214, 84392
92.5227, 84392
92.5244, 84392
92.5258, 84392
92.527, 84608
92.5282, 84608
92.5294, 84608
92.5306, 84608
92.5318, 84608
92.533, 84608
92.5343, 84608
92.5355, 84608
92.5371, 84608
92.5385, 84608
92.5398, 84608
92.5411, 84608
92.5424, 84608
92.5438, 84608
92.545, 84608
92.5464, 84608
92.5547, 84608
92.5565, 84608
92.5581, 84608
92.5595, 84608
92.5616, 84608
92.5637, 84608
92.5657, 84608
92.5679, 84608
92.5698, 84608
92.5723, 84608
92.5742, 84608
92.5761, 84608
92.5778, 84608
92.5795, 84608
92.5812, 84608
92.5828, 84608
92.5842, 84608
92.5855, 84608
92.5869, 84824
92.5885, 84824
92.59, 84824
92.5912, 84824
92.5924, 84824
92.5935, 84824
92.5947, 84824
92.5958, 84824
92.5972, 84824
92.5984, 84824
92.5996, 84824
92.6008, 84824
92.602, 84824
92.6032, 84608
92.6046, 84608
92.606, 84608
92.6073, 84608
92.6102, 84608
92.6181, 84608
92.6199, 84824
92.6216, 84824
92.6233, 84824
92.6246, 84824
92.6259, 84824
92.6272, 84824
92.6284, 84824
92.6297, 84608
92.6315, 84608
92.6335, 84608
92.6348, 84608
92.6361, 84608
92.6374, 84608
92.6386, 84608
92.6399, 84608
92.6411, 84608
92.6423, 84608
92.6436, 84608
92.6448, 84608
92.6461, 84824
92.6475, 84824
92.6488, 84824
92.6502, 84824
92.6516, 84824
92.6529, 84824
92.6543, 84608
92.6556, 84608
92.657, 84608
92.6583, 84608
92.6596, 84608
92.6609, 84608
92.6622, 84608
92.6635, 84608
92.6647, 84608
92.6659, 84608
92.6672, 84608
92.6685, 84608
92.6697, 84608
92.6709, 84608
92.6722, 84824
92.6735, 84824
92.6748, 84824
92.676, 84824
92.6772, 84824
92.6785, 84824
92.6797, 84824
92.681, 84824
92.6822, 84824
92.6835, 84824
92.6847, 84824
92.6859, 84824
92.6872, 84824
92.6884, 84824
92.6896, 84824
92.6909, 84824
92.6921, 84824
92.6934, 84824
92.6946, 84824
92.6958, 84824
92.6971, 84608
92.6983, 84608
92.6995, 84608
92.7008, 84608
92.7021, 84608
92.7033, 84608
92.7046, 84608
92.7059, 84608
92.7072, 84608
92.7084, 84608
92.7096, 84608
92.7109, 84608
92.7121, 84608
92.7133, 84608
92.7145, 84608
92.7156, 84608
92.7168, 84608
92.7179, 84608
92.719, 84608
92.7202, 84608
92.7213, 84608
92.7224, 84608
92.7236, 84392
92.7247, 84392
92.7258, 84392
92.727, 84392
92.7281, 84392
92.7293, 84392
92.7304, 84392
92.7315, 84176
92.7326, 84176
92.7338, 84176
92.7349, 84176
92.7361, 84176
92.7372, 84176
92.7383, 84176
92.7395, 84176
92.7406, 84176
92.7418, 84176
92.7429, 84176
92.744, 84176
92.7452, 84176
92.7463, 84176
92.7474, 84176
92.7486, 84176
92.7497, 84176
92.7509, 84176
92.752, 84176
92.7531, 84176
92.7543, 84176
92.7554, 84176
92.7566, 84176
92.7577, 84176
92.759, 84176
92.7602, 84176
92.7613, 84176
92.7625, 84176
92.7636, 84176
92.7647, 84176
92.7659, 84176
92.767, 84176
92.7682, 84176
92.7693, 84176
92.7704, 84176
92.7716, 84176
92.7728, 84176
92.7739, 84176
92.775, 84176
92.7762, 84176
92.7773, 84176
92.7785, 84176
92.7796, 84176
92.7807, 84176
92.7818, 84176
92.783, 84176
92.7841, 84176
92.7852, 84176
92.7864, 84176
92.7875, 84176
92.7886, 84176
92.7898, 84176
92.7909, 84176
92.7921, 84176
92.7932, 84176
92.7943, 84176
92.7955, 84176
92.7966, 84176
92.7978, 84176
92.7989, 84176
92.8001, 84176
92.8012, 84176
92.8024, 84176
92.8035, 84176
92.8047, 84176
92.8058, 84176
92.807, 84176
92.8081, 84176
92.8093, 84176
92.8104, 84176
92.8116, 84176
92.8127, 84176
92.8138, 84176
92.815, 84176
92.8161, 84176
92.8173, 84176
92.8184, 84176
92.8196, 84176
92.8207, 84176
92.8218, 84176
92.823, 84176
92.8241, 84176
92.8253, 84392
92.8264, 84392
92.8276, 84392
92.8289, 84392
92.8301, 84392
92.8313, 84392
92.8324, 84392
92.8336, 84176
92.8347, 84176
92.8358, 84176
92.837, 84176
92.8381, 84176
92.8393, 84176
92.8405, 84176
92.8417, 84176
92.8428, 84176
92.844, 84176
92.8451, 84176
92.8462, 84176
92.8474, 84176
92.8485, 84176
92.8497, 84176
92.8508, 84176
92.852, 84176
92.8531, 84176
92.8545, 84176
92.8557, 84176
92.857, 84176
92.8582, 84176
92.8593, 84176
92.8604, 84176
92.8616, 84176
92.8627, 84176
92.8638, 84176
92.865, 84176
92.8662, 84176
92.8673, 84176
92.8685, 84392
92.8696, 84392
92.8708, 84392
92.8719, 84392
92.873, 84392
92.8742, 84392
92.8754, 84392
92.8767, 84176
92.8778, 84176
92.879, 84176
92.8801, 84176
92.8813, 84176
92.8824, 84176
92.8836, 84176
92.8847, 84176
92.8858, 84176
92.887, 84176
92.8881, 84176
92.8893, 84176
92.8904, 84176
92.8916, 84176
92.8927, 84176
92.8938, 84176
92.895, 84176
92.8961, 84176
92.8973, 84176
92.8984, 84176
92.8996, 84176
92.9007, 84176
92.9018, 84176
92.903, 84176
92.9041, 84176
92.9053, 84176
92.9064, 84176
92.9076, 84176
92.9087, 84176
92.9098, 84176
92.911, 84176
92.9122, 84176
92.9133, 84176
92.9144, 84176
92.9156, 84176
92.9167, 84176
92.9178, 84176
92.919, 84176
92.9201, 84176
92.9213, 84176
92.9224, 84176
92.9235, 84176
92.9247, 84176
92.9258, 84176
92.927, 84176
92.9281, 84176
92.9293, 84176
92.9304, 84176
92.9315, 84176
92.9327, 84176
92.9338, 84176
92.935, 84176
92.9361, 84392
92.9372, 84392
92.9384, 84392
92.9395, 84392
92.9406, 84392
92.9418, 84392
92.9429, 84392
92.944, 84392
92.9452, 84392
92.9463, 84392
92.9474, 84392
92.9486, 84392
92.9497, 84392
92.9509, 84392
92.952, 84392
92.9531, 84392
92.9542, 84392
92.9554, 84392
92.9565, 84392
92.9576, 84392
92.9588, 84392
92.9599, 84392
92.9611, 84392
92.9622, 84392
92.9634, 84392
92.9645, 84392
92.9656, 84392
92.9668, 84392
92.9679, 84392
92.969, 84392
92.9702, 84392
92.9713, 84392
92.9725, 84392
92.9736, 84392
92.9748, 84392
92.9759, 84392
92.977, 84392
92.9782, 84392
92.9793, 84392
92.9804, 84392
92.9816, 84392
92.9827, 84392
92.9838, 84392
92.985, 84392
92.9861, 84392
92.9873, 84392
92.9885, 84392
92.9896, 84392
92.9908, 84392
92.9919, 84392
92.9931, 84392
92.9942, 84392
92.9954, 84392
92.9965, 84392
92.9977, 84392
92.9988, 84392
92.9999, 84392
93.0011, 84392
93.0022, 84392
93.0034, 84392
93.0045, 84392
93.0057, 84392
93.0069, 84392
93.008, 84392
93.0092, 84392
93.0103, 84392
93.0115, 84392
93.0126, 84392
93.0138, 84392
93.0149, 84392
93.016, 84392
93.0172, 84392
93.0222, 84176
93.024, 84176
93.0257, 84176
93.0277, 84176
93.0294, 84176
93.0314, 84392
93.0332, 84392
93.0348, 84392
93.0364, 84392
93.0379, 84392
93.0393, 84392
93.0406, 84392
93.0421, 84392
93.0436, 84392
93.045, 84392
93.0464, 84392
93.0481, 84608
93.0496, 84608
93.0508, 84608
93.052, 84608
93.0532, 84608
93.0544, 84608
93.0556, 84608
93.0569, 84608
93.0583, 84608
93.0701, 84608
93.0717, 84608
93.0731, 84824
93.0745, 84824
93.0759, 84824
93.0772, 84824
93.0785, 84824
93.0797, 84824
93.081, 84824
93.0823, 84824
93.0836, 84824
93.0851, 84824
93.0865, 84824
93.0878, 84824
93.0891, 84824
93.0903, 84824
93.0916, 84824
93.0928, 84824
93.0941, 84824
93.0956, 84824
93.0976, 84824
93.099, 84824
93.1003, 84824
93.1016, 84824
93.103, 84824
93.1042, 84824
93.1054, 84824
93.1066, 84824
93.1078, 84824
93.1092, 84824
93.1105, 84824
93.1118, 84824
93.113, 84824
93.1143, 84824
93.1155, 84608
93.1167, 84608
93.1179, 84608
93.1192, 84608
93.1205, 84608
93.1218, 84608
93.123, 84608
93.1243, 84824
93.1256, 84824
93.1268, 84824
93.1282, 84824
93.1294, 84824
93.1306, 84824
93.1317, 84824
93.1329, 84824
93.1341, 84824
93.1352, 84824
93.1364, 84824
93.1376, 84824
93.1388, 84824
93.1403, 84824
93.1415, 84824
93.1428, 84824
93.144, 84824
93.1453, 84824
93.1466, 84824
93.1479, 84824
93.1491, 84824
93.1503, 84824
93.1516, 84824
93.1529, 84824
93.1544, 84824
93.1558, 84824
93.1572, 84824
93.1586, 84824
93.16, 84824
93.1613, 84824
93.1626, 84824
93.164, 84824
93.1653, 84824
93.1666, 84608
93.1678, 84608
93.169, 84608
93.1701, 84608
93.1712, 84608
93.1724, 84608
93.1735, 84608
93.1746, 84608
93.1758, 84608
93.1769, 84608
93.178, 84608
93.1791, 84608
93.1803, 84608
93.1814, 84608
93.1825, 84608
93.1837, 84392
93.1848, 84392
93.1861, 84392
93.1874, 84392
93.1886, 84392
93.1897, 84392
93.1908, 84392
93.192, 84392
93.1931, 84392
93.1942, 84392
93.1954, 84392
93.1966, 84392
93.1977, 84392
93.1988, 84392
93.2, 84392
93.2011, 84176
93.2022, 84176
93.2034, 84176
93.2045, 84176
93.2056, 84176
93.2068, 84176
93.2079, 84176
93.209, 84392
93.2102, 84392
93.2113, 84392
93.2124, 84392
93.2136, 84392
93.2147, 84392
93.2158, 84392
93.217, 84392
93.2181, 84176
93.2194, 84176
93.2206, 84176
93.2217, 84176
93.2229, 84176
93.2242, 84176
93.2254, 84176
93.2265, 84176
93.2276, 84176
93.2288, 84176
93.2299, 84176
93.231, 84176
93.2322, 84176
93.2333, 84176
93.2344, 84176
93.2356, 84176
93.2367, 84176
93.2378, 84176
93.239, 84176
93.2401, 84176
93.2412, 84176
93.2424, 84176
93.2435, 84176
93.2446, 84176
93.2458, 84176
93.2469, 84176
93.248, 84176
93.2492, 84176
93.2503, 84176
93.2514, 84176
93.2526, 84176
93.2537, 84176
93.2549, 84176
93.2562, 84176
93.2575, 84176
93.2588, 84176
93.2599, 84176
93.261, 84176
93.2622, 84176
93.2633, 84176
93.2644, 84176
93.2656, 84176
93.2667, 84176
93.2678, 84176
93.269, 84176
93.2703, 84176
93.2714, 84176
93.2726, 84176
93.2737, 84176
93.2748, 84176
93.276, 84176
93.2771, 84176
93.2782, 84176
93.2794, 84176
93.2805, 84176
93.2816, 84176
93.2828, 84176
93.2839, 84176
93.285, 84176
93.2862, 84176
93.2873, 84176
93.2884, 84176
93.2896, 84176
93.2907, 84176
93.2918, 84176
93.293, 84176
93.2941, 84176
93.2953, 84392
93.2964, 84392
93.2975, 84392
93.2986, 84392
93.2998, 84392
93.301, 84392
93.3021, 84392
93.3033, 84176
93.3044, 84176
93.3056, 84176
93.3067, 84176
93.3079, 84176
93.309, 84176
93.3102, 84176
93.3113, 84176
93.3124, 84176
93.3136, 84176
93.3147, 84176
93.3158, 84176
93.317, 84176
93.3184, 84176
93.3197, 84176
93.3209, 84392
93.322, 84392
93.3232, 84392
93.3243, 84392
93.3254, 84392
93.3266, 84392
93.3278, 84392
93.3291, 84176
93.3302, 84176
93.3314, 84176
93.3326, 84176
93.3337, 84176
93.3349, 84176
93.336, 84176
93.3372, 84392
93.3383, 84392
93.3395, 84392
93.3406, 84392
93.3418, 84392
93.343, 84392
93.3441, 84392
93.3453, 84392
93.3464, 84392
93.3475, 84392
93.3487, 84392
93.3498, 84392
93.351, 84392
93.3521, 84392
93.3533, 84392
93.3544, 84392
93.3555, 84392
93.3567, 84392
93.3578, 84392
93.359, 84392
93.3601, 84392
93.3613, 84392
93.3624, 84392
93.3635, 84392
93.3647, 84392
93.3658, 84392
93.367, 84392
93.3681, 84392
93.3692, 84392
93.3704, 84392
93.3715, 84392
93.3727, 84392
93.3739, 84392
93.3751, 84392
93.3762, 84392
93.3774, 84392
93.3785, 84392
93.3796, 84392
93.3808, 84392
93.3819, 84392
93.3831, 84392
93.3842, 84392
93.3853, 84392
93.3865, 84392
93.3876, 84392
93.3888, 84392
93.39, 84392
93.3912, 84392
93.3923, 84392
93.3934, 84392
93.3946, 84392
93.3957, 84392
93.3969, 84392
93.398, 84392
93.3992, 84392
93.4003, 84392
93.4014, 84392
93.4026, 84392
93.4038, 84392
93.4051, 84392
93.4063, 84392
93.4074, 84392
93.4086, 84392
93.4097, 84392
93.4109, 84392
93.4122, 84392
93.4134, 84392
93.4145, 84392
93.4157, 84392
93.4168, 84392
93.4179, 84392
93.4191, 84392
93.4202, 84392
93.4214, 84392
93.4225, 84392
93.4237, 84392
93.4248, 84392
93.426, 84392
93.4273, 84392
93.4284, 84392
93.4296, 84392
93.4307, 84392
93.4319, 84392
93.433, 84392
93.4341, 84392
93.4353, 84392
93.4364, 84392
93.4375, 84392
93.4387, 84392
93.4398, 84392
93.441, 84392
93.4421, 84392
93.4433, 84392
93.4444, 84392
93.4455, 84392
93.4467, 84392
93.4478, 84392
93.449, 84392
93.4501, 84392
93.4513, 84392
93.4524, 84392
93.4535, 84392
93.4547, 84392
93.4558, 84392
93.457, 84392
93.4581, 84392
93.4592, 84392
93.4604, 84392
93.4621, 84392
93.4632, 84392
93.4643, 84392
93.4655, 84392
93.4666, 84392
93.4677, 84392
93.4689, 84392
93.47, 84392
93.4711, 84392
93.4723, 84392
93.4734, 84392
93.4746, 84608
93.4759, 84608
93.4771, 84608
93.4783, 84608
93.4795, 84608
93.4807, 84608
93.4818, 84608
93.4829, 84392
93.4841, 84392
93.4852, 84392
93.4864, 84392
93.4875, 84392
93.4887, 84392
93.4898, 84392
93.4909, 84392
93.4921, 84392
93.4932, 84392
93.4944, 84392
93.4957, 84392
93.4969, 84392
93.4982, 84392
93.4994, 84176
93.5006, 84176
93.5018, 84176
93.5031, 84176
93.5044, 84176
93.5056, 84176
93.5069, 84176
93.5082, 84176
93.5093, 84176
93.5104, 84176
93.5116, 84176
93.5127, 84176
93.5139, 84176
93.515, 84176
93.5161, 84176
93.5173, 84176
93.5184, 84176
93.5195, 84176
93.5207, 84176
93.5218, 84176
93.5229, 84176
93.5241, 84176
93.5252, 83960
93.5263, 83960
93.5275, 83960
93.5286, 83960
93.5297, 83960
93.5309, 83960
93.532, 83960
93.5331, 83960
93.5343, 83960
93.5354, 83960
93.5365, 83960
93.5377, 83960
93.5388, 83960
93.54, 83960
93.5411, 83960
93.5422, 83744
93.5434, 83744
93.5445, 83744
93.5457, 83744
93.5468, 83744
93.5479, 83744
93.5491, 83744
93.5502, 83744
93.5513, 83744
93.5525, 83744
93.5536, 83744
93.5548, 83744
93.5559, 83744
93.557, 83744
93.5582, 83744
93.5593, 83744
93.5604, 83744
93.5616, 83744
93.5627, 83744
93.5639, 83744
93.565, 83744
93.5661, 83744
93.5673, 83744
93.5684, 83744
93.5696, 83744
93.5707, 83744
93.5718, 83744
93.573, 83744
93.5741, 83744
93.5753, 83744
93.5764, 83528
93.5775, 83528
93.5787, 83528
93.5803, 83528
93.5898, 83744
93.5915, 83744
93.6023, 83960
93.6042, 83960
93.606, 83960
93.608, 83960
93.6099, 84176
93.6117, 84176
93.6134, 84176
93.615, 84176
93.6165, 84176
93.6179, 84176
93.6191, 84176
93.6204, 84176
93.6216, 84176
93.6229, 84176
93.6241, 84176
93.6254, 84176
93.6266, 84176
93.6279, 84176
93.6293, 84176
93.6306, 84176
93.6319, 84176
93.6332, 84176
93.6345, 84176
93.6357, 84392
93.637, 84392
93.6382, 84392
93.6395, 84392
93.6407, 84392
93.642, 84392
93.6433, 84392
93.6445, 84608
93.6457, 84608
93.6469, 84608
93.6481, 84608
93.6492, 84608
93.6504, 84608
93.6515, 84608
93.6527, 84608
93.6538, 84608
93.655, 84608
93.6561, 84608
93.6572, 84608
93.6584, 84608
93.6595, 84608
93.6606, 84608
93.6618, 84608
93.6629, 84608
93.667, 84608
93.6701, 84608
93.6713, 84608
93.6725, 84608
93.6736, 84608
93.6748, 84608
93.676, 84608
93.6771, 84608
93.6783, 85040
93.6794, 85040
93.6806, 85040
93.6817, 85040
93.6829, 85040
93.684, 85040
93.6852, 85040
93.6863, 85040
93.6875, 85040
93.6887, 85040
93.6898, 85040
93.6909, 85040
93.6921, 85040
93.6934, 85040
93.6946, 85040
93.6957, 85040
93.6969, 85040
93.6981, 85040
93.6993, 85040
93.7005, 85040
93.7018, 85040
93.703, 85040
93.7043, 85472
93.7055, 85472
93.7069, 85472
93.7083, 85472
93.7097, 85472
93.711, 85472
93.7123, 85472
93.7135, 85472
93.7148, 85472
93.7161, 85472
93.7175, 85472
93.7188, 85472
93.72, 85472
93.7213, 85472
93.7226, 85472
93.7239, 85472
93.7252, 85472
93.7264, 85472
93.7275, 85472
93.7287, 85472
93.7298, 85472
93.731, 85472
93.7323, 85472
93.7337, 85472
93.735, 85472
93.7365, 85472
93.7379, 85472
93.7392, 85472
93.7405, 85472
93.7418, 85472
93.7431, 85472
93.7444, 85472
93.7457, 85472
93.7469, 85472
93.7482, 85472
93.7495, 85472
93.7507, 85472
93.7519, 85472
93.7531, 85472
93.7544, 85472
93.7556, 85256
93.7568, 85256
93.758, 85256
93.7593, 85256
93.7605, 85256
93.7617, 85256
93.763, 85256
93.7643, 85472
93.7657, 85472
93.767, 85472
93.7682, 85472
93.7697, 85472
93.7713, 85472
93.7726, 85256
93.7739, 85256
93.7753, 85256
93.7767, 85256
93.7782, 85256
93.7796, 85256
93.7811, 85256
93.7825, 85256
93.7839, 85256
93.7851, 85256
93.7863, 85256
93.7875, 85256
93.7889, 85256
93.7901, 85256
93.7914, 85256
93.7926, 85256
93.7939, 85256
93.7953, 85256
93.7968, 85256
93.7982, 85256
93.7995, 85256
93.8009, 85256
93.802, 85256
93.8032, 85256
93.8044, 85256
93.8055, 85256
93.8067, 85040
93.8078, 85040
93.809, 85040
93.8102, 85040
93.8119, 85040
93.8134, 85040
93.8147, 85040
93.8162, 85040
93.8176, 85040
93.819, 85040
93.8202, 85040
93.8214, 85040
93.8226, 85040
93.8239, 85040
93.8251, 85040
93.8263, 85040
93.8275, 85040
93.8299, 85040
93.8314, 85040
93.8328, 84824
93.8341, 84824
93.8361, 84824
93.8374, 84824
93.8393, 84824
93.8409, 84608
93.8421, 84608
93.8433, 84608
93.8444, 84608
93.8455, 84608
93.8467, 84608
93.8478, 84608
93.849, 84176
93.8503, 84176
93.8517, 84176
93.853, 84176
93.8544, 84176
93.8557, 84176
93.8571, 84176
93.8586, 84392
93.86, 84392
93.8613, 84392
93.8629, 84392
93.8643, 84392
93.8658, 84608
93.8676, 84608
93.8692, 84608
93.8708, 84608
93.8724, 84608
93.874, 84608
93.8755, 84608
93.8768, 84608
93.8781, 84608
93.8793, 84608
93.8806, 84608
93.882, 84608
93.8834, 84608
93.8847, 84608
93.8861, 84608
93.8874, 84608
93.8887, 84608
93.8901, 84608
93.8915, 84608
93.8929, 84608
93.8946, 84608
93.8961, 84608
93.8975, 84608
93.8991, 84608
93.9007, 84824
93.9022, 84824
93.9037, 84824
93.9052, 84824
93.9067, 84824
93.9083, 84824
93.9096, 84824
93.911, 84824
93.9124, 84824
93.9138, 84824
93.9153, 84824
93.9167, 84824
93.918, 84824
93.9194, 84824
93.9208, 84824
93.9222, 84824
93.9235, 84824
93.9248, 84824
93.9262, 84824
93.9276, 84824
93.929, 84824
93.9304, 84824
93.9317, 84824
93.9332, 84824
93.9346, 84824
93.936, 84824
93.9374, 84824
93.9388, 84824
93.9402, 84824
93.9417, 84824
93.943, 84824
93.9444, 84824
93.9456, 84824
93.947, 84824
93.9485, 84824
93.95, 84824
93.9513, 85040
93.9528, 85040
93.9542, 85040
93.9558, 85040
93.9574, 85040
93.9588, 85040
93.9606, 84824
93.9622, 84824
93.9639, 84824
93.9657, 84824
93.9674, 84824
93.9689, 84824
93.9704, 84824
93.9718, 84824
93.9732, 84824
93.9744, 84824
93.9757, 84824
93.977, 84824
93.9784, 84824
93.9797, 84824
93.9811, 84824
93.9824, 84824
93.9838, 84824
93.9852, 84824
93.9866, 84824
93.9881, 84824
93.9895, 84824
93.991, 84824
93.9929, 84824
93.9945, 85040
93.9961, 85040
93.9977, 85040
93.9994, 85040
94.001, 85040
94.0025, 84824
94.004, 84824
94.0053, 84824
94.0069, 84824
94.0084, 84824
94.0101, 84824
94.0115, 84824
94.0131, 84824
94.0148, 84824
94.0163, 84824
94.0178, 84824
94.0194, 84824
94.021, 84824
94.0223, 84824
94.024, 84824
94.0256, 84824
94.027, 84824
94.0283, 84824
94.0298, 84824
94.0312, 84824
94.0326, 84824
94.0341, 84824
94.0354, 84824
94.0367, 84824
94.0381, 84824
94.0396, 84824
94.0411, 84824
94.0425, 84824
94.0439, 84824
94.0453, 84824
94.047, 84824
94.0485, 84824
94.0499, 84824
94.0513, 84824
94.0527, 84824
94.054, 85040
94.0554, 85040
94.0567, 85040
94.0581, 85040
94.0594, 85040
94.0608, 85040
94.0622, 85040
94.0636, 85040
94.065, 85040
94.0664, 85040
94.0678, 85040
94.0692, 85040
94.0706, 85040
94.0722, 85040
94.0738, 85040
94.0754, 85040
94.0769, 85040
94.078, 85040
94.0792, 85040
94.0804, 84824
94.0815, 84824
94.0827, 84824
94.084, 84824
94.0852, 84824
94.0865, 84824
94.0877, 84392
94.0891, 84392
94.0904, 84392
94.0917, 84392
94.093, 84392
94.0941, 84392
94.0953, 84392
94.0965, 84176
94.0978, 84176
94.0993, 84176
94.1007, 84176
94.1021, 84176
94.1035, 84176
94.1048, 84392
94.1062, 84392
94.1075, 84392
94.1088, 84392
94.11, 84392
94.1113, 84392
94.1126, 84392
94.1138, 84608
94.1151, 84608
94.1164, 84608
94.1176, 84608
94.1189, 84608
94.1202, 84608
94.1214, 84608
94.1226, 84176
94.1237, 84176
94.125, 84176
94.1263, 84176
94.1276, 84176
94.1291, 84176
94.1305, 84176
94.1319, 84176
94.1333, 84176
94.1346, 84176
94.1359, 84176
94.1373, 84176
94.1386, 84176
94.1397, 84392
94.1409, 84392
94.1421, 84392
94.1432, 84392
94.1444, 84392
94.1456, 84392
94.1469, 84392
94.1481, 83960
94.1493, 83960
94.1506, 83960
94.1519, 83960
94.1531, 83960
94.1544, 83960
94.1558, 83960
94.1571, 83744
94.1584, 83744
94.16, 83744
94.1617, 83744
94.1633, 83744
94.1647, 83744
94.1661, 83744
94.1675, 83744
94.1691, 83744
94.1706, 83744
94.1721, 83744
94.1736, 83960
94.1751, 83960
94.1766, 83960
94.1779, 83960
94.1791, 83960
94.1804, 83960
94.1819, 84176
94.1834, 84176
94.1849, 84176
94.1863, 84176
94.1876, 84176
94.1888, 84176
94.19, 84176
94.1913, 84392
94.1924, 84392
94.1936, 84392
94.1948, 84392
94.196, 84392
94.1971, 84392
94.1983, 84392
94.1994, 84392
94.2005, 84392
94.2017, 84392
94.2028, 84392
94.204, 84392
94.2051, 84392
94.2063, 84392
94.2074, 83960
94.2086, 83960
94.2099, 83960
94.2114, 83960
94.2127, 83960
94.214, 83960
94.2152, 83960
94.2164, 84176
94.2175, 84176
94.2187, 84176
94.2198, 84176
94.2209, 84176
94.2221, 84176
94.2232, 84176
94.2244, 84176
94.2256, 84176
94.2269, 84176
94.2284, 84176
94.2297, 84176
94.2312, 84176
94.2326, 84176
94.2339, 84392
94.2353, 84392
94.2365, 84392
94.2378, 84392
94.2392, 84392
94.2405, 84392
94.2418, 84608
94.243, 84608
94.2441, 84608
94.2453, 84608
94.2464, 84608
94.2475, 84608
94.2487, 84608
94.2499, 84608
94.251, 84824
94.2521, 84824
94.2533, 84824
94.2544, 84824
94.2558, 84824
94.2572, 84824
94.259, 84824
94.2604, 84824
94.2617, 84824
94.2631, 84824
94.2643, 84824
94.2655, 84824
94.2666, 84824
94.2678, 84824
94.269, 84824
94.2703, 84824
94.2715, 84824
94.2726, 84824
94.2738, 84824
94.275, 84824
94.2761, 85040
94.2773, 85040
94.2785, 85040
94.2796, 85040
94.2808, 85040
94.282, 85040
94.2832, 85040
94.2844, 85040
94.2857, 85040
94.2869, 85040
94.2881, 85040
94.2893, 85040
94.2905, 85040
94.2916, 85040
94.2929, 85040
94.2941, 85040
94.2953, 85040
94.2965, 85040
94.2978, 85040
94.299, 85040
94.3001, 85040
94.3013, 85256
94.3026, 85256
94.3043, 85256
94.3058, 85256
94.3072, 85256
94.3084, 85256
94.3096, 85256
94.3107, 85040
94.3119, 85040
94.3131, 85040
94.3143, 85040
94.3155, 85040
94.3168, 85040
94.3182, 85040
94.3193, 85040
94.3205, 85040
94.3217, 85040
94.3228, 85040
94.324, 85040
94.3251, 85040
94.3263, 85040
94.3275, 85040
94.3287, 85040
94.3301, 85040
94.3315, 85040
94.333, 85040
94.3343, 85040
94.3355, 85040
94.3366, 85040
94.3378, 85040
94.3389, 85040
94.3401, 85040
94.3412, 85040
94.3424, 85040
94.3436, 85040
94.3448, 85040
94.346, 85040
94.3472, 85040
94.3484, 85040
94.3496, 85040
94.3509, 85040
94.3521, 85040
94.3533, 85040
94.3545, 85040
94.3557, 85040
94.3571, 85040
94.3584, 85040
94.3598, 85040
94.3612, 85040
94.3625, 85040
94.3638, 85040
94.3652, 85040
94.3668, 85040
94.3681, 85040
94.3694, 85040
94.3707, 85040
94.3721, 85040
94.3735, 85040
94.3749, 85040
94.3763, 85040
94.3777, 85040
94.3791, 85040
94.3805, 85040
94.382, 85040
94.3834, 85040
94.3848, 85040
94.3862, 85040
94.3876, 85040
94.3889, 85040
94.3902, 85040
94.3916, 85040
94.393, 85040
94.3945, 85040
94.396, 85040
94.3975, 85040
94.399, 85040
94.4005, 85040
94.4019, 85040
94.4032, 85040
94.4045, 85040
94.4057, 85040
94.407, 85040
94.4083, 85040
94.4095, 85040
94.4109, 85040
94.4121, 85040
94.4133, 85040
94.4146, 85040
94.4159, 85040
94.4173, 85040
94.4188, 85040
94.4202, 85040
94.4216, 85040
94.4231, 85040
94.4246, 85040
94.426, 85040
94.4273, 85040
94.4286, 85040
94.4302, 85040
94.4317, 85040
94.433, 85040
94.4344, 85040
94.4358, 85040
94.4372, 85040
94.4385, 85040
94.4398, 85040
94.4411, 85040
94.4424, 85040
94.4436, 85040
94.4449, 85040
94.4461, 85040
94.4474, 85040
94.4486, 85040
94.4498, 85040
94.4509, 85040
94.4523, 85040
94.4536, 85040
94.4549, 85040
94.4562, 85040
94.4577, 85040
94.4594, 85040
94.461, 85040
94.4625, 85040
94.464, 85040
94.4654, 85040
94.4668, 85040
94.4681, 85040
94.4694, 85040
94.4707, 85040
94.472, 85040
94.4732, 85040
94.4745, 85040
94.4758, 85040
94.4771, 85040
94.4784, 85040
94.4795, 85040
94.4807, 85040
94.4819, 85040
94.4832, 85040
94.4844, 85040
94.4857, 85040
94.4873, 85040
94.4886, 85040
94.4901, 85040
94.4914, 85040
94.4927, 85040
94.4941, 85040
94.4953, 85040
94.4965, 85040
94.4977, 85040
94.4989, 85040
94.5002, 85040
94.5014, 85040
94.5026, 85040
94.5038, 85040
94.5049, 85040
94.5061, 85040
94.5073, 85040
94.5085, 85040
94.5097, 85040
94.5108, 85040
94.512, 85040
94.5132, 85040
94.5146, 85040
94.516, 85040
94.5174, 85040
94.5187, 85040
94.5201, 85040
94.5216, 85040
94.5232, 85040
94.5247, 85040
94.526, 85040
94.5273, 85040
94.5287, 85040
94.53, 85040
94.5314, 85040
94.5326, 85040
94.5338, 85040
94.535, 85040
94.5363, 85040
94.5375, 85040
94.5388, 85040
94.5401, 85040
94.5413, 85040
94.5426, 85040
94.5438, 85040
94.5451, 85040
94.5464, 85040
94.5477, 85040
94.5489, 85040
94.5502, 85040
94.5516, 85040
94.5531, 85040
94.5544, 85040
94.5559, 85040
94.5573, 85040
94.5587, 85040
94.5602, 85040
94.5617, 85040
94.5636, 85040
94.5652, 85040
94.5668, 85040
94.5683, 85040
94.5699, 85040
94.5714, 85040
94.5728, 85040
94.5741, 85040
94.5754, 85040
94.5767, 85040
94.578, 85040
94.5793, 85040
94.5806, 85040
94.5819, 85040
94.5835, 84824
94.5851, 84824
94.587, 84824
94.5884, 84824
94.5898, 84824
94.5912, 84824
94.5925, 84824
94.5938, 84824
94.5951, 84824
94.5966, 84824
94.5982, 84824
94.5998, 84824
94.6013, 84824
94.6027, 84824
94.6041, 84824
94.6054, 84824
94.6067, 84824
94.608, 84824
94.6093, 84824
94.6106, 84824
94.6119, 84824
94.6132, 84824
94.6145, 84824
94.6158, 84824
94.6171, 84824
94.6186, 84824
94.62, 84824
94.6214, 84824
94.6227, 84824
94.6241, 84824
94.6254, 84824
94.6267, 84824
94.628, 84824
94.6297, 84824
94.6318, 84824
94.6337, 84608
94.6355, 84608
94.637, 84608
94.6384, 84608
94.6401, 84608
94.6418, 84608
94.6484, 84608
94.6498, 84608
94.6512, 84608
94.6525, 84608
94.6538, 84608
94.6552, 84608
94.6565, 84608
94.6578, 84608
94.6591, 84608
94.6604, 84608
94.6642, 84608
94.6657, 84608
94.6672, 84608
94.6687, 84608
94.6701, 84608
94.6715, 84608
94.6729, 84608
94.6743, 84608
94.6757, 84608
94.6772, 84392
94.6786, 84392
94.6798, 84392
94.681, 84392
94.6909, 84176
94.6923, 84176
94.6937, 84176
94.6952, 84176
94.6964, 84176
94.6993, 84176
94.705, 84392
94.7063, 84392
94.7074, 84392
94.7086, 84392
94.7097, 84392
94.7109, 84824
94.712, 84824
94.7131, 84824
94.7143, 84824
94.7154, 84824
94.7166, 84824
94.7177, 84824
94.7189, 84824
94.7201, 84824
94.7213, 84824
94.7225, 84824
94.7238, 84824
94.7251, 84824
94.7263, 84824
94.7276, 84824
94.7288, 84824
94.7301, 84824
94.7313, 84824
94.7324, 84824
94.7336, 84824
94.7347, 84824
94.7359, 84824
94.737, 84824
94.7381, 84824
94.7393, 84824
94.7404, 84824
94.7416, 84824
94.7427, 84824
94.7439, 84824
94.745, 84824
94.7462, 84824
94.7473, 84824
94.7485, 84824
94.7496, 84824
94.7508, 84824
94.7519, 84824
94.753, 84824
94.7542, 84824
94.7553, 84824
94.7565, 84824
94.7578, 84824
94.7591, 84824
94.7604, 84824
94.7617, 84824
94.7629, 84824
94.764, 84824
94.7652, 84824
94.7663, 84824
94.7675, 84824
94.7686, 84824
94.7698, 84824
94.7709, 85040
94.7721, 85040
94.7732, 85040
94.7744, 85040
94.7758, 85040
94.7772, 85040
94.7785, 85040
94.7799, 84824
94.7813, 84824
94.7826, 84824
94.7839, 84824
94.7852, 84824
94.7864, 84824
94.7877, 84824
94.789, 84824
94.7903, 84824
94.7915, 84824
94.7927, 84824
94.7938, 84824
94.795, 84824
94.7961, 84824
94.7972, 84608
94.7984, 84608
94.7995, 84608
94.8007, 84608
94.8019, 84608
94.8032, 84608
94.8045, 84608
94.8058, 84392
94.8071, 84392
94.8084, 84392
94.8095, 84392
94.8107, 84392
94.8118, 84392
94.8129, 84392
94.8141, 84608
94.8152, 84608
94.8164, 84608
94.8175, 84608
94.8187, 84608
94.8201, 84608
94.8214, 84608
94.8228, 84608
94.8242, 84608
94.8257, 84608
94.8271, 84608
94.8284, 84608
94.8297, 84608
94.831, 84824
94.8325, 84824
94.8338, 84824
94.835, 84824
94.8362, 84824
94.8374, 84824
94.8385, 84824
94.8396, 84824
94.8408, 84824
94.842, 84824
94.8432, 84824
94.8443, 84824
94.8455, 84824
94.8466, 84824
94.8479, 84608
94.8492, 84608
94.8505, 84608
94.8519, 84608
94.8532, 84608
94.8547, 84608
94.856, 84824
94.8572, 84824
94.8584, 84824
94.8596, 84824
94.8609, 84824
94.862, 84824
94.8633, 84824
94.8645, 85040
94.8656, 85040
94.8668, 85040
94.868, 85040
94.8691, 85040
94.8703, 85040
94.8714, 85040
94.8726, 85040
94.8738, 85256
94.875, 85256
94.8763, 85256
94.8777, 85256
94.8791, 85256
94.8804, 85256
94.8817, 85472
94.8831, 85472
94.8844, 85472
94.8857, 85472
94.887, 85472
94.8884, 85472
94.8898, 85472
94.8911, 85688
94.8925, 85688
94.8939, 85688
94.8954, 85688
94.8968, 85688
94.8982, 85688
94.8996, 85688
94.9009, 85688
94.9021, 85688
94.9034, 85688
94.9047, 85688
94.9061, 85688
94.9073, 85472
94.9085, 85472
94.9098, 85472
94.911, 85472
94.9125, 85472
94.9137, 85472
94.9149, 85472
94.9161, 85472
94.9175, 85472
94.9193, 85472
94.9208, 85472
94.9222, 85472
94.9237, 85472
94.9249, 85256
94.9261, 85256
94.9273, 85256
94.9285, 85256
94.9296, 85256
94.9308, 85256
94.932, 85256
94.9331, 85256
94.9343, 85256
94.9356, 85256
94.9368, 85256
94.938, 85256
94.9393, 85256
94.9405, 85256
94.9419, 85256
94.9432, 85256
94.9444, 85256
94.9456, 85256
94.9468, 85256
94.9481, 85256
94.9495, 85256
94.9507, 85256
94.952, 85256
94.9534, 85256
94.9552, 85256
94.9569, 85256
94.9586, 85256
94.9602, 85256
94.9617, 85256
94.963, 85256
94.9642, 85256
94.9656, 85256
94.9668, 85256
94.9682, 85256
94.9696, 85256
94.9709, 85256
94.9724, 85256
94.9738, 85256
94.9751, 85256
94.9765, 85040
94.9778, 85040
94.9793, 85040
94.9806, 85040
94.9819, 85040
94.9831, 85040
94.9843, 85256
94.9855, 85256
94.9867, 85256
94.9879, 85256
94.9892, 85256
94.9904, 85256
94.9917, 85256
94.993, 85256
94.9941, 85256
94.9953, 85256
94.9965, 85256
94.9978, 85256
94.999, 85256
95.0001, 85256
95.0014, 85040
95.0026, 85040
95.0039, 85040
95.0054, 85040
95.0068, 85040
95.0082, 85040
95.0095, 85040
95.0108, 85040
95.0122, 85040
95.0137, 85040
95.0151, 85040
95.0165, 85040
95.0181, 85040
95.0195, 85040
95.0209, 85040
95.0222, 85040
95.0235, 85040
95.0249, 85040
95.0264, 85040
95.0278, 85040
95.0292, 85040
95.0306, 85040
95.032, 85040
95.0334, 85040
95.0347, 85040
95.036, 85040
95.0373, 85040
95.0386, 85040
95.0399, 85040
95.0411, 85040
95.0424, 85040
95.0438, 85040
95.0451, 85040
95.0465, 85040
95.0481, 85040
95.0497, 85040
95.0514, 85040
95.0528, 85040
95.0541, 85040
95.0555, 85040
95.0569, 85040
95.0584, 85040
95.0599, 85040
95.0614, 84824
95.0631, 84824
95.0645, 84824
95.0658, 84824
95.0672, 84824
95.0685, 84824
95.0698, 84824
95.0711, 84824
95.0724, 84824
95.0737, 84824
95.075, 84824
95.0763, 84824
95.0777, 84824
95.0793, 84824
95.0807, 84824
95.0821, 84824
95.0834, 84824
95.0847, 84824
95.0859, 84824
95.0873, 84824
95.0887, 84824
95.0901, 84824
95.0916, 84824
95.093, 84824
95.0944, 84824
95.0958, 84824
95.0971, 84824
95.0984, 84824
95.0997, 84824
95.101, 84824
95.1023, 84824
95.1036, 84824
95.105, 84824
95.1063, 84824
95.1075, 84824
95.1088, 84824
95.1102, 84824
95.1116, 84824
95.1131, 84824
95.1144, 84824
95.1157, 84824
95.117, 84824
95.1184, 84824
95.1198, 84824
95.1213, 84824
95.1229, 84824
95.1246, 84824
95.1261, 84824
95.1275, 84824
95.1289, 84824
95.1303, 84824
95.1316, 84824
95.1331, 84824
95.1346, 84824
95.1361, 84824
95.1375, 84824
95.139, 84824
95.1405, 84824
95.1421, 84824
95.1435, 84824
95.1448, 84824
95.1464, 84824
95.1479, 84824
95.1494, 84824
95.1508, 84824
95.1523, 84824
95.1537, 84824
95.1552, 84608
95.16, 84608
95.1615, 84608
95.1628, 84608
95.1642, 84608
95.1656, 84608
95.167, 84608
95.1684, 84608
95.1699, 84608
95.1718, 84608
95.1733, 84608
95.1751, 84608
95.1766, 84608
95.1881, 84608
95.1895, 84608
95.1908, 84608
95.1922, 84608
95.1934, 84608
95.1946, 84608
95.1959, 84608
95.1971, 84608
95.1983, 84824
95.1994, 84824
95.2006, 84824
95.2021, 84824
95.2034, 84824
95.2048, 84824
95.2061, 84824
95.2075, 84824
95.2089, 84824
95.2101, 84824
95.2113, 84824
95.2125, 84824
95.2137, 84824
95.2148, 84824
95.216, 84824
95.2171, 84824
95.2183, 84824
95.2196, 84824
95.2209, 84824
95.2221, 84824
95.2234, 85040
95.2246, 85040
95.2258, 85040
95.227, 85040
95.2283, 85040
95.2296, 85040
95.2309, 85040
95.2322, 85040
95.2335, 85040
95.2348, 85040
95.2361, 85040
95.2376, 85040
95.239, 85040
95.2402, 85040
95.2414, 85040
95.2426, 85040
95.2438, 85040
95.245, 85040
95.2462, 85040
95.2477, 85040
95.2489, 85040
95.2501, 85040
95.2513, 85040
95.2526, 85040
95.2538, 85040
95.255, 85040
95.2561, 85040
95.2573, 85040
95.2586, 85040
95.2598, 85040
95.261, 85040
95.2622, 85040
95.2633, 85040
95.2645, 85040
95.2656, 84824
95.2668, 84824
95.2679, 84824
95.2692, 84824
95.2704, 84824
95.2716, 84824
95.2728, 84824
95.274, 84608
95.2753, 84608
95.2765, 84608
95.2777, 84608
95.2789, 84608
95.28, 84608
95.2811, 84608
95.2823, 84608
95.2835, 84608
95.2849, 84608
95.2862, 84608
95.2875, 84608
95.2889, 84608
95.2907, 84824
95.2926, 84824
95.294, 84824
95.2952, 84824
95.2965, 84824
95.298, 84824
95.2994, 84824
95.3008, 84824
95.3019, 84824
95.3031, 84824
95.3043, 84824
95.3055, 84824
95.3066, 84824
95.3078, 84824
95.3089, 84608
95.3101, 84608
95.3112, 84608
95.3124, 84608
95.3136, 84608
95.3148, 84608
95.3161, 84608
95.3174, 84392
95.3188, 84392
95.3202, 84392
95.3215, 84392
95.323, 84392
95.3244, 84392
95.3257, 84608
95.327, 84608
95.3281, 84608
95.3293, 84608
95.3304, 84608
95.3316, 84608
95.3327, 84608
95.3339, 84392
95.335, 84392
95.3362, 84392
95.3373, 84392
95.3384, 84392
95.3396, 84392
95.3407, 84392
95.3419, 84392
95.343, 84392
95.3442, 84392
95.3453, 84392
95.3465, 84392
95.3477, 84392
95.3488, 84392
95.35, 84392
95.3515, 84392
95.3528, 84392
95.3541, 84392
95.3554, 84392
95.3566, 84392
95.3578, 84392
95.359, 84392
95.3601, 84608
95.3613, 84608
95.3625, 84608
95.3637, 84608
95.3648, 84608
95.366, 84608
95.3672, 84608
95.3684, 84392
95.3697, 84392
95.3712, 84392
95.3727, 84392
95.3741, 84392
95.3757, 84392
95.3771, 84608
95.3787, 84608
95.38, 84608
95.3813, 84608
95.3826, 84608
95.3839, 84608
95.3852, 84608
95.3865, 84608
95.3878, 84608
95.3891, 84608
95.3904, 84608
95.3916, 84608
95.3929, 84608
95.3941, 84608
95.3953, 84608
95.3964, 84608
95.3976, 84608
95.3987, 84608
95.3999, 84608
95.401, 84608
95.4022, 84608
95.4034, 84608
95.4048, 84608
95.4062, 84608
95.4076, 84608
95.4089, 84608
95.4102, 84608
95.4115, 84824
95.4128, 84824
95.4139, 84824
95.4152, 84824
95.4164, 84824
95.4175, 84824
95.4187, 84824
95.4199, 84608
95.421, 84608
95.4291, 84608
95.4304, 84608
95.4316, 84608
95.4329, 84608
95.4341, 84608
95.4354, 84608
95.4367, 84824
95.4379, 84824
95.4393, 84824
95.4406, 84824
95.4418, 84824
95.443, 84824
95.4443, 84824
95.4455, 84824
95.4467, 84824
95.4479, 84824
95.4491, 84824
95.4502, 84824
95.4514, 84824
95.4526, 84824
95.4537, 84608
95.4549, 84608
95.4563, 84608
95.4579, 84608
95.4594, 84608
95.4609, 84608
95.4622, 84608
95.4635, 84608
95.4647, 84608
95.4661, 84608
95.4674, 84608
95.4686, 84608
95.4698, 84608
95.471, 84824
95.4722, 84824
95.4733, 84824
95.4745, 84824
95.4756, 84824
95.4768, 84824
95.4781, 84824
95.4793, 85040
95.4806, 85040
95.4818, 85040
95.483, 85040
95.4842, 85040
95.4853, 85040
95.4865, 85040
95.4877, 85256
95.489, 85256
95.4903, 85256
95.494, 85256
95.4954, 85256
95.4967, 85256
95.4997, 85256
95.5011, 85256
95.5023, 85256
95.5036, 85256
95.505, 85040
95.5063, 85040
95.5076, 85040
95.5088, 85040
95.5099, 85040
95.5112, 85040
95.5124, 85040
95.5135, 85256
95.5147, 85256
95.5158, 85256
95.5181, 85256
95.5194, 85256
95.5208, 85256
95.5222, 85040
95.5236, 85040
95.5249, 85040
95.5261, 85040
95.5274, 85040
95.5287, 85040
95.5301, 85040
95.5314, 85040
95.5328, 85040
95.5342, 85040
95.5358, 85040
95.5372, 85040
95.5386, 85040
95.5401, 85040
95.5415, 85040
95.5429, 85040
95.5444, 85040
95.5461, 85040
95.5476, 85040
95.5492, 85040
95.5507, 85040
95.5522, 85040
95.5588, 85040
95.5602, 85040
95.5616, 85040
95.563, 85040
95.5644, 85040
95.5657, 85040
95.5671, 85040
95.5685, 85040
95.5697, 85040
95.571, 85040
95.5723, 85040
95.5738, 85040
95.5751, 85040
95.5764, 85040
95.5777, 85040
95.5789, 85040
95.585, 85256
95.5864, 85256
95.5878, 85256
95.589, 85256
95.5903, 85256
95.5916, 85256
95.5929, 85256
95.5941, 85256
95.5954, 85256
95.5967, 85256
95.598, 85256
95.5994, 85256
95.6007, 85256
95.602, 85256
95.6033, 85256
95.6045, 85256
95.6058, 85256
95.6071, 85256
95.6086, 85256
95.6099, 85256
95.6114, 85256
95.6127, 85256
95.6141, 85256
95.6154, 85472
95.6168, 85472
95.6181, 85472
95.6193, 85472
95.6205, 85472
95.6216, 85472
95.6228, 85472
95.6239, 85472
95.6251, 85472
95.6262, 85472
95.6274, 85472
95.6287, 85472
95.6301, 85472
95.6315, 85472
95.633, 85472
95.6344, 85472
95.6358, 85472
95.6374, 85472
95.639, 85472
95.6405, 85472
95.642, 85256
95.6435, 85256
95.6449, 85256
95.6464, 85256
95.648, 85256
95.6494, 85256
95.6508, 85256
95.6522, 85256
95.6536, 85256
95.6549, 85256
95.6564, 85256
95.6578, 85256
95.6592, 85256
95.6606, 85256
95.6683, 85256
95.6698, 85256
95.6711, 85256
95.6723, 85256
95.6736, 85256
95.675, 85256
95.6765, 85256
95.6777, 85256
95.679, 85256
95.6802, 85256
95.6815, 85256
95.6826, 85256
95.6838, 85040
95.6849, 85040
95.6862, 85040
95.6875, 85040
95.6887, 85040
95.6899, 85040
95.6912, 85040
95.6925, 85256
95.6937, 85256
95.6949, 85256
95.6961, 85256
95.6972, 85256
95.6984, 85256
95.6995, 85256
95.7007, 85256
95.7019, 85256
95.7033, 85256
95.7049, 85256
95.7064, 85256
95.7079, 85256
95.7095, 85040
95.711, 85040
95.7124, 85040
95.7139, 85040
95.7154, 85040
95.7169, 85040
95.7183, 85256
95.7196, 85256
95.7208, 85256
95.7221, 85256
95.7234, 85256
95.7248, 85256
95.7261, 85256
95.7273, 85256
95.7287, 85256
95.7301, 85256
95.7314, 85256
95.7327, 85256
95.734, 85256
95.7354, 85256
95.7366, 85256
95.7379, 85256
95.7391, 85256
95.7402, 85256
95.7414, 85256
95.7425, 85256
95.7437, 85256
95.7448, 85256
95.746, 85256
95.7472, 85256
95.7484, 85256
95.7496, 85256
95.7507, 85256
95.7519, 85256
95.753, 85256
95.7542, 85256
95.7553, 85256
95.7565, 85256
95.7576, 85256
95.7588, 85256
95.76, 85256
95.7611, 85256
95.7623, 85256
95.7635, 85256
95.7648, 85256
95.7661, 85256
95.7673, 85256
95.7685, 85256
95.7696, 85256
95.7708, 85256
95.772, 85256
95.7731, 85256
95.7743, 85256
95.7755, 85256
95.7768, 85256
95.7782, 85256
95.7795, 85256
95.7808, 85256
95.7821, 85256
95.7834, 85256
95.7847, 85256
95.7861, 85256
95.7875, 85256
95.7888, 85256
95.7901, 85256
95.7914, 85256
95.7929, 85256
95.7942, 85256
95.7955, 85256
95.7967, 85256
95.7978, 85256
95.799, 85256
95.8001, 85256
95.8013, 85256
95.8024, 85256
95.8037, 85256
95.8053, 85256
95.8065, 85256
95.8077, 85256
95.809, 85256
95.8104, 85256
95.8117, 85256
95.8131, 85256
95.8143, 85256
95.8154, 85256
95.8166, 85256
95.8178, 85256
95.819, 85256
95.8202, 85040
95.8214, 85040
95.8228, 85040
95.8241, 85040
95.8255, 85040
95.8269, 85040
95.8286, 85040
95.8302, 85040
95.8317, 85040
95.8332, 85040
95.835, 85040
95.8363, 85040
95.8377, 85040
95.8393, 85040
95.8412, 85040
95.8426, 85040
95.8438, 85040
95.8451, 85040
95.8463, 85040
95.8475, 85040
95.8486, 85040
95.8498, 85040
95.851, 85040
95.8524, 85040
95.8538, 85040
95.855, 85040
95.8562, 85040
95.8574, 85040
95.8586, 85040
95.8598, 85040
95.861, 85040
95.8623, 85040
95.8639, 85040
95.8655, 85040
95.8669, 85040
95.8685, 85040
95.8703, 85040
95.8717, 84824
95.873, 84824
95.8743, 84824
95.8755, 84824
95.8767, 84824
95.8779, 84824
95.8791, 84824
95.8803, 84824
95.8815, 84824
95.8827, 84824
95.884, 84824
95.8855, 84824
95.8869, 84824
95.8883, 84824
95.8896, 84824
95.8911, 84824
95.8926, 84824
95.8941, 84824
95.8956, 84824
95.897, 84824
95.8981, 84824
95.8993, 84824
95.9004, 84824
95.9016, 84824
95.9027, 84824
95.904, 84824
95.9052, 84824
95.9063, 84392
95.9075, 84392
95.9086, 84392
95.91, 84392
95.9113, 84392
95.9126, 84392
95.9138, 84392
95.9149, 84176
95.9161, 84176
95.9172, 84176
95.9184, 84176
95.9198, 84176
95.9213, 84176
95.9229, 84176
95.9245, 84176
95.9264, 84176
95.9277, 84176
95.9289, 84176
95.9302, 84176
95.9315, 84392
95.9328, 84392
95.934, 84392
95.9353, 84392
95.9365, 84392
95.9377, 84392
95.9388, 84392
95.94, 84392
95.9411, 84392
95.9423, 84392
95.9434, 84392
95.9446, 84392
95.9457, 84392
95.9469, 84392
95.9481, 84392
95.9493, 84608
95.9505, 84608
95.9518, 84608
95.9532, 84608
95.9547, 84608
95.9561, 84608
95.9574, 84608
95.9588, 84608
95.9602, 84608
95.9615, 84608
95.9627, 84608
95.9639, 84608
95.965, 84608
95.9662, 84824
95.9673, 84824
95.9685, 84824
95.9697, 84824
95.9708, 84824
95.972, 84824
95.9731, 84824
95.9743, 84824
95.9754, 84824
95.9765, 84824
95.9777, 84824
95.9789, 84824
95.98, 84824
95.9812, 84824
95.9823, 84824
95.9835, 84824
95.9847, 84824
95.9858, 84824
95.9871, 84824
95.9884, 84824
95.9899, 84824
95.9915, 84824
95.9929, 84824
95.9941, 84824
95.9955, 84824
95.9967, 84824
95.9979, 84824
95.9991, 84824
96.0003, 84392
96.0014, 84392
96.0025, 84392
96.0037, 84392
96.0051, 84392
96.0069, 84392
96.0084, 84176
96.01, 84176
96.0115, 84176
96.0129, 84176
96.0142, 84176
96.0156, 84176
96.0169, 84608
96.0181, 84608
96.0194, 84608
96.0208, 84608
96.022, 84608
96.0232, 84608
96.0244, 84608
96.0255, 84824
96.0267, 84824
96.0278, 84824
96.029, 84824
96.0301, 84824
96.0313, 84824
96.0324, 84824
96.0336, 84824
96.0347, 84824
96.036, 84824
96.0375, 84824
96.039, 84824
96.0406, 84824
96.0419, 84824
96.0432, 84824
96.0444, 84824
96.0455, 84824
96.0467, 84824
96.0478, 84824
96.049, 84824
96.0501, 84824
96.0513, 84824
96.0524, 84824
96.0537, 84824
96.0557, 84824
96.0573, 84824
96.0589, 84824
96.0602, 84608
96.0616, 84608
96.0629, 84608
96.0642, 84608
96.0655, 84608
96.0668, 84608
96.0682, 84824
96.0694, 84824
96.0706, 84824
96.0718, 84824
96.0729, 84824
96.074, 84824
96.0752, 84824
96.0763, 84392
96.0775, 84392
96.0786, 84392
96.0798, 84392
96.0809, 84392
96.0822, 84392
96.0838, 84392
96.0852, 84176
96.0867, 84176
96.0881, 84176
96.0896, 84176
96.0911, 84176
96.0926, 84176
96.0941, 84392
96.097, 84392
96.0984, 84392
96.0998, 84392
96.1012, 84392
96.1025, 84392
96.1038, 84392
96.1053, 84392
96.1067, 84392
96.1081, 84392
96.1093, 84392
96.1106, 84608
96.1119, 84608
96.1133, 84608
96.1146, 84608
96.1161, 84608
96.1175, 84608
96.1189, 85040
96.1203, 85040
96.1217, 85040
96.1262, 85040
96.1278, 85040
96.1292, 85040
96.1306, 85040
96.132, 85040
96.1334, 85040
96.1375, 85040
96.139, 85040
96.1405, 85040
96.1419, 85040
96.1433, 85040
96.1447, 85040
96.1462, 85040
96.1478, 85040
96.1493, 85040
96.1509, 85040
96.1528, 84824
96.1543, 84824
96.1559, 84824
96.1573, 84824
96.1587, 84824
96.1601, 84824
96.1614, 84824
96.1627, 84824
96.1641, 84824
96.1654, 84824
96.1683, 84824
96.1696, 84824
96.1709, 85040
96.1722, 85040
96.1735, 85040
96.1747, 85040
96.1761, 85040
96.1774, 85040
96.1785, 85040
96.1796, 85040
96.1808, 85040
96.1819, 85040
96.183, 85040
96.1841, 85040
96.1852, 85040
96.1863, 85040
96.1875, 85040
96.1886, 85040
96.1897, 85040
96.1908, 85040
96.1919, 85040
96.193, 85040
96.1941, 85040
96.1953, 85040
96.1964, 84824
96.1975, 84824
96.1986, 84824
96.1997, 84824
96.2008, 84824
96.202, 84824
96.2031, 84824
96.2042, 85040
96.2053, 85040
96.2064, 85040
96.2076, 85040
96.2087, 85040
96.2098, 85040
96.2109, 85040
96.212, 85040
96.2131, 85040
96.2143, 85040
96.2154, 85040
96.2165, 85040
96.2177, 85040
96.2188, 85040
96.2199, 85040
96.221, 85040
96.2221, 85040
96.2232, 85040
96.2244, 85040
96.2255, 85040
96.2266, 85040
96.2277, 85040
96.2288, 85040
96.23, 85040
96.2311, 85040
96.2322, 85040
96.2333, 85040
96.2344, 85040
96.2355, 85040
96.2367, 85040
96.2378, 85040
96.2389, 85040
96.24, 85040
96.2411, 85040
96.2422, 85040
96.2433, 85040
96.2444, 85040
96.2455, 85040
96.2466, 85040
96.2477, 85040
96.2489, 85040
96.25, 85040
96.2511, 85040
96.2522, 85040
96.2534, 85040
96.2545, 85040
96.2556, 84824
96.2568, 84824
96.2579, 84824
96.2591, 84824
96.2602, 84824
96.2613, 84824
96.2625, 84824
96.2636, 84824
96.2647, 84824
96.2658, 84824
96.267, 84824
96.2681, 84824
96.2692, 84824
96.2703, 84824
96.2714, 84824
96.2726, 84824
96.2737, 84824
96.2748, 84824
96.2762, 84824
96.2776, 84824
96.2789, 84824
96.2802, 84824
96.2816, 84824
96.2829, 84824
96.2847, 84824
96.2865, 84824
96.2879, 84824
96.2892, 84824
96.2905, 84824
96.2918, 84824
96.2932, 84824
96.2981, 84824
96.2995, 84824
96.3028, 84824
96.3042, 84824
96.3071, 84824
96.3084, 84824
96.3097, 84824
96.311, 84824
96.3123, 84824
96.3135, 84824
96.3148, 84824
96.316, 84824
96.3173, 84824
96.3185, 84824
96.3198, 84824
96.321, 84824
96.3221, 84824
96.3233, 84824
96.3245, 84824
96.3256, 84824
96.3267, 84824
96.3278, 84824
96.3289, 84824
96.33, 84824
96.3312, 84824
96.3323, 85040
96.3334, 85040
96.3347, 85040
96.336, 85040
96.3373, 85040
96.3391, 85040
96.3413, 84824
96.3436, 84824
96.3457, 84824
96.3474, 84824
96.3489, 84824
96.3504, 84608
96.352, 84608
96.3539, 84608
96.3559, 84608
96.3575, 84608
96.359, 84824
96.3607, 84824
96.3621, 84824
96.3635, 84824
96.3652, 84824
96.3682, 84608
96.3709, 84608
96.3725, 84608
96.3752, 84608
96.3769, 84608
96.3787, 84608
96.3806, 84608
96.3822, 84608
96.3839, 84608
96.3852, 84608
96.3892, 84608
96.3912, 84608
96.395, 84176
96.4031, 83960
96.4044, 83960
96.4056, 83960
96.4113, 84176
96.4192, 83744
96.4211, 83744
96.423, 83744
96.4254, 83744
96.4269, 83744
96.4285, 83744
96.4304, 83744
96.4317, 83744
96.4406, 83960
96.4426, 83960
96.4443, 83744
96.4458, 83744
96.4549, 83744
96.4577, 83744
96.4595, 83744
96.461, 83528
96.4709, 83528
96.4746, 83528
96.4778, 83528
96.4907, 83312
96.4923, 83312
96.4938, 83312
96.4954, 83528
96.5019, 83312
96.5053, 83312
96.5159, 83312
96.5198, 83312
96.5213, 83312
96.5226, 83312
96.5354, 83528
96.5407, 83528
96.5478, 83312
96.556, 83312
96.5624, 83312
96.5661, 83312
96.5706, 83312
96.5725, 83312
96.5743, 83312
96.5759, 83312
96.5774, 83312
96.5788, 83312
96.5801, 83096
96.5823, 83096
96.5923, 83312
96.5945, 83312
96.5962, 83312
96.5987, 83312
96.6074, 83312
96.6089, 83312
96.616, 83312
96.6193, 83312
96.6226, 83096
96.6242, 83096
96.6254, 83096
96.6279, 83096
96.6352, 83096
96.637, 83096
96.6383, 83096
96.6395, 83096
96.641, 83096
96.6427, 83096
96.6523, 82880
96.6554, 82880
96.6703, 83096
96.6758, 82880
96.6906, 83096
96.6956, 83096
96.697, 83096
96.6984, 83096
96.7, 82880
96.7015, 82880
96.7028, 82880
96.704, 82880
96.7052, 82880
96.7065, 82880
96.7103, 83096
96.7213, 83096
96.7255, 83312
96.7268, 83312
96.728, 83312
96.7292, 83312
96.7304, 83312
96.7316, 83312
96.7328, 83312
96.7342, 83312
96.7355, 83312
96.7367, 83312
96.7379, 83312
96.7435, 83312
96.7447, 83312
96.7463, 83312
96.7476, 83312
96.7506, 83312
96.752, 83312
96.7541, 83312
96.757, 83312
96.7584, 83312
96.7597, 83312
96.7609, 83312
96.7621, 83312
96.7634, 83312
96.7645, 83312
96.7657, 83312
96.7668, 83312
96.768, 83528
96.7691, 83528
96.7705, 83528
96.7718, 83528
96.7732, 83528
96.7745, 83528
96.7759, 83528
96.7772, 83528
96.7786, 83528
96.7832, 83528
96.7845, 83528
96.7857, 83528
96.7868, 83528
96.788, 83528
96.7891, 83528
96.7903, 83528
96.7914, 83528
96.7926, 83528
96.7937, 83312
96.7948, 83312
96.796, 83312
96.8013, 83312
96.8026, 83096
96.8038, 83096
96.8049, 83096
96.8061, 83096
96.8072, 83096
96.8083, 83096
96.8095, 83096
96.8106, 83096
96.8118, 83096
96.8129, 83096
96.8141, 83096
96.8154, 83096
96.8168, 83096
96.8183, 83096
96.8198, 83096
96.8212, 83096
96.8226, 83096
96.824, 83096
96.8254, 83096
96.8267, 83096
96.828, 83528
96.8294, 83528
96.8308, 83528
96.8322, 83528
96.8334, 83528
96.8347, 83528
96.8359, 83528
96.8371, 83528
96.8382, 83528
96.8394, 83528
96.8406, 83528
96.8418, 83528
96.8429, 83528
96.8441, 83528
96.8453, 83528
96.8467, 83528
96.8483, 83528
96.8498, 83528
96.8514, 83528
96.8529, 83528
96.8543, 83528
96.8558, 83528
96.8573, 83528
96.8586, 83528
96.8598, 83528
96.861, 83528
96.8621, 83528
96.8633, 83528
96.8645, 83528
96.8656, 83528
96.8668, 83528
96.8679, 83528
96.8691, 83528
96.8703, 83744
96.8715, 83744
96.8727, 83744
96.8739, 83744
96.8751, 83744
96.8763, 83744
96.8776, 83744
96.8788, 83960
96.88, 83960
96.8812, 83960
96.8824, 83960
96.8836, 83960
96.8848, 83960
96.886, 83960
96.8873, 83960
96.8886, 83960
96.8898, 83960
96.8912, 83960
96.8925, 83960
96.8937, 83960
96.8951, 83960
96.8967, 83960
96.8981, 83960
96.9004, 83960
96.9024, 83960
96.9042, 83960
96.9055, 83960
96.9081, 83960
96.9103, 83960
96.9125, 83960
96.9145, 83960
96.9162, 83960
96.9177, 83960
96.9191, 83960
96.9204, 83960
96.9216, 83744
96.923, 83744
96.9245, 83744
96.9257, 83744
96.927, 83744
96.9287, 83744
96.9305, 83744
96.932, 83744
96.9343, 83744
96.9357, 83744
96.9371, 83744
96.9384, 83744
96.9396, 83744
96.9423, 83744
96.9444, 83744
96.9496, 83744
96.9517, 83744
96.9533, 83744
96.9548, 83744
96.9564, 83528
96.9578, 83528
96.9591, 83528
96.9609, 83528
96.9716, 83744
96.9749, 83744
96.9781, 83744
96.9822, 83528
96.9873, 83744
96.9996, 83528
97.0027, 83528
97.0149, 83528
97.0205, 83528
97.0239, 83528
97.0253, 83528
97.0303, 83312
97.0343, 83312
97.0401, 83744
97.0534, 83528
97.0566, 83744
97.0606, 83744
97.0622, 83744
97.0636, 83744
97.0648, 83744
97.0667, 83744
97.0682, 83744
97.0696, 83744
97.0711, 83744
97.0727, 83744
97.0751, 83528
97.0767, 83528
97.0784, 83528
97.08, 83528
97.0816, 83528
97.083, 83528
97.085, 83528
97.0871, 83528
97.0893, 83528
97.0927, 83528
97.0946, 83528
97.0967, 83528
97.0991, 83528
97.1012, 83528
97.1026, 83528
97.1108, 83528
97.1183, 83528
97.1264, 83312
97.145, 83312
97.1589, 83528
97.1629, 83528
97.1688, 83528
97.1701, 83528
97.1716, 83528
97.1747, 83528
97.1774, 83312
97.1798, 83312
97.1815, 83312
97.1916, 83312
97.1992, 83528
97.2061, 83312
97.2183, 83528
97.2222, 83744
97.2308, 83528
97.2345, 83528
97.2357, 83528
97.2373, 83312
97.2401, 83312
97.242, 83312
97.2449, 83528
97.2485, 83528
97.2503, 83528
97.2528, 83528
97.266, 83528
97.2675, 83528
97.2687, 83528
97.2699, 83528
97.2711, 83744
97.2723, 83744
97.2734, 83744
97.2746, 83744
97.2758, 83744
97.2771, 83744
97.2783, 83744
97.2795, 83744
97.2807, 83744
97.2819, 83744
97.2831, 83744
97.2843, 83744
97.2854, 83744
97.2867, 83744
97.2879, 83960
97.289, 83960
97.2902, 83960
97.2914, 83960
97.2926, 83960
97.2939, 83960
97.2952, 83960
97.2965, 83960
97.2979, 83960
97.2992, 83960
97.3005, 83960
97.3018, 83960
97.3031, 83960
97.3043, 83960
97.3055, 83960
97.3067, 83960
97.308, 83960
97.3093, 83960
97.3107, 83960
97.312, 83960
97.3134, 83960
97.3147, 83960
97.316, 83960
97.3172, 83960
97.3183, 83960
97.3195, 83960
97.3207, 83960
97.3219, 83960
97.323, 84176
97.3242, 84176
97.3255, 84176
97.3267, 84176
97.328, 84176
97.3291, 84176
97.3302, 84176
97.3314, 84176
97.3325, 84176
97.3337, 84176
97.335, 84176
97.3363, 84176
97.3375, 84176
97.3399, 84176
97.3438, 84176
97.3458, 84176
97.348, 84176
97.3497, 84176
97.351, 84176
97.3524, 84176
97.354, 84176
97.3568, 84176
97.3599, 84176
97.3615, 84176
97.3628, 84176
97.3642, 84176
97.3655, 84176
97.3667, 84176
97.3679, 84176
97.3691, 84176
97.3706, 84176
97.3719, 84176
97.3731, 84176
97.3744, 84176
97.3757, 84176
97.3769, 84176
97.3782, 84176
97.3794, 84176
97.3805, 84176
97.3817, 83960
97.383, 83960
97.3842, 83960
97.3854, 83960
97.3867, 83960
97.3878, 83960
97.389, 83960
97.3902, 83960
97.3914, 83960
97.3926, 83960
97.3938, 83960
97.395, 83960
97.3963, 83960
97.3976, 83960
97.399, 83744
97.4004, 83744
97.4016, 83744
97.403, 83744
97.4042, 83744
97.4054, 83744
97.4066, 83744
97.4078, 83528
97.4089, 83528
97.4101, 83528
97.4115, 83528
97.4127, 83528
97.4142, 83528
97.4155, 83528
97.4167, 83528
97.4179, 83528
97.4194, 83528
97.4206, 83528
97.4218, 83528
97.423, 83528
97.4242, 83528
97.4254, 83528
97.4266, 83528
97.4279, 83528
97.4292, 83528
97.4303, 83528
97.4392, 83528
97.4538, 83312
97.4592, 83528
97.468, 83744
97.4752, 83744
97.4767, 83960
97.4782, 83960
97.4797, 83960
97.4809, 83960
97.4823, 83960
97.4835, 83960
97.4847, 83528
97.4883, 83528
97.4902, 83528
97.4917, 83528
97.4932, 83528
97.4976, 83528
97.5041, 83528
97.5055, 83528
97.5067, 83528
97.5118, 83528
97.5225, 83312
97.53, 83312
97.5341, 83312
97.54, 83096
97.5477, 83312
97.5503, 83312
97.5552, 83096
97.5579, 83096
97.5614, 83312
97.5649, 83312
97.5665, 83312
97.5679, 83312
97.5727, 83528
97.5803, 83528
97.5885, 83528
97.5925, 83528
97.5966, 83528
97.6006, 83528
97.6019, 83528
97.6037, 83528
97.605, 83528
97.6065, 83528
97.6078, 83528
97.6091, 83528
97.6128, 83528
97.6148, 83528
97.6171, 83528
97.6183, 83528
97.6198, 83528
97.621, 83528
97.6222, 83528
97.6236, 83528
97.6248, 83528
97.6263, 83528
97.629, 83528
97.6327, 83528
97.6397, 83312
97.6437, 83312
97.6452, 83312
97.6464, 83312
97.6476, 83312
97.6488, 83312
97.65, 83312
97.6514, 83312
97.6526, 83312
97.6537, 83312
97.6552, 83528
97.6577, 83528
97.6637, 83312
97.665, 83312
97.6667, 83312
97.6727, 83096
97.6828, 83096
97.6874, 83096
97.6994, 83096
97.7089, 83096
97.7119, 83096
97.7156, 83096
97.7225, 83096
97.7245, 82880
97.7343, 83096
97.7361, 83096
97.7375, 83096
97.7396, 83096
97.7443, 83096
97.748, 82880
97.7574, 82880
97.7605, 82880
97.7624, 82880
97.764, 82880
97.7656, 82880
97.7669, 83096
97.7681, 83096
97.7712, 82880
97.7767, 82880
97.7782, 82880
97.7857, 82880
97.7901, 82880
97.7915, 83528
97.7927, 83528
97.794, 83528
97.7952, 83528
97.7963, 83528
97.7975, 83528
97.7988, 83528
97.7999, 83312
97.8011, 83312
97.8022, 83312
97.8034, 83312
97.8045, 83312
97.8057, 83312
97.8069, 83312
97.809, 83312
97.8123, 83312
97.826, 83960
97.8273, 83960
97.8285, 83960
97.8297, 83960
97.8309, 83960
97.832, 83960
97.8332, 83960
97.8344, 84392
97.8356, 84392
97.8368, 84392
97.838, 84392
97.8394, 84392
97.8407, 84392
97.842, 84392
97.8434, 84608
97.8446, 84608
97.846, 84608
97.8473, 84608
97.8486, 84608
97.8498, 84608
97.8511, 84824
97.8524, 84824
97.8538, 84824
97.8552, 84824
97.8566, 84824
97.858, 84824
97.8593, 84824
97.8608, 84824
97.8621, 84824
97.8635, 84824
97.8647, 84824
97.8659, 84824
97.867, 84824
97.8681, 84824
97.8692, 84608
97.8704, 84608
97.8716, 84608
97.873, 84608
97.8743, 84608
97.8755, 84608
97.8769, 84608
97.8781, 84608
97.8793, 84608
97.8808, 84608
97.8821, 84608
97.8834, 84608
97.8847, 84608
97.8863, 84608
97.8878, 84608
97.8892, 84608
97.8907, 84608
97.8921, 84608
97.8935, 84608
97.8948, 84392
97.8962, 84392
97.8975, 84392
97.8987, 84392
97.8999, 84392
97.9012, 84392
97.9025, 84392
97.9037, 84392
97.9049, 84392
97.9061, 84392
97.9072, 84392
97.9084, 84392
97.9095, 84392
97.9107, 84392
97.9119, 84392
97.9132, 84392
97.9147, 84392
97.9164, 84392
97.918, 84392
97.9197, 84392
97.9212, 84392
97.9225, 84392
97.9238, 84392
97.925, 84392
97.9262, 84392
97.9274, 84392
97.9288, 84392
97.9303, 84392
97.9316, 84392
97.933, 84392
97.9343, 84392
97.9357, 84392
97.9371, 84392
97.9385, 84392
97.94, 84392
97.9417, 84392
97.9432, 84392
97.9447, 84392
97.9461, 84608
97.9475, 84608
97.949, 84608
97.9505, 84608
97.952, 84608
97.9534, 84608
97.9549, 84608
97.9565, 84608
97.958, 84608
97.9596, 84608
97.961, 84608
97.9625, 84608
97.9642, 84608
97.9656, 84608
97.967, 84608
97.9684, 84608
97.9699, 84608
97.9714, 84608
97.9727, 84608
97.9741, 84608
97.9753, 84608
97.9767, 84608
97.9781, 84608
97.9795, 84608
97.9808, 84608
97.9823, 84608
97.9836, 84608
97.9849, 84608
97.9863, 84608
97.9876, 84824
97.989, 84824
97.9903, 84824
97.9916, 84824
97.9929, 84824
97.9943, 84824
97.9957, 84824
97.997, 84824
97.9983, 84824
97.9996, 84824
98.0009, 84824
98.0022, 84824
98.0036, 84824
98.0048, 84824
98.0062, 84824
98.0077, 84824
98.009, 84824
98.0104, 84824
98.0118, 84824
98.0132, 84824
98.0147, 84824
98.0161, 84824
98.0175, 84824
98.0189, 84824
98.0204, 84824
98.022, 84824
98.0234, 84824
98.0249, 84824
98.0262, 84824
98.0276, 84824
98.0291, 84824
98.0305, 84824
98.0319, 84824
98.0334, 84824
98.0353, 84824
98.0367, 84824
98.0379, 84824
98.0392, 84824
98.0405, 84824
98.0418, 84824
98.0431, 84824
98.0443, 84824
98.0456, 84824
98.0469, 84824
98.0482, 84608
98.0495, 84608
98.0508, 84608
98.0521, 84608
98.0534, 84608
98.0547, 84608
98.0561, 84608
98.0578, 84608
98.0595, 84608
98.0615, 84608
98.0633, 84608
98.065, 84608
98.0665, 84608
98.0681, 84608
98.0695, 84608
98.0709, 84608
98.0723, 84608
98.0738, 84608
98.0753, 84608
98.0766, 84608
98.0781, 84608
98.0797, 84608
98.0813, 84392
98.0828, 84392
98.0844, 84392
98.0858, 84392
98.0875, 84392
98.089, 84392
98.0906, 84392
98.0922, 84392
98.0938, 84392
98.0955, 84392
98.097, 84392
98.0984, 84392
98.0998, 84392
98.1012, 84392
98.1025, 84392
98.1039, 84392
98.1054, 84392
98.1068, 84392
98.1083, 84392
98.1101, 84392
98.1117, 84392
98.1133, 84392
98.1147, 84392
98.1161, 84392
98.1175, 84392
98.1191, 84392
98.1207, 84392
98.1221, 84392
98.1235, 84392
98.125, 84392
98.1263, 84392
98.1277, 84392
98.129, 84392
98.1303, 84392
98.1316, 84392
98.1329, 84608
98.1342, 84608
98.1356, 84608
98.1392, 84608
98.1405, 84608
98.142, 84608
98.1434, 84608
98.1448, 84608
98.1462, 84608
98.1499, 84608
98.1516, 84608
98.1531, 84608
98.1545, 84608
98.1559, 84608
98.1621, 84608
98.1636, 84608
98.165, 84608
98.1663, 84608
98.1676, 84608
98.169, 84608
98.1703, 84608
98.1716, 84608
98.1729, 84608
98.1742, 84608
98.1756, 84608
98.177, 84608
98.1788, 84608
98.1803, 84608
98.1818, 84608
98.1835, 84608
98.1849, 84608
98.1868, 84608
98.1891, 84608
98.1933, 84608
98.2027, 84608
98.2062, 84608
98.2141, 84608
98.2153, 84608
98.2165, 84608
98.2176, 84608
98.2188, 84824
98.2199, 84824
98.2211, 84824
98.2232, 84824
98.2244, 84824
98.2255, 84824
98.227, 84824
98.2285, 84824
98.2298, 84824
98.231, 84824
98.2322, 84824
98.2333, 84824
98.2345, 84824
98.2356, 84608
98.2381, 84608
98.2413, 84608
98.2437, 84608
98.2455, 84608
98.247, 84608
98.2482, 84608
98.2497, 84608
98.2538, 84608
98.2552, 84608
98.2565, 84608
98.2577, 84608
98.2588, 84608
98.26, 84608
98.2611, 84824
98.2623, 84824
98.2634, 84824
98.2646, 84824
98.2657, 84824
98.2668, 84824
98.2769, 84824
98.2781, 85040
98.2793, 85040
98.2804, 85040
98.2815, 85040
98.2827, 85040
98.2838, 85040
98.285, 85040
98.2861, 85040
98.2872, 85040
98.2884, 85040
98.2895, 85040
98.2906, 85040
98.2918, 85040
98.2929, 85040
98.2941, 85040
98.2952, 84824
98.2964, 84824
98.2975, 84824
98.2987, 84824
98.2998, 84824
98.301, 84824
98.3021, 84824
98.3032, 84824
98.3045, 84824
98.3059, 84824
98.3075, 84824
98.309, 84824
98.3103, 84824
98.3115, 84824
98.3126, 84608
98.3138, 84608
98.3149, 84608
98.3161, 84608
98.3172, 84608
98.3184, 84608
98.3195, 84608
98.3207, 84176
98.3218, 84176
98.3233, 84176
98.3248, 84176
98.3262, 84176
98.3275, 84176
98.3289, 84176
98.3302, 84176
98.3316, 84176
98.3329, 84176
98.3342, 84176
98.3355, 84176
98.3368, 84176
98.338, 84392
98.3393, 84392
98.3404, 84392
98.3416, 84392
98.3427, 84392
98.3439, 84392
98.345, 84392
98.3462, 84392
98.3473, 84392
98.3485, 84392
98.3497, 84392
98.351, 84392
98.3526, 84392
98.3544, 84392
98.3562, 84392
98.3578, 84392
98.3594, 84392
98.361, 84392
98.3623, 84392
98.3635, 84392
98.3646, 84392
98.3658, 84392
98.3669, 84392
98.3681, 84392
98.3693, 84392
98.3704, 84392
98.3716, 84608
98.3728, 84608
98.3745, 84608
98.3761, 84608
98.3774, 84608
98.3787, 84608
98.38, 84608
98.3813, 84608
98.3826, 84608
98.3838, 84608
98.3851, 84608
98.3863, 84608
98.3876, 84608
98.3888, 84608
98.3899, 84608
98.3911, 84608
98.3922, 84608
98.3934, 84608
98.3945, 84608
98.3956, 84608
98.3968, 84608
98.3979, 84392
98.3991, 84392
98.4002, 84392
98.4014, 84392
98.4026, 84392
98.4046, 84392
98.406, 84176
98.4073, 84176
98.4087, 84176
98.4101, 84176
98.4115, 84176
98.4127, 84176
98.4139, 84176
98.415, 84608
98.4163, 84608
98.4175, 84608
98.4186, 84608
98.4198, 84608
98.4209, 84608
98.4221, 84608
98.4232, 84824
98.4244, 84824
98.4255, 84824
98.4267, 84824
98.4278, 84824
98.429, 84824
98.4301, 84824
98.4313, 84824
98.4325, 85040
98.4337, 85040
98.4351, 85040
98.4365, 85040
98.4377, 85040
98.4389, 85040
98.4401, 85040
98.4413, 85040
98.4425, 85040
98.4437, 85040
98.4449, 85040
98.4462, 85040
98.4475, 85040
98.4487, 85256
98.4499, 85256
98.4512, 85256
98.4525, 85256
98.4538, 85256
98.4551, 85256
98.4563, 85256
98.4575, 85256
98.4589, 85256
98.4601, 85256
98.4613, 85256
98.4625, 85256
98.4637, 85256
98.465, 85256
98.4664, 85040
98.4678, 85040
98.4689, 85040
98.4701, 85040
98.4714, 85040
98.4726, 85040
98.4738, 85040
98.4749, 85040
98.4761, 85040
98.4775, 85040
98.4791, 85040
98.4805, 85040
98.4819, 85040
98.4834, 84824
98.4847, 84824
98.486, 84824
98.4874, 84824
98.4888, 84824
98.4903, 84824
98.4917, 84824
98.4932, 84824
98.4946, 84824
98.4961, 84824
98.4976, 84824
98.4991, 84824
98.5006, 84824
98.5019, 84824
98.5033, 84824
98.5048, 84824
98.5062, 84824
98.5077, 84824
98.5091, 84824
98.5108, 84824
98.5125, 84824
98.5141, 84824
98.5155, 84824
98.5171, 84824
98.5185, 84824
98.5198, 84824
98.5212, 84824
98.5225, 84824
98.5238, 84824
98.5252, 84824
98.5265, 84824
98.5278, 84824
98.529, 84824
98.5301, 84824
98.5312, 84824
98.5323, 84824
98.5334, 84824
98.5364, 84824
98.538, 84824
98.5395, 84824
98.541, 84824
98.5425, 84608
98.544, 84608
98.5456, 84608
98.5472, 84608
98.5487, 84608
98.5501, 84608
98.5516, 84608
98.5529, 84608
98.5543, 84608
98.5556, 84608
98.5569, 84608
98.5582, 84608
98.5596, 84608
98.561, 84608
98.5623, 84608
98.5636, 84608
98.565, 84608
98.5669, 84608
98.5685, 84608
98.5701, 84608
98.5715, 84608
98.5729, 84608
98.5742, 84608
98.5756, 84608
98.582, 84608
98.5834, 84608
98.5848, 84608
98.5861, 84608
98.5874, 84608
98.5887, 84608
98.59, 84608
98.5913, 84608
98.5926, 84608
98.594, 84608
98.5953, 84608
98.5967, 84608
98.5983, 84608
98.6019, 84608
98.6036, 84608
98.6053, 84608
98.6067, 84608
98.6082, 84608
98.6151, 84392
98.6165, 84392
98.6178, 84392
98.6192, 84608
98.6206, 84608
98.6219, 84608
98.6233, 84608
98.6246, 84608
98.6259, 84608
98.6273, 84608
98.6286, 84392
98.6299, 84392
98.6314, 84392
98.6328, 84392
98.6341, 84392
98.6355, 84392
98.6369, 84392
98.6383, 84392
98.6398, 84392
98.6414, 84392
98.6429, 84392
98.6442, 84392
98.6456, 84608
98.647, 84608
98.6501, 84608
98.6546, 84608
98.6561, 84608
98.6576, 84608
98.659, 84608
98.6605, 84608
98.6619, 84608
98.6634, 84608
98.6648, 84608
98.6662, 84608
98.6676, 84608
98.6716, 84608
98.6731, 84608
98.6745, 84608
98.6759, 84608
98.6773, 84608
98.6787, 84608
98.6812, 84608
98.6826, 84608
98.684, 84608
98.6853, 84608
98.6941, 84608
98.6961, 84608
98.6977, 84608
98.6992, 84608
98.7074, 84608
98.7088, 84608
98.7127, 84608
98.7151, 84824
98.7164, 84824
98.7177, 84824
98.7189, 84824
98.7255, 85040
98.7267, 85040
98.7281, 85040
98.7323, 85040
98.7336, 85040
98.7348, 85040
98.7361, 85040
98.7374, 85040
98.7388, 85256
98.7403, 85256
98.7417, 85256
98.743, 85256
98.7443, 85256
98.7456, 85256
98.7467, 85256
98.748, 85040
98.7494, 85040
98.7507, 85040
98.7521, 85040
98.7534, 85040
98.7546, 85040
98.756, 85040
98.7576, 85040
98.759, 85040
98.7604, 85040
98.7618, 85040
98.7632, 85040
98.7645, 84824
98.7657, 84824
98.7669, 84824
98.768, 84824
98.7692, 84824
98.7704, 84824
98.7715, 84824
98.7729, 85040
98.7741, 85040
98.7753, 85040
98.7765, 85040
98.7777, 85040
98.7789, 85040
98.7801, 85040
98.7812, 85040
98.7825, 85040
98.7837, 85040
98.785, 85040
98.7863, 85040
98.7876, 85040
98.7889, 85040
98.7901, 85040
98.7913, 85040
98.7925, 85040
98.7937, 85040
98.7949, 85040
98.796, 85040
98.7972, 85040
98.7984, 85040
98.7997, 85040
98.8012, 85040
98.8025, 85040
98.8039, 85040
98.8052, 85040
98.8066, 85040
98.8079, 84824
98.8092, 84824
98.8105, 84824
98.8118, 84824
98.8131, 84824
98.8142, 84824
98.8154, 84824
98.8165, 84824
98.8177, 84824
98.8188, 84824
98.82, 84824
98.8219, 84824
98.8233, 84824
98.8245, 84392
98.8257, 84392
98.8269, 84392
98.8281, 84392
98.8341, 84392
98.8358, 84392
98.8378, 84392
98.8394, 84392
98.8411, 84176
98.8426, 84176
98.844, 84176
98.8455, 84176
98.847, 84176
98.8483, 84176
98.8496, 84392
98.8509, 84392
98.8522, 84392
98.8535, 84392
98.8547, 84392
98.8558, 84392
98.857, 84392
98.8581, 84392
98.8592, 84392
98.8604, 84392
98.8615, 84392
98.8626, 84392
98.8638, 84392
98.865, 84392
98.8661, 84392
98.8673, 83960
98.8686, 83960
98.8698, 83960
98.8712, 83960
98.8725, 83960
98.8739, 83960
98.8752, 84176
98.8765, 84176
98.8778, 84176
98.8789, 84176
98.8801, 84176
98.8812, 84176
98.8824, 84176
98.8835, 84176
98.8847, 84176
98.8858, 84176
98.887, 84176
98.8881, 84176
98.8893, 84176
98.8904, 84176
98.8915, 84176
98.8927, 83960
98.8938, 83960
98.8949, 83960
98.8961, 83960
98.8972, 83960
98.8984, 83960
98.8995, 83960
98.9007, 83744
98.9018, 83744
98.903, 83744
98.9042, 83744
98.9054, 83744
98.9068, 83744
98.9082, 83744
98.9095, 83960
98.9108, 83960
98.9119, 83960
98.9131, 83960
98.9142, 83960
98.9154, 83960
98.9165, 83960
98.9177, 83960
98.9188, 83960
98.92, 83960
98.9211, 83960
98.9223, 83960
98.9235, 83960
98.9249, 83960
98.9264, 83960
98.9279, 83960
98.9294, 83960
98.9307, 83960
98.9321, 83960
98.9334, 83960
98.9347, 84392
98.936, 84392
98.9373, 84392
98.9386, 84392
98.9399, 84392
98.941, 84392
98.9422, 84392
98.9433, 84608
98.9445, 84608
98.9456, 84608
98.9468, 84608
98.9479, 84608
98.9491, 84608
98.9502, 84608
98.9514, 84608
98.9527, 84392
98.9541, 84392
98.9555, 84392
98.9568, 84392
98.9582, 84392
98.9593, 84392
98.9605, 84608
98.9617, 84608
98.9628, 84608
98.964, 84608
98.9651, 84608
98.9662, 84608
98.9674, 84608
98.9685, 84608
98.9698, 84392
98.9713, 84392
98.9727, 84392
98.9743, 84392
98.9757, 84392
98.977, 84392
98.9784, 84608
98.9797, 84608
98.981, 84608
98.9822, 84608
98.9835, 84608
98.9848, 84608
98.9861, 84824
98.9872, 84824
98.9884, 84824
98.9895, 84824
98.9907, 84824
98.9918, 84824
98.993, 84824
98.9941, 84824
98.9952, 85040
98.9964, 85040
98.9975, 85040
98.9987, 85040
99, 85040
99.0014, 85040
99.0029, 84824
99.0045, 84824
99.0059, 84824
99.0073, 84824
99.0087, 84824
99.01, 84824
99.0112, 84824
99.0124, 85040
99.0136, 85040
99.015, 85040
99.0163, 85040
99.0176, 85040
99.0189, 85040
99.0203, 85040
99.0217, 85040
99.0229, 85040
99.0241, 85040
99.0253, 85040
99.0266, 85040
99.0278, 85040
99.029, 85040
99.0303, 85040
99.0316, 85040
99.0328, 85040
99.0339, 85040
99.0352, 85040
99.0364, 85040
99.0377, 85256
99.0389, 85256
99.0402, 85256
99.0414, 85256
99.0427, 85256
99.044, 85256
99.0453, 85256
99.0466, 85256
99.0479, 85256
99.0492, 85256
99.0505, 85256
99.0518, 85256
99.053, 85256
99.0543, 85040
99.0555, 85040
99.0568, 85040
99.058, 85040
99.0594, 85040
99.0606, 85040
99.0621, 85040
99.0636, 85040
99.0652, 85040
99.0666, 85040
99.068, 85040
99.0694, 85040
99.0708, 85040
99.0721, 84824
99.0734, 84824
99.0749, 84824
99.0762, 84824
99.0775, 84824
99.0788, 84824
99.0801, 84824
99.0813, 84824
99.0828, 84824
99.0842, 84824
99.0856, 84824
99.087, 84824
99.0883, 84824
99.0896, 84824
99.0909, 84824
99.0922, 84824
99.0936, 84824
99.0951, 84824
99.0965, 84824
99.0984, 84824
99.1, 84824
99.1019, 84824
99.1051, 84824
99.1067, 84824
99.1081, 84824
99.1095, 84824
99.111, 84824
99.1124, 84824
99.1138, 84824
99.1151, 84392
99.1165, 84392
99.1178, 84392
99.1194, 84392
99.1209, 84392
99.1222, 84392
99.1235, 84608
99.1248, 84608
99.1261, 84608
99.1274, 84608
99.1287, 84608
99.1301, 84608
99.1316, 84608
99.133, 84608
99.1343, 84608
99.1356, 84608
99.1369, 84608
99.1384, 84608
99.1422, 84608
99.1437, 84608
99.1451, 84608
99.1465, 84608
99.1478, 84608
99.1491, 84608
99.1505, 84608
99.1518, 84608
99.1531, 84608
99.1544, 84608
99.1558, 84608
99.1571, 84608
99.1585, 84608
99.16, 84608
99.1614, 84608
99.1633, 84608
99.1648, 84608
99.1663, 84608
99.1677, 84608
99.1691, 84608
99.1705, 84608
99.1742, 84608
99.1757, 84608
99.1771, 84608
99.1785, 84608
99.1861, 84608
99.1874, 84608
99.189, 84608
99.1917, 84608
99.193, 84608
99.1941, 84608
99.1953, 84608
99.1965, 84608
99.1976, 84608
99.2004, 84392
99.2017, 84392
99.2028, 84392
99.2043, 84392
99.2056, 84392
99.2088, 84608
99.2102, 84608
99.2116, 84608
99.2129, 84608
99.2198, 84824
99.2212, 84824
99.2226, 84824
99.2238, 84824
99.2252, 84824
99.2264, 84824
99.2278, 84824
99.2291, 84824
99.2303, 84824
99.2316, 84824
99.2329, 84824
99.2341, 84824
99.2354, 84824
99.2366, 84824
99.2379, 84824
99.2395, 84824
99.2408, 84824
99.2422, 85040
99.2435, 85040
99.2448, 85040
99.246, 85040
99.2476, 85040
99.2489, 85040
99.2502, 85040
99.2515, 85040
99.2528, 85040
99.2541, 85040
99.2554, 85040
99.2566, 85040
99.2578, 85040
99.259, 85256
99.2603, 85256
99.2614, 85256
99.2626, 85256
99.2639, 85256
99.2654, 85256
99.2667, 85256
99.2683, 85256
99.2697, 85256
99.271, 85256
99.2724, 85256
99.2736, 85256
99.2747, 85256
99.2759, 85256
99.277, 85256
99.2782, 85256
99.2793, 85256
99.2805, 85256
99.2818, 85256
99.2831, 85256
99.2844, 85256
99.2856, 85256
99.2868, 85256
99.288, 85256
99.2892, 85256
99.2903, 85256
99.2915, 85256
99.2926, 85256
99.2938, 85256
99.295, 85256
99.2962, 85256
99.2973, 85256
99.2985, 85256
99.2998, 85256
99.3011, 85256
99.3024, 85256
99.3037, 85256
99.3049, 85256
99.306, 85256
99.3072, 85256
99.3084, 85256
99.3097, 85256
99.3111, 85256
99.3125, 85256
99.3138, 85256
99.3151, 85256
99.3165, 85256
99.3177, 85256
99.319, 85256
99.3202, 85256
99.3214, 85256
99.3225, 85256
99.3237, 85256
99.3248, 85256
99.3259, 85256
99.3272, 85256
99.3286, 85256
99.3298, 85256
99.3309, 85256
99.3321, 85256
99.3332, 85256
99.3344, 85256
99.3356, 85256
99.3368, 85040
99.3382, 85040
99.3398, 85040
99.3412, 85040
99.3427, 85040
99.3443, 84824
99.3458, 84824
99.3473, 84824
99.3487, 84824
99.35, 84824
99.3513, 84824
99.3526, 84824
99.3539, 84824
99.3555, 84824
99.3569, 84824
99.3585, 84824
99.3601, 84824
99.3614, 84824
99.3627, 84824
99.364, 84824
99.3656, 84824
99.3674, 84824
99.369, 84824
99.3703, 84824
99.3717, 84824
99.3733, 84824
99.3748, 84824
99.3764, 84824
99.3779, 84824
99.3795, 84608
99.3809, 84608
99.3823, 84608
99.3836, 84608
99.3849, 84608
99.3863, 84608
99.3876, 84608
99.3889, 84608
99.3902, 84608
99.3915, 84608
99.3928, 84608
99.394, 84608
99.3953, 84608
99.3967, 84608
99.3984, 84608
99.4001, 84608
99.4016, 84608
99.403, 84608
99.4044, 84608
99.406, 84608
99.4074, 84608
99.4086, 84608
99.41, 84608
99.4114, 84608
99.4129, 84392
99.4144, 84392
99.4158, 84392
99.417, 84392
99.4182, 84392
99.4194, 84392
99.4206, 84392
99.4218, 84392
99.4232, 84392
99.4247, 84392
99.4261, 84392
99.4273, 84392
99.4284, 84392
99.4296, 84392
99.4307, 84176
99.4319, 84176
99.4332, 84176
99.4346, 84176
99.4359, 84176
99.4371, 84176
99.4383, 83744
99.4396, 83744
99.4409, 83744
99.4422, 83744
99.4433, 83744
99.4445, 83744
99.4457, 83744
99.4468, 83960
99.4481, 83960
99.4499, 83960
99.4517, 83960
99.4531, 83960
99.4544, 83960
99.456, 83960
99.4574, 83960
99.4587, 83960
99.4602, 83960
99.4615, 83960
99.463, 83960
99.4643, 84176
99.4654, 84176
99.4665, 84176
99.4677, 84176
99.4688, 84176
99.47, 84176
99.4711, 84176
99.4723, 84176
99.4734, 83960
99.4746, 83960
99.4757, 83960
99.477, 83960
99.4782, 83960
99.4796, 83960
99.4809, 83960
99.4823, 83960
99.484, 83960
99.4855, 83960
99.4868, 83960
99.4881, 83960
99.4893, 83960
99.4904, 84392
99.4916, 84392
99.4927, 84392
99.4939, 84392
99.495, 84392
99.4961, 84392
99.4973, 84392
99.4984, 83960
99.4996, 83960
99.5007, 83960
99.5019, 83960
99.503, 83960
99.5042, 83960
99.5053, 83960
99.5065, 83960
99.5076, 83960
99.5088, 83960
99.5099, 83960
99.5111, 83960
99.5122, 83960
99.5134, 83960
99.5147, 83960
99.5161, 83960
99.5175, 83960
99.5189, 83960
99.5202, 83960
99.5214, 83960
99.5225, 83960
99.5237, 84392
99.5248, 84392
99.526, 84392
99.5272, 84392
99.5283, 84392
99.5295, 84392
99.5306, 84392
99.5319, 84392
99.5334, 84608
99.5347, 84608
99.5361, 84608
99.5375, 84608
99.5391, 84608
99.5405, 84608
99.5418, 84608
99.543, 84608
99.5443, 84608
99.5457, 84608
99.5471, 84608
99.5484, 84608
99.5498, 84608
99.551, 84608
99.5522, 84608
99.5533, 84608
99.5545, 84608
99.5556, 84608
99.5568, 84608
99.5579, 84176
99.559, 84176
99.5602, 84176
99.5615, 84176
99.5629, 84176
99.5643, 84176
99.5657, 84176
99.5672, 84176
99.5684, 84176
99.5695, 84176
99.5707, 84176
99.5718, 84176
99.573, 84176
99.5741, 84176
99.5752, 84176
99.5764, 84176
99.5775, 84176
99.5787, 84176
99.5802, 84176
99.5816, 84176
99.5831, 84176
99.5845, 83960
99.5859, 83960
99.5873, 83960
99.5886, 83960
99.5899, 83960
99.5912, 83960
99.5926, 84392
99.594, 84392
99.5953, 84392
99.5966, 84392
99.5978, 84392
99.5991, 84392
99.6003, 84608
99.6016, 84608
99.6028, 84608
99.604, 84608
99.6052, 84608
99.6063, 84608
99.6075, 84608
99.6087, 84608
99.61, 84824
99.6114, 84824
99.6128, 84824
99.6142, 84824
99.6157, 84824
99.617, 84824
99.6183, 85040
99.6195, 85040
99.6208, 85040
99.622, 85040
99.6233, 85040
99.6245, 85040
99.6258, 85040
99.627, 85040
99.6283, 85040
99.6297, 85040
99.631, 85040
99.6322, 85040
99.6335, 85040
99.6348, 85256
99.6361, 85256
99.6375, 85256
99.639, 85256
99.6404, 85256
99.6417, 85256
99.643, 85256
99.6444, 85256
99.6458, 85256
99.6473, 85256
99.6487, 85256
99.6501, 85256
99.6515, 85256
99.6529, 85256
99.6542, 85256
99.6556, 85256
99.6569, 85256
99.6581, 85256
99.6594, 85256
99.6607, 85256
99.662, 85256
99.6633, 85256
99.6647, 85256
99.6661, 85256
99.6675, 85256
99.6689, 85256
99.6702, 85256
99.6716, 85256
99.6729, 85256
99.6743, 85256
99.676, 85256
99.6785, 85040
99.6808, 85040
99.6823, 85040
99.6842, 85040
99.6858, 84824
99.6876, 84824
99.6893, 84824
99.6907, 84824
99.6921, 84824
99.6935, 84824
99.695, 84824
99.6964, 84824
99.6978, 84824
99.6992, 84824
99.7005, 84824
99.7018, 84824
99.703, 85040
99.7042, 85040
99.7054, 85040
99.7066, 85040
99.7078, 85040
99.709, 85040
99.7102, 85040
99.7114, 85040
99.7127, 85040
99.714, 85040
99.7154, 85040
99.7167, 85040
99.7182, 85040
99.7198, 84824
99.7216, 84824
99.7234, 84824
99.7251, 84824
99.727, 84824
99.7284, 85040
99.7298, 85040
99.7313, 85040
99.7327, 85040
99.7341, 85040
99.7355, 85040
99.7368, 85040
99.7381, 85040
99.7393, 85040
99.7405, 85040
99.7418, 85040
99.7429, 85040
99.7441, 85040
99.7453, 85040
99.7466, 85040
99.7479, 85040
99.7492, 85040
99.7505, 85040
99.7519, 85040
99.7532, 85040
99.7544, 85040
99.7557, 85040
99.7571, 85040
99.7591, 85040
99.7609, 85040
99.7625, 84824
99.7645, 84824
99.7665, 84824
99.7679, 84824
99.7692, 84824
99.7706, 84824
99.7719, 84824
99.7731, 84824
99.7743, 84824
99.7756, 84824
99.7768, 84824
99.778, 84824
99.7792, 84824
99.7803, 84824
99.7816, 84824
99.783, 84824
99.7843, 84824
99.7855, 84824
99.7866, 84824
99.7878, 84824
99.7891, 84824
99.7902, 84824
99.7914, 84824
99.7926, 84824
99.7937, 84824
99.795, 84824
99.7963, 84824
99.7976, 84824
99.7989, 84824
99.8002, 84824
99.8015, 84824
99.8027, 84824
99.8038, 84824
99.805, 84824
99.8062, 84824
99.8073, 84824
99.8085, 84824
99.8097, 84824
99.8114, 84824
99.8131, 84824
99.8147, 84824
99.8162, 84824
99.8179, 84824
99.8194, 84824
99.8207, 84824
99.822, 84824
99.8232, 84824
99.8244, 84824
99.8257, 84824
99.827, 84824
99.8282, 84824
99.8295, 84824
99.8308, 84824
99.832, 84824
99.8332, 84824
99.8343, 84824
99.8355, 84824
99.8367, 84824
99.8378, 84824
99.839, 84824
99.8402, 84824
99.8414, 84824
99.8428, 84824
99.85, 84608
99.8514, 84608
99.8526, 84608
99.8537, 84608
99.8549, 84608
99.856, 84608
99.8572, 84608
99.8583, 84608
99.8595, 84608
99.8606, 84608
99.8617, 84608
99.863, 84608
99.8644, 84608
99.8657, 84176
99.8672, 84176
99.8687, 84176
99.8699, 84176
99.8713, 84176
99.8729, 84176
99.8744, 84392
99.8759, 84392
99.8774, 84392
99.8792, 84392
99.8809, 84392
99.8823, 84392
99.8837, 84392
99.8851, 84392
99.8865, 84392
99.8877, 84392
99.8888, 84392
99.8901, 84392
99.8913, 84608
99.8924, 84608
99.8936, 84608
99.8948, 84608
99.896, 84608
99.8972, 84608
99.8984, 84608
99.8995, 84608
99.9007, 84608
99.9018, 84608
99.903, 84608
99.9041, 84608
99.9053, 84608
99.9065, 84608
99.9076, 84608
99.9088, 84608
99.91, 84608
99.9112, 84608
99.9124, 84608
99.9135, 84608
99.9148, 84608
99.9161, 84608
99.9172, 84608
99.9184, 84608
99.9195, 84608
99.9207, 84608
99.9219, 84608
99.923, 84608
99.9242, 84608
99.9257, 84824
99.927, 84824
99.9284, 84824
99.9297, 84824
99.931, 84824
99.9322, 84824
99.9335, 84608
99.9347, 84608
99.9359, 84608
99.9372, 84608
99.9385, 84608
99.9398, 84608
99.9412, 84608
99.9426, 84824
99.944, 84824
99.9453, 84824
99.9465, 84824
99.9478, 84824
99.9491, 84824
99.9505, 84608
99.9518, 84608
99.953, 84608
99.9543, 84608
99.9559, 84608
99.9575, 84608
99.9591, 84824
99.9606, 84824
99.9621, 84824
99.9636, 84824
99.965, 84824
99.9663, 84824
99.9677, 84824
99.9693, 84824
99.9708, 84824
99.9723, 84824
99.9738, 84824
99.9752, 84824
99.9767, 84824
99.9782, 84824
99.9797, 84824
99.9813, 84824
99.983, 84824
99.9847, 84608
99.9862, 84608
99.9878, 84608
99.9891, 84608
99.9904, 84608
99.9916, 84608
99.993, 84608
99.9944, 84608
99.9958, 84608
99.997, 84608
99.9982, 84608
99.9994, 84608
100.001, 84608
100.003, 84608
100.005, 84608
100.006, 84608
100.008, 84608
100.009, 84608
100.01, 84824
100.011, 84824
100.013, 84824
100.014, 84824
100.016, 84824
100.018, 84824
100.019, 84608
100.02, 84608
100.022, 84608
100.023, 84608
100.024, 84608
100.026, 84608
100.027, 84608
100.028, 84608
100.029, 84608
100.03, 84608
100.032, 84608
100.033, 84608
100.034, 84608
100.035, 84608
100.037, 84608
100.038, 84608
100.039, 84608
100.04, 84608
100.041, 84608
100.042, 84608
100.044, 84608
100.045, 84608
100.046, 84608
100.047, 84608
100.049, 84608
100.05, 84608
100.051, 84608
100.052, 84608
100.054, 84824
100.055, 84824
100.056, 84824
100.057, 84824
100.059, 84824
100.06, 84824
100.061, 84824
100.062, 84608
100.063, 84608
100.065, 84608
100.066, 84608
100.067, 84608
100.069, 84608
100.07, 84608
100.072, 84608
100.073, 84608
100.075, 84608
100.076, 84608
100.077, 84608
100.079, 84392
100.08, 84392
100.082, 84392
100.083, 84392
100.084, 84392
100.086, 84392
100.087, 84392
100.088, 84392
100.089, 84392
100.09, 84392
100.092, 84392
100.093, 84392
100.094, 84392
100.095, 84392
100.096, 83960
100.097, 83960
100.099, 83960
100.1, 83960
100.101, 83960
100.102, 83960
100.104, 83960
100.105, 84392
100.106, 84392
100.107, 84392
100.109, 84392
100.11, 84392
100.111, 84392
100.113, 84176
100.114, 84176
100.115, 84176
100.116, 84176
100.117, 84176
100.119, 84176
100.12, 84176
100.121, 84176
100.122, 83744
100.123, 83744
100.124, 83744
100.125, 83744
100.127, 83744
100.128, 83744
100.129, 83744
100.13, 83744
100.131, 83744
100.133, 83744
100.134, 83744
100.136, 83744
100.137, 83744
100.138, 83960
100.14, 83960
100.141, 83960
100.142, 83960
100.144, 83960
100.145, 83960
100.146, 83960
100.147, 83744
100.148, 83744
100.15, 83744
100.158, 83744
100.159, 83744
100.16, 83744
100.162, 83744
100.163, 83744
100.164, 84176
100.166, 84176
100.167, 84176
100.168, 84176
100.17, 84176
100.171, 84176
100.172, 84176
100.173, 84176
100.174, 84176
100.175, 84176
100.177, 84176
100.178, 84176
100.179, 84176
100.18, 84176
100.182, 83960
100.183, 83960
100.184, 83960
100.185, 83960
100.187, 83960
100.188, 83960
100.189, 83960
100.19, 84176
100.191, 84176
100.192, 84176
100.194, 84176
100.195, 84176
100.196, 84176
100.197, 84176
100.199, 84176
100.2, 84176
100.202, 84176
100.203, 84176
100.205, 84176
100.206, 84176
100.207, 84608
100.209, 84608
100.21, 84608
100.211, 84608
100.213, 84608
100.214, 84608
100.215, 84824
100.216, 84824
100.217, 84824
100.219, 84824
100.22, 84824
100.221, 84824
100.222, 84824
100.223, 84824
100.225, 84824
100.227, 84824
100.228, 84824
100.229, 84824
100.23, 84824
100.231, 84824
100.232, 84824
100.233, 84824
100.235, 84824
100.236, 84824
100.237, 84824
100.238, 84824
100.239, 84824
100.24, 84824
100.241, 84824
100.243, 84824
100.244, 84824
100.245, 84824
100.246, 84824
100.247, 84824
100.248, 84824
100.249, 84824
100.251, 84824
100.252, 84824
100.253, 84824
100.254, 84824
100.255, 84824
100.256, 84824
100.257, 84824
100.259, 84824
100.26, 84824
100.261, 84824
100.262, 84824
100.263, 84824
100.264, 84824
100.265, 84824
100.267, 84824
100.268, 84824
100.269, 84824
100.27, 84824
100.271, 84824
100.272, 84824
100.273, 84824
100.275, 84824
100.276, 84824
100.277, 84824
100.278, 84824
100.279, 84824
100.28, 84824
100.281, 84824
100.283, 84824
100.284, 84824
100.285, 84824
100.286, 84824
100.287, 84824
100.288, 84824
100.289, 84824
100.291, 84824
100.292, 84824
100.293, 84824
100.294, 84824
100.295, 84824
100.296, 84824
100.297, 84824
100.299, 84824
100.3, 84824
100.301, 84824
100.302, 84824
100.303, 84824
100.304, 84824
100.305, 84824
100.306, 84824
100.308, 84824
100.309, 84824
100.31, 84824
100.311, 84824
100.312, 84824
100.313, 84824
100.315, 84824
100.316, 84824
100.317, 84824
100.318, 84824
100.319, 84824
100.32, 84824
100.321, 84824
100.323, 84824
100.324, 84824
100.325, 84824
100.326, 84824
100.327, 84824
100.328, 84824
100.329, 84824
100.331, 84824
100.332, 84824
100.333, 84824
100.334, 84824
100.335, 84824
100.337, 84824
100.338, 84824
100.339, 84824
100.34, 84824
100.341, 84824
100.342, 84824
100.344, 84824
100.345, 84824
100.346, 84824
100.347, 84824
100.348, 84824
100.35, 84824
100.351, 84824
100.352, 84824
100.353, 84824
100.354, 84824
100.356, 84824
100.357, 84824
100.358, 84824
100.359, 84824
100.36, 84824
100.362, 84824
100.363, 84824
100.364, 84824
100.365, 84824
100.366, 84824
100.367, 84824
100.368, 84824
100.37, 84824
100.371, 84824
100.372, 84824
100.373, 84824
100.374, 84824
100.375, 84824
100.377, 84824
100.378, 84824
100.379, 84824
100.38, 84824
100.381, 84824
100.382, 84824
100.384, 84824
100.385, 84824
100.386, 84824
100.387, 84824
100.388, 84824
100.389, 84824
100.391, 84824
100.392, 84824
100.393, 84824
100.394, 84824
100.396, 84824
100.397, 84824
100.398, 84824
100.399, 84824
100.401, 84824
100.403, 84824
100.404, 84824
100.405, 84824
100.407, 84824
100.408, 84824
100.409, 84824
100.41, 84824
100.411, 85040
100.413, 85040
100.414, 85040
100.415, 85040
100.416, 85040
100.417, 85040
100.419, 85040
100.42, 85040
100.421, 85040
100.424, 85040
100.425, 85040
100.428, 85040
100.429, 84824
100.43, 84824
100.432, 84824
100.433, 84824
100.434, 84824
100.435, 84824
100.437, 84824
100.438, 84824
100.439, 84824
100.44, 84824
100.441, 84824
100.443, 84824
100.444, 84824
100.445, 84824
100.446, 84824
100.447, 84824
100.448, 84824
100.449, 84824
100.451, 84824
100.452, 84824
100.453, 84824
100.454, 84392
100.455, 84392
100.456, 84392
100.457, 84392
100.459, 84392
100.46, 84392
100.461, 84392
100.462, 84392
100.463, 84392
100.464, 84392
100.466, 84392
100.467, 84392
100.468, 84392
100.469, 84392
100.47, 84392
100.471, 84176
100.472, 84176
100.474, 84176
100.475, 84176
100.476, 84176
100.477, 84176
100.478, 84176
100.479, 84176
100.48, 84176
100.482, 84176
100.483, 84176
100.484, 84176
100.485, 84176
100.486, 84176
100.487, 84176
100.489, 84176
100.49, 84176
100.491, 84176
100.492, 84176
100.493, 84176
100.494, 84176
100.495, 84176
100.497, 84176
100.498, 84176
100.499, 84176
100.5, 84176
100.501, 84176
100.502, 84176
100.503, 84176
100.505, 84176
100.506, 83960
100.507, 83960
100.508, 83960
100.509, 83960
100.51, 83960
100.511, 83960
100.513, 83960
100.514, 84176
100.515, 84176
100.516, 84176
100.517, 84176
100.518, 84176
100.519, 84176
100.521, 84176
100.522, 84176
100.523, 84176
100.524, 84176
100.525, 84176
100.526, 84176
100.528, 84176
100.532, 84176
100.534, 84176
100.536, 84176
100.537, 84176
100.539, 84176
100.541, 84176
100.542, 84176
100.543, 84176
100.545, 84176
100.546, 84176
100.547, 84176
100.549, 84176
100.55, 84176
100.551, 84176
100.553, 84176
100.554, 84176
100.555, 84176
100.557, 84392
100.558, 84392
100.559, 84392
100.56, 84392
100.561, 84392
100.562, 84392
100.564, 84392
100.565, 84176
100.566, 84176
100.567, 84176
100.568, 84176
100.569, 84176
100.57, 84176
100.572, 84176
100.573, 84176
100.574, 84176
100.575, 84176
100.576, 84176
100.577, 84176
100.578, 84176
100.58, 84176
100.581, 84176
100.582, 83960
100.583, 83960
100.584, 83960
100.585, 83960
100.586, 83960
100.588, 83960
100.589, 83960
100.59, 83960
100.591, 83960
100.592, 83960
100.594, 83960
100.595, 83960
100.596, 83960
100.597, 83960
100.598, 83960
100.599, 83744
100.601, 83744
100.602, 83744
100.603, 83744
100.604, 83744
100.605, 83744
100.606, 83744
100.607, 83744
100.609, 83744
100.61, 83744
100.611, 83744
100.612, 83744
100.613, 83744
100.614, 83744
100.615, 83744
100.617, 83528
100.618, 83528
100.619, 83528
100.62, 83528
100.621, 83528
100.622, 83528
100.623, 83528
100.625, 83528
100.626, 83528
100.627, 83528
100.628, 83528
100.629, 83528
100.63, 83528
100.631, 83528
100.633, 83528
100.634, 83528
100.635, 83528
100.636, 83528
100.637, 83528
100.638, 83528
100.639, 83528
100.641, 83528
100.642, 83312
100.643, 83312
100.644, 83312
100.645, 83312
100.646, 83312
100.648, 83312
100.649, 83312
100.65, 83528
100.652, 83528
100.654, 83528
100.655, 83528
100.657, 83528
100.658, 83528
100.66, 83528
100.661, 83528
100.663, 83528
100.664, 83528
100.665, 83528
100.666, 83528
100.667, 83960
100.669, 83960
100.67, 83960
100.671, 83960
100.672, 83960
100.673, 83960
100.674, 83960
100.675, 83960
100.677, 83960
100.678, 83960
100.679, 83960
100.68, 83960
100.681, 83960
100.682, 83960
100.683, 83960
100.685, 83960
100.686, 83960
100.687, 83960
100.688, 83960
100.689, 83960
100.69, 83960
100.692, 83960
100.693, 84176
100.694, 84176
100.695, 84176
100.696, 84176
100.697, 84176
100.698, 84176
100.7, 84176
100.701, 84176
100.702, 83960
100.703, 83960
100.704, 83960
100.705, 83960
100.706, 83960
100.708, 83960
100.709, 83960
100.71, 84176
100.711, 84176
100.712, 84176
100.713, 84176
100.715, 84176
100.716, 84176
100.717, 84176
100.718, 84176
100.719, 84176
100.72, 84176
100.722, 84176
100.723, 84176
100.724, 84176
100.725, 84176
100.726, 84176
100.727, 84176
100.728, 84176
100.73, 84176
100.731, 84176
100.732, 84176
100.733, 84176
100.734, 84176
100.735, 84176
100.736, 84176
100.738, 84176
100.739, 84176
100.74, 84176
100.741, 84176
100.742, 84176
100.743, 84176
100.744, 84176
100.746, 84176
100.747, 84176
100.748, 84176
100.749, 84176
100.75, 84176
100.751, 84176
100.756, 84176
100.761, 84176
100.762, 84392
100.763, 84392
100.765, 84392
100.766, 84392
100.767, 84392
100.768, 84392
100.77, 84392
100.771, 84392
100.772, 84392
100.773, 84392
100.774, 84392
100.775, 84392
100.777, 84392
100.778, 84392
100.779, 84392
100.78, 84392
100.781, 84392
100.782, 84392
100.784, 84392
100.785, 84392
100.786, 84392
100.787, 84392
100.788, 84392
100.789, 84392
100.79, 84392
100.792, 84392
100.793, 84392
100.794, 84392
100.795, 84392
100.796, 84392
100.797, 84392
100.798, 84392
100.8, 84392
100.801, 84392
100.802, 84392
100.803, 84392
100.804, 84392
100.805, 84392
100.806, 84392
100.808, 84392
100.809, 84392
100.81, 84392
100.811, 84392
100.812, 84392
100.813, 84392
100.814, 84392
100.816, 84392
100.817, 84392
100.818, 84392
100.819, 84392
100.82, 84392
100.821, 84392
100.822, 84392
100.824, 84392
100.825, 84392
100.826, 84392
100.827, 84392
100.828, 84392
100.83, 84176
100.831, 84176
100.832, 84176
100.833, 84176
100.834, 84176
100.835, 84176
100.836, 84176
100.838, 84176
100.839, 84176
100.84, 84176
100.841, 84176
100.842, 84176
100.843, 84176
100.845, 84176
100.846, 84176
100.847, 84176
100.848, 84176
100.849, 84176
100.85, 84176
100.851, 84176
100.853, 84176
100.854, 84176
100.855, 84176
100.856, 84176
100.857, 84176
100.858, 84176
100.859, 84176
100.861, 84176
100.862, 84176
100.863, 84176
100.864, 83960
100.865, 83960
100.866, 83960
100.867, 83960
100.871, 83960
100.872, 83960
100.876, 83960
100.877, 83960
100.878, 83960
100.88, 83960
100.881, 84176
100.882, 84176
100.884, 84176
100.885, 84176
100.886, 84176
100.887, 84176
100.889, 84176
100.89, 84392
100.891, 84392
100.892, 84392
100.893, 84392
100.894, 84392
100.895, 84392
100.897, 84392
100.898, 84176
100.899, 84176
100.9, 84176
100.901, 84176
100.902, 84176
100.903, 84176
100.905, 84176
100.906, 84176
100.907, 84176
100.908, 84176
100.909, 84176
100.91, 84176
100.911, 84176
100.913, 84176
100.914, 84176
100.915, 84176
100.916, 84176
100.917, 84176
100.918, 84176
100.92, 84176
100.921, 84176
100.922, 84176
100.923, 84176
100.924, 84176
100.925, 84176
100.926, 84176
100.928, 84176
100.929, 84176
100.93, 84176
100.931, 84176
100.932, 84176
100.933, 84176
100.935, 84176
100.936, 84176
100.937, 84176
100.938, 84176
100.939, 84176
100.94, 84176
100.941, 84176
100.943, 84176
100.944, 84176
100.945, 84176
100.946, 84176
100.947, 84176
100.948, 84176
100.949, 84176
100.951, 84176
100.952, 84176
100.953, 84176
100.954, 84176
100.955, 84176
100.956, 84176
100.958, 84176
100.959, 84176
100.96, 84176
100.961, 84176
100.962, 84176
100.963, 84176
100.964, 84176
100.966, 84176
100.967, 84176
100.968, 84176
100.969, 84176
100.97, 84176
100.971, 84176
100.972, 84176
100.974, 84176
100.975, 84176
100.976, 84176
100.977, 84176
100.978, 84176
100.982, 84176
100.987, 84176
100.997, 84608
100.999, 84608
101, 84608
101.001, 84608
101.002, 84608
101.003, 84608
101.005, 84608
101.006, 84608
101.007, 84608
101.009, 84824
101.01, 84824
101.011, 84824
101.013, 84824
101.014, 84824
101.015, 84824
101.018, 84824
101.019, 84824
101.02, 84824
101.022, 84824
101.023, 84824
101.024, 84824
101.026, 84824
101.027, 84824
101.028, 84824
101.029, 84824
101.031, 84824
101.032, 84824
101.033, 84824
101.035, 84824
101.036, 84824
101.037, 84824
101.038, 84824
101.04, 84824
101.041, 84824
101.042, 84824
101.043, 84824
101.045, 84824
101.046, 84824
101.047, 84824
101.049, 84824
101.05, 84824
101.051, 84608
101.052, 84608
101.054, 84608
101.055, 84608
101.056, 84608
101.058, 84608
101.059, 84608
101.06, 84608
101.062, 84608
101.063, 84608
101.064, 84608
101.065, 84608
101.067, 84608
101.068, 84608
101.07, 84608
101.071, 84608
101.072, 84608
101.073, 84608
101.075, 84608
101.076, 84608
101.077, 84608
101.078, 84608
101.08, 84608
101.081, 84608
101.082, 84608
101.084, 84608
101.085, 84608
101.086, 84608
101.088, 84608
101.089, 84608
101.09, 84608
101.091, 84608
101.093, 84608
101.094, 84392
101.095, 84392
101.096, 84392
101.098, 84392
101.099, 84392
101.1, 84392
101.101, 84392
101.102, 84392
101.103, 84176
101.104, 84176
101.106, 84176
101.107, 84176
101.108, 84176
101.109, 84176
101.11, 84176
101.111, 83960
101.112, 83960
101.113, 83960
101.115, 83960
101.116, 83960
101.117, 83960
101.118, 83960
101.119, 83960
101.12, 83744
101.121, 83744
101.123, 83744
101.124, 83744
101.125, 83744
101.126, 83744
101.127, 83744
101.128, 83744
101.129, 83744
101.131, 83744
101.132, 83744
101.133, 83744
101.134, 83744
101.135, 83744
101.136, 83744
101.137, 83744
101.139, 83744
101.14, 83744
101.141, 83744
101.142, 83744
101.143, 83744
101.144, 83744
101.146, 83744
101.147, 83744
101.148, 83744
101.149, 83744
101.15, 83744
101.151, 83744
101.152, 83744
101.154, 83528
101.155, 83528
101.156, 83528
101.157, 83528
101.158, 83528
101.159, 83528
101.16, 83528
101.162, 83528
101.163, 83744
101.164, 83744
101.165, 83744
101.166, 83744
101.167, 83744
101.168, 83744
101.17, 83744
101.171, 83744
101.172, 83744
101.173, 83744
101.174, 83744
101.175, 83744
101.176, 83744
101.178, 83744
101.179, 83744
101.18, 83744
101.181, 83744
101.182, 83744
101.183, 83744
101.184, 83744
101.186, 83744
101.187, 83744
101.188, 83744
101.189, 83744
101.19, 83744
101.191, 83744
101.192, 83744
101.194, 83744
101.195, 83744
101.196, 83744
101.197, 83960
101.198, 83960
101.199, 83960
101.201, 83960
101.202, 83960
101.203, 83960
101.204, 83960
101.205, 83960
101.206, 83960
101.207, 83960
101.209, 83960
101.21, 83960
101.211, 83960
101.212, 83960
101.213, 83960
101.214, 83960
101.215, 83960
101.217, 83960
101.218, 83960
101.219, 83960
101.22, 83960
101.221, 83960
101.222, 83960
101.223, 83960
101.225, 83960
101.226, 83960
101.227, 83960
101.228, 83960
101.229, 83960
101.23, 83960
101.231, 84176
101.233, 84176
101.234, 84176
101.235, 84176
101.236, 84176
101.237, 84176
101.238, 84176
101.239, 84176
101.241, 84176
101.242, 84176
101.243, 84176
101.244, 84176
101.245, 84176
101.246, 84176
101.247, 84176
101.249, 84176
101.25, 84176
101.251, 84176
101.252, 84176
101.253, 84176
101.254, 84176
101.255, 84176
101.257, 84176
101.258, 84176
101.259, 84176
101.26, 84176
101.261, 84176
101.262, 84176
101.263, 84176
101.264, 84176
101.266, 84176
101.267, 84176
101.268, 84176
101.269, 84176
101.27, 84176
101.271, 84176
101.272, 84176
101.274, 84176
101.275, 84176
101.276, 84176
101.277, 84176
101.278, 84176
101.279, 84176
101.281, 84176
101.282, 84176
101.283, 84176
101.284, 84176
101.285, 84176
101.286, 84176
101.287, 84176
101.289, 84176
101.29, 84176
101.291, 84392
101.292, 84392
101.293, 84392
101.294, 84392
101.295, 84392
101.297, 84392
101.298, 84392
101.299, 84392
101.3, 84392
101.301, 84392
101.302, 84392
101.303, 84392
101.305, 84392
101.306, 84392
101.307, 84392
101.308, 84176
101.309, 84176
101.31, 84176
101.311, 84176
101.313, 84176
101.314, 84176
101.315, 84176
101.316, 84176
101.317, 84176
101.318, 84176
101.32, 84176
101.321, 84176
101.322, 84176
101.323, 84176
101.324, 84176
101.325, 84392
101.326, 84392
101.328, 84392
101.329, 84392
101.33, 84392
101.331, 84392
101.332, 84392
101.333, 84392
101.334, 84392
101.336, 84392
101.337, 84392
101.338, 84392
101.339, 84392
101.34, 84392
101.341, 84176
101.342, 84176
101.344, 84176
101.345, 84176
101.346, 84176
101.347, 84176
101.348, 84176
101.349, 84176
101.35, 84176
101.352, 84176
101.353, 84176
101.354, 84176
101.355, 84176
101.356, 84176
101.357, 84176
101.358, 84392
101.36, 84392
101.361, 84392
101.362, 84392
101.363, 84392
101.364, 84392
101.365, 84392
101.366, 84392
101.368, 84392
101.369, 84392
101.37, 84392
101.371, 84392
101.372, 84392
101.373, 84392
101.374, 84392
101.376, 84392
101.377, 84392
101.378, 84392
101.379, 84392
101.38, 84392
101.381, 84392
101.382, 84392
101.384, 84392
101.385, 84392
101.386, 84392
101.387, 84392
101.388, 84392
101.389, 84392
101.391, 84392
101.392, 84392
101.393, 84392
101.394, 84392
101.395, 84392
101.396, 84392
101.397, 84392
101.399, 84392
101.4, 84392
101.401, 84392
101.402, 84392
101.403, 84392
101.405, 84392
101.406, 84392
101.407, 84392
101.408, 84392
101.409, 84392
101.41, 84392
101.412, 84392
101.413, 84392
101.414, 84392
101.415, 84392
101.416, 84392
101.417, 84392
101.418, 84608
101.42, 84608
101.421, 84608
101.422, 84608
101.423, 84608
101.424, 84608
101.425, 84608
101.427, 84608
101.428, 84608
101.442, 84824
101.454, 84824
101.455, 84824
101.456, 84824
101.457, 84824
101.459, 84824
101.46, 84824
101.461, 84824
101.463, 84824
101.466, 84824
101.468, 84824
101.469, 84824
101.47, 84824
101.473, 84824
101.474, 84824
101.475, 84824
101.477, 84824
101.478, 84824
101.479, 84824
101.48, 84824
101.482, 84824
101.483, 84824
101.484, 84824
101.485, 84824
101.487, 84608
101.488, 84608
101.489, 84608
101.49, 84608
101.491, 84608
101.493, 84608
101.494, 84608
101.495, 84608
101.496, 84608
101.498, 84608
101.499, 84608
101.5, 84608
101.501, 84608
101.503, 84608
101.504, 84608
101.505, 84608
101.506, 84608
101.507, 84608
101.509, 84608
101.51, 84608
101.511, 84608
101.512, 84392
101.514, 84392
101.515, 84392
101.517, 84392
101.518, 84392
101.519, 84392
101.52, 84392
101.521, 84392
101.523, 84392
101.524, 84392
101.525, 84392
101.527, 84392
101.528, 84392
101.53, 84176
101.532, 84176
101.533, 84176
101.535, 84176
101.537, 84176
101.538, 84392
101.54, 84392
101.541, 84392
101.542, 84392
101.544, 84392
101.545, 84392
101.546, 84392
101.548, 84392
101.549, 84392
101.55, 84392
101.551, 84392
101.552, 84392
101.554, 84392
101.555, 84176
101.556, 84176
101.558, 84176
101.559, 84176
101.56, 84176
101.562, 84176
101.563, 84392
101.564, 84392
101.566, 84392
101.567, 84392
101.568, 84392
101.569, 84392
101.571, 84392
101.572, 84392
101.573, 84392
101.574, 84392
101.576, 84392
101.577, 84392
101.578, 84392
101.58, 84392
101.581, 84392
101.582, 84392
101.583, 84392
101.584, 84392
101.586, 84392
101.587, 84392
101.588, 84392
101.589, 84392
101.59, 84392
101.591, 84392
101.593, 84392
101.594, 84392
101.595, 84392
101.597, 84392
101.598, 84392
101.599, 84392
101.601, 84392
101.602, 84392
101.603, 84392
101.605, 84392
101.606, 84392
101.607, 84392
101.609, 84392
101.61, 84392
101.611, 84392
101.613, 84392
101.614, 84392
101.615, 84392
101.616, 84392
101.617, 84392
101.619, 84392
101.62, 84392
101.621, 84392
101.623, 84392
101.624, 84392
101.625, 84392
101.626, 84392
101.628, 84392
101.629, 84392
101.63, 84392
101.631, 84608
101.633, 84608
101.634, 84608
101.635, 84608
101.636, 84608
101.638, 84608
101.639, 84608
101.64, 84392
101.642, 84392
101.643, 84392
101.644, 84392
101.645, 84392
101.646, 84392
101.647, 84392
101.649, 84176
101.65, 84176
101.651, 84176
101.652, 84176
101.653, 84176
101.654, 84176
101.656, 84176
101.657, 84176
101.658, 84176
101.659, 84176
101.66, 84176
101.661, 84176
101.663, 84176
101.664, 84176
101.665, 84176
101.666, 84176
101.667, 84176
101.668, 84176
101.669, 84176
101.671, 84176
101.672, 84176
101.673, 84176
101.674, 84176
101.675, 84176
101.676, 84176
101.678, 84176
101.679, 84176
101.68, 84176
101.681, 84176
101.682, 84176
101.683, 84176
101.685, 84176
101.686, 84176
101.687, 84176
101.688, 84176
101.689, 84176
101.69, 84176
101.692, 84176
101.693, 84176
101.694, 84176
101.695, 84176
101.696, 84176
101.697, 84176
101.699, 84176
101.7, 84392
101.701, 84392
101.702, 84392
101.703, 84392
101.705, 84392
101.706, 84392
101.707, 84392
101.708, 84392
101.709, 84176
101.71, 84176
101.712, 84176
101.713, 84176
101.714, 84176
101.715, 84176
101.716, 84176
101.717, 84176
101.719, 84176
101.72, 84176
101.721, 84176
101.722, 84176
101.723, 84176
101.725, 84176
101.726, 84176
101.727, 84176
101.728, 84176
101.729, 84176
101.73, 84176
101.732, 84176
101.733, 84176
101.734, 84176
101.735, 84176
101.736, 84176
101.737, 84176
101.739, 84176
101.74, 84176
101.741, 84176
101.742, 84176
101.743, 84176
101.744, 84176
101.746, 84176
101.747, 84176
101.748, 84176
101.749, 84176
101.75, 84176
101.751, 84392
101.753, 84392
101.754, 84392
101.755, 84392
101.756, 84392
101.757, 84392
101.758, 84392
101.76, 84392
101.761, 84392
101.762, 84392
101.763, 84392
101.764, 84392
101.766, 84392
101.767, 84392
101.768, 84392
101.769, 84392
101.77, 84392
101.771, 84392
101.773, 84392
101.774, 84392
101.775, 84392
101.776, 84392
101.777, 84392
101.778, 84392
101.78, 84392
101.781, 84392
101.782, 84392
101.783, 84392
101.784, 84392
101.786, 84392
101.787, 84392
101.788, 84392
101.793, 84392
101.794, 84392
101.796, 84392
101.797, 84392
101.798, 84392
101.799, 84392
101.801, 84392
101.802, 84392
101.803, 84392
101.804, 84392
101.805, 84392
101.806, 84392
101.822, 84608
101.834, 84608
101.836, 84608
101.84, 84608
101.841, 84608
101.842, 84608
101.844, 84608
101.845, 84824
101.846, 84824
101.847, 84824
101.849, 84824
101.85, 84824
101.851, 84824
101.859, 84608
101.861, 84608
101.862, 84824
101.864, 84824
101.865, 84824
101.867, 84824
101.868, 84824
101.87, 84824
101.872, 84824
101.873, 84824
101.874, 84824
101.875, 84824
101.876, 84824
101.878, 84824
101.879, 84824
101.88, 84824
101.882, 84824
101.883, 84824
101.884, 84824
101.886, 84824
101.887, 84824
101.889, 84824
101.89, 84824
101.891, 84824
101.893, 84824
101.894, 84824
101.895, 84824
101.897, 84608
101.898, 84608
101.899, 84608
101.9, 84608
101.902, 84608
101.903, 84608
101.904, 84608
101.905, 84608
101.907, 84608
101.908, 84608
101.91, 84608
101.911, 84608
101.912, 84608
101.913, 84608
101.915, 84608
101.916, 84608
101.917, 84608
101.919, 84608
101.92, 84608
101.924, 84608
101.938, 84392
101.94, 84608
101.946, 84608
101.961, 84392
101.962, 84392
101.963, 84392
101.965, 84392
101.966, 84392
101.967, 84392
101.968, 84392
101.969, 84392
101.97, 84392
101.971, 84392
101.973, 84392
101.974, 84392
101.975, 84392
101.976, 84392
101.977, 84392
101.978, 84392
101.979, 84392
101.981, 84392
101.982, 84176
101.983, 84176
101.984, 84176
101.985, 84176
101.986, 84176
101.988, 84176
101.989, 84176
101.99, 84176
101.991, 84176
101.992, 84176
101.993, 84176
101.994, 84176
101.996, 84176
101.997, 84176
101.998, 84176
101.999, 84176
102, 84176
102.001, 84176
102.003, 84176
102.004, 84176
102.005, 84176
102.006, 84176
102.007, 84176
102.008, 84176
102.009, 84176
102.011, 84176
102.012, 84176
102.013, 84176
102.014, 84176
102.015, 84176
102.016, 83960
102.017, 83960
102.019, 83960
102.02, 83960
102.021, 83960
102.022, 83960
102.023, 83960
102.024, 83744
102.025, 83744
102.027, 83744
102.028, 83744
102.029, 83744
102.03, 83744
102.031, 83744
102.032, 83744
102.033, 83744
102.035, 83744
102.036, 83744
102.037, 83744
102.038, 83744
102.039, 83744
102.04, 83744
102.041, 83744
102.043, 83744
102.044, 83744
102.045, 83744
102.046, 83744
102.047, 83744
102.048, 83744
102.049, 83744
102.051, 83528
102.052, 83528
102.053, 83528
102.054, 83528
102.055, 83528
102.056, 83528
102.057, 83528
102.059, 83528
102.06, 83528
102.061, 83528
102.062, 83528
102.063, 83528
102.064, 83528
102.065, 83528
102.067, 83528
102.068, 83528
102.069, 83528
102.07, 83528
102.071, 83528
102.072, 83528
102.073, 83528
102.075, 83528
102.076, 83312
102.077, 83312
102.078, 83312
102.079, 83312
102.08, 83312
102.081, 83312
102.083, 83312
102.084, 83312
102.085, 83312
102.086, 83312
102.087, 83312
102.088, 83312
102.089, 83312
102.091, 83312
102.092, 83312
102.093, 83312
102.094, 83312
102.095, 83312
102.096, 83312
102.097, 83312
102.099, 83312
102.1, 83312
102.101, 83312
102.102, 83312
102.103, 83312
102.105, 83312
102.106, 83312
102.107, 83312
102.108, 83312
102.11, 83312
102.111, 83312
102.112, 83312
102.113, 83312
102.115, 83312
102.116, 83312
102.117, 83312
102.118, 83312
102.119, 83312
102.12, 83312
102.121, 83312
102.123, 83312
102.124, 83312
102.125, 83312
102.126, 83312
102.127, 83312
102.128, 83312
102.129, 83312
102.131, 83312
102.132, 83312
102.133, 83312
102.134, 83312
102.135, 83312
102.136, 83312
102.138, 83312
102.139, 83312
102.14, 83312
102.141, 83312
102.142, 83312
102.143, 83312
102.144, 83312
102.146, 83312
102.147, 83312
102.148, 83312
102.149, 83312
102.15, 83312
102.151, 83312
102.152, 83096
102.154, 83096
102.155, 83096
102.156, 83096
102.157, 83096
102.158, 83096
102.159, 83096
102.161, 83096
102.162, 83096
102.163, 83096
102.164, 83096
102.165, 83096
102.166, 83096
102.167, 83096
102.169, 83096
102.17, 83096
102.171, 83096
102.172, 83096
102.173, 83096
102.174, 83096
102.175, 83096
102.177, 83096
102.178, 83096
102.179, 83096
102.18, 83096
102.181, 83096
102.182, 83096
102.183, 83096
102.185, 83096
102.186, 83096
102.187, 83312
102.188, 83312
102.189, 83312
102.19, 83312
102.191, 83312
102.193, 83312
102.194, 83312
102.195, 83312
102.196, 83312
102.197, 83312
102.198, 83312
102.199, 83312
102.201, 83312
102.202, 83312
102.203, 83312
102.204, 83312
102.205, 83312
102.206, 83312
102.207, 83312
102.209, 83312
102.21, 83312
102.211, 83312
102.212, 83312
102.213, 83312
102.214, 83312
102.215, 83312
102.217, 83312
102.218, 83312
102.219, 83312
102.22, 83312
102.221, 83528
102.222, 83528
102.223, 83528
102.225, 83528
102.226, 83528
102.227, 83528
102.228, 83528
102.229, 83528
102.23, 83528
102.231, 83528
102.233, 83528
102.234, 83528
102.235, 83528
102.236, 83528
102.237, 83528
102.238, 83528
102.239, 83528
102.241, 83528
102.242, 83528
102.243, 83528
102.244, 83528
102.245, 83528
102.246, 83744
102.247, 83744
102.249, 83744
102.25, 83744
102.251, 83744
102.252, 83744
102.253, 83744
102.254, 83744
102.256, 83744
102.257, 83744
102.258, 83744
102.259, 83744
102.26, 83744
102.261, 83744
102.263, 83744
102.264, 83744
102.265, 83744
102.266, 83744
102.268, 83744
102.269, 83744
102.27, 83744
102.271, 83744
102.272, 83744
102.273, 83744
102.275, 83744
102.276, 83744
102.277, 83744
102.278, 83744
102.279, 83744
102.28, 83744
102.282, 83744
102.283, 83744
102.284, 83744
102.285, 83744
102.286, 83744
102.288, 83744
102.29, 83744
102.291, 83744
102.292, 83744
102.293, 83744
102.294, 83744
102.296, 83744
102.297, 83744
102.298, 83744
102.299, 83744
102.3, 83744
102.301, 83744
102.302, 83744
102.304, 83744
102.305, 83744
102.306, 83960
102.307, 83960
102.308, 83960
102.309, 83960
102.311, 83960
102.312, 83960
102.313, 83960
102.314, 83960
102.315, 83960
102.316, 83960
102.318, 83960
102.319, 83960
102.32, 83960
102.321, 83960
102.322, 83960
102.323, 83960
102.325, 83960
102.326, 83960
102.327, 83960
102.328, 83960
102.329, 83960
102.33, 83960
102.332, 83960
102.333, 83960
102.334, 83960
102.335, 83960
102.336, 83960
102.338, 83960
102.339, 83960
102.34, 83960
102.341, 83960
102.342, 83960
102.343, 83960
102.344, 83960
102.346, 83960
102.347, 83960
102.348, 83960
102.349, 83960
102.35, 83960
102.351, 83960
102.353, 83960
102.354, 83960
102.355, 83960
102.356, 83960
102.357, 83744
102.358, 83744
102.359, 83744
102.361, 83744
102.362, 83744
102.363, 83744
102.364, 83744
102.365, 83744
102.366, 83744
102.367, 83744
102.369, 83744
102.37, 83744
102.371, 83744
102.372, 83744
102.373, 83744
102.374, 83744
102.376, 83744
102.377, 83744
102.378, 83744
102.379, 83744
102.38, 83744
102.381, 83744
102.383, 83960
102.384, 83960
102.385, 83960
102.386, 83960
102.387, 83960
102.388, 83960
102.389, 83960
102.391, 83960
102.392, 83960
102.393, 83960
102.394, 83960
102.395, 83960
102.396, 83960
102.41, 83960
102.412, 83960
102.422, 84176
102.423, 84176
102.425, 84176
102.426, 84392
102.427, 84392
102.428, 84392
102.43, 84392
102.431, 84392
102.432, 84392
102.433, 84392
102.434, 84392
102.436, 84392
102.44, 84392
102.441, 84392
102.442, 84608
102.444, 84608
102.445, 84608
102.446, 84608
102.448, 84608
102.449, 84608
102.45, 84608
102.452, 84824
102.453, 84824
102.454, 84824
102.456, 84824
102.457, 84824
102.458, 84824
102.459, 84824
102.461, 84824
102.462, 84824
102.463, 84824
102.464, 84824
102.465, 84824
102.466, 84824
102.467, 84824
102.469, 84608
102.47, 84608
102.471, 84608
102.472, 84608
102.473, 84608
102.474, 84608
102.475, 84608
102.477, 84392
102.478, 84392
102.479, 84392
102.48, 84392
102.481, 84392
102.483, 84392
102.484, 84392
102.486, 84392
102.498, 84608
102.499, 84608
102.501, 84608
102.502, 84824
102.503, 84824
102.504, 84824
102.506, 84824
102.507, 84824
102.508, 84824
102.51, 84824
102.511, 84824
102.512, 84824
102.514, 84824
102.515, 84824
102.516, 84824
102.518, 84824
102.519, 85040
102.521, 85040
102.522, 85040
102.523, 85040
102.525, 85040
102.526, 85040
102.528, 85040
102.529, 85040
102.53, 85040
102.532, 85040
102.533, 85040
102.534, 85040
102.536, 85040
102.537, 85040
102.538, 85040
102.54, 85040
102.541, 85040
102.543, 85040
102.544, 85040
102.546, 85040
102.547, 85040
102.548, 85040
102.55, 85040
102.551, 85040
102.552, 85040
102.553, 85040
102.555, 85040
102.556, 85040
102.557, 85040
102.559, 85040
102.56, 85040
102.562, 85040
102.563, 85040
102.564, 85040
102.566, 85040
102.567, 85040
102.569, 85040
102.57, 85040
102.572, 85040
102.573, 85040
102.575, 85040
102.576, 85040
102.577, 85040
102.579, 85040
102.58, 85040
102.581, 85040
102.583, 85040
102.584, 85040
102.586, 85040
102.587, 85040
102.589, 85040
102.59, 85040
102.592, 85040
102.593, 85040
102.595, 85040
102.596, 85040
102.597, 85040
102.599, 85040
102.6, 85040
102.602, 85040
102.603, 85040
102.604, 85040
102.606, 85040
102.607, 85040
102.608, 85040
102.61, 85040
102.611, 85040
102.613, 85040
102.614, 85040
102.615, 85040
102.617, 85040
102.618, 85040
102.619, 85040
102.621, 85040
102.622, 85256
102.623, 85256
102.625, 85256
102.626, 85256
102.627, 85256
102.629, 85256
102.63, 85040
102.631, 85040
102.633, 85040
102.634, 85040
102.636, 85040
102.637, 85040
102.638, 85040
102.64, 85040
102.642, 85040
102.643, 85040
102.644, 85040
102.645, 85040
102.647, 85040
102.648, 84824
102.649, 84824
102.65, 84824
102.651, 84824
102.652, 84824
102.653, 84824
102.654, 84824
102.656, 84824
102.657, 84824
102.658, 84824
102.659, 84824
102.66, 84824
102.661, 84824
102.662, 84824
102.663, 84824
102.665, 84824
102.666, 84824
102.667, 84824
102.668, 84824
102.669, 84824
102.67, 84824
102.671, 84824
102.672, 84824
102.673, 84824
102.675, 84824
102.676, 84824
102.677, 84824
102.678, 84824
102.679, 84824
102.68, 84824
102.681, 84824
102.682, 84824
102.684, 84824
102.685, 84824
102.686, 84824
102.687, 84824
102.688, 84824
102.689, 84824
102.69, 85040
102.691, 85040
102.693, 85040
102.694, 85040
102.695, 85040
102.696, 85040
102.697, 85040
102.698, 85040
102.699, 85040
102.7, 85040
102.701, 85040
102.703, 85040
102.704, 85040
102.705, 85040
102.706, 85040
102.707, 85040
102.708, 85040
102.709, 85040
102.71, 85040
102.712, 85040
102.713, 85040
102.714, 85040
102.715, 85040
102.716, 85040
102.717, 85040
102.718, 85040
102.719, 85040
102.721, 85040
102.722, 85040
102.723, 85040
102.725, 84824
102.726, 84824
102.729, 84824
102.73, 84824
102.732, 84824
102.733, 85040
102.734, 85040
102.742, 85040
102.743, 85040
102.746, 85040
102.758, 85040
102.76, 85040
102.768, 85040
102.77, 85040
102.777, 85040
102.778, 85040
102.786, 85040
102.787, 85040
102.793, 85040
102.794, 85040
102.795, 85040
102.797, 85040
102.798, 85040
102.804, 85040
102.806, 85040
102.808, 85040
102.814, 85040
102.815, 85040
102.819, 85040
102.824, 85040
102.832, 84824
102.833, 84824
102.834, 84824
102.836, 84824
102.837, 84824
102.838, 84824
102.839, 84824
102.841, 84824
102.842, 84824
102.843, 85040
102.844, 85040
102.846, 85040
102.847, 85040
102.848, 85040
102.85, 85040
102.851, 85040
102.852, 84824
102.853, 84824
102.854, 84824
102.855, 84824
102.857, 84824
102.858, 84824
102.859, 84824
102.861, 84824
102.862, 84824
102.863, 84824
102.864, 84824
102.865, 84824
102.867, 84824
102.868, 84824
102.869, 84824
102.87, 84824
102.872, 84824
102.873, 84824
102.874, 84824
102.875, 84824
102.877, 84824
102.878, 84824
102.879, 84824
102.88, 84824
102.881, 84824
102.883, 84824
102.884, 84824
102.885, 84824
102.886, 84608
102.887, 84608
102.888, 84608
102.89, 84608
102.891, 84608
102.892, 84608
102.893, 84608
102.894, 84176
102.896, 84176
102.897, 84176
102.898, 84176
102.899, 84176
102.901, 84176
102.902, 84176
102.903, 84176
102.904, 84176
102.905, 84176
102.907, 84176
102.908, 84176
102.91, 84176
102.912, 84176
102.913, 84176
102.914, 84176
102.916, 84176
102.917, 84176
102.918, 84176
102.92, 84392
102.921, 84392
102.923, 84392
102.924, 84392
102.925, 84392
102.926, 84392
102.927, 84392
102.928, 84392
102.93, 84392
102.931, 84392
102.932, 84392
102.933, 84392
102.934, 84392
102.935, 84392
102.937, 84392
102.938, 83960
102.939, 83960
102.94, 83960
102.941, 83960
102.943, 83960
102.944, 83960
102.945, 83960
102.946, 84176
102.947, 84176
102.948, 84176
102.95, 84176
102.951, 84176
102.952, 84176
102.953, 84176
102.954, 84176
102.955, 84176
102.956, 84176
102.958, 84176
102.959, 84176
102.96, 84176
102.961, 84176
102.962, 84176
102.963, 83744
102.964, 83744
102.966, 83744
102.967, 83744
102.968, 83744
102.969, 83744
102.97, 83744
102.971, 83744
102.972, 83744
102.974, 83744
102.975, 83744
102.976, 83744
102.978, 83744
102.979, 83744
102.98, 83960
102.981, 83960
102.982, 83960
102.983, 83960
102.985, 83960
102.986, 83960
102.987, 83960
102.988, 83960
102.989, 83744
102.99, 83744
102.992, 83744
102.993, 83744
102.995, 83744
102.996, 83744
102.997, 83744
102.999, 83744
103, 83744
103.002, 83744
103.003, 83744
103.004, 83744
103.006, 84176
103.007, 84176
103.008, 84176
103.01, 84176
103.011, 84176
103.012, 84176
103.013, 84176
103.014, 84176
103.015, 84176
103.016, 84176
103.018, 84176
103.019, 84176
103.02, 84176
103.021, 84176
103.022, 83960
103.024, 83960
103.025, 83960
103.026, 83960
103.028, 83960
103.029, 83960
103.03, 83960
103.031, 84176
103.032, 84176
103.034, 84176
103.035, 84176
103.036, 84176
103.037, 84176
103.038, 84176
103.039, 84176
103.041, 84176
103.042, 84176
103.043, 84176
103.044, 84176
103.046, 84176
103.047, 84176
103.048, 84392
103.05, 84392
103.051, 84392
103.052, 84392
103.053, 84392
103.055, 84392
103.056, 84392
103.057, 84392
103.058, 84392
103.059, 84392
103.06, 84392
103.061, 84392
103.063, 84392
103.064, 84392
103.065, 84176
103.066, 84176
103.067, 84176
103.069, 84176
103.07, 84176
103.071, 84176
103.073, 84176
103.074, 84392
103.075, 84392
103.077, 84392
103.078, 84392
103.079, 84392
103.08, 84392
103.081, 84392
103.082, 84608
103.084, 84608
103.085, 84608
103.086, 84608
103.087, 84608
103.088, 84608
103.089, 84608
103.091, 84608
103.092, 84824
103.093, 84824
103.094, 84824
103.095, 84824
103.097, 84824
103.098, 84824
103.099, 84824
103.101, 84824
103.102, 84824
103.103, 84824
103.104, 84824
103.106, 84824
103.107, 84824
103.108, 85040
103.109, 85040
103.11, 85040
103.112, 85040
103.113, 85040
103.114, 85040
103.115, 85040
103.117, 85040
103.118, 85040
103.119, 85040
103.12, 85040
103.122, 85040
103.123, 85040
103.124, 85040
103.125, 84824
103.126, 84824
103.127, 84824
103.129, 84824
103.13, 84824
103.131, 84824
103.133, 84824
103.134, 84824
103.135, 84824
103.136, 84824
103.137, 84824
103.138, 84824
103.14, 84824
103.141, 84824
103.143, 84608
103.144, 84608
103.145, 84608
103.146, 84608
103.147, 84608
103.148, 84608
103.15, 84608
103.151, 84608
103.152, 84608
103.153, 84608
103.155, 84608
103.157, 84608
103.158, 84608
103.16, 84608
103.161, 84608
103.162, 84608
103.163, 84608
103.165, 84608
103.166, 84608
103.167, 84608
103.168, 84608
103.169, 84608
103.171, 84608
103.172, 84608
103.173, 84608
103.174, 84608
103.175, 84608
103.177, 84608
103.178, 84608
103.179, 84608
103.18, 84608
103.182, 84608
103.183, 84608
103.184, 84608
103.185, 84608
103.186, 84608
103.187, 84608
103.189, 84608
103.19, 84608
103.191, 84608
103.193, 84608
103.195, 84608
103.196, 84608
103.197, 84608
103.199, 84608
103.2, 84608
103.201, 84608
103.202, 84608
103.204, 84608
103.205, 84608
103.206, 84608
103.207, 84608
103.209, 84608
103.21, 84608
103.211, 84608
103.212, 84608
103.213, 84608
103.215, 84608
103.216, 84608
103.217, 84608
103.218, 84608
103.22, 84608
103.221, 84608
103.222, 84608
103.223, 84608
103.224, 84608
103.226, 84608
103.227, 84608
103.228, 84608
103.229, 84608
103.231, 84608
103.232, 84608
103.233, 84608
103.234, 84608
103.236, 84824
103.237, 84824
103.238, 84824
103.239, 84824
103.24, 84824
103.242, 84824
103.243, 84824
103.244, 84608
103.245, 84608
103.247, 84608
103.248, 84608
103.249, 84608
103.25, 84608
103.251, 84608
103.253, 84824
103.254, 84824
103.255, 84824
103.256, 84824
103.258, 84824
103.259, 84824
103.26, 84824
103.262, 84824
103.263, 84824
103.264, 84824
103.265, 84824
103.266, 84824
103.267, 84824
103.269, 84824
103.27, 84608
103.271, 84608
103.272, 84608
103.273, 84608
103.274, 84608
103.276, 84608
103.277, 84608
103.278, 84608
103.279, 84824
103.28, 84824
103.282, 84824
103.283, 84824
103.284, 84824
103.285, 84824
103.286, 84824
103.287, 84824
103.288, 84824
103.29, 84824
103.291, 84824
103.292, 84824
103.294, 84824
103.295, 84824
103.297, 84608
103.298, 84608
103.299, 84608
103.301, 84608
103.302, 84608
103.303, 84608
103.305, 84824
103.306, 84824
103.307, 84824
103.309, 84824
103.31, 84824
103.311, 84824
103.312, 84824
103.313, 84824
103.314, 84824
103.316, 84824
103.317, 84824
103.318, 84824
103.319, 84824
103.32, 84824
103.321, 84608
103.322, 84608
103.323, 84608
103.325, 84608
103.326, 84608
103.327, 84608
103.328, 84608
103.329, 84608
103.33, 84608
103.331, 84608
103.332, 84608
103.334, 84608
103.335, 84608
103.336, 84608
103.337, 84608
103.338, 84608
103.34, 84608
103.341, 84608
103.343, 84608
103.345, 84608
103.346, 84608
103.347, 84608
103.349, 84608
103.35, 84608
103.351, 84608
103.353, 84608
103.354, 84608
103.355, 84608
103.356, 84608
103.358, 84608
103.359, 84608
103.36, 84608
103.361, 84608
103.362, 84608
103.363, 84608
103.364, 84608
103.365, 84608
103.367, 84608
103.368, 84608
103.369, 84608
103.371, 84608
103.372, 84608
103.373, 84824
103.375, 84824
103.376, 84824
103.377, 84824
103.378, 84824
103.38, 84824
103.381, 85040
103.382, 85040
103.384, 85040
103.385, 85040
103.386, 85040
103.387, 85040
103.389, 85040
103.39, 85256
103.391, 85256
103.393, 85256
103.394, 85256
103.395, 85256
103.396, 85256
103.398, 85256
103.399, 85256
103.401, 85256
103.402, 85256
103.404, 85256
103.405, 85256
103.406, 85256
103.408, 85256
103.409, 85256
103.41, 85256
103.412, 85256
103.413, 85256
103.415, 85256
103.416, 85256
103.418, 85256
103.419, 85256
103.42, 85256
103.422, 85256
103.423, 85256
103.424, 85256
103.426, 85256
103.427, 85256
103.428, 85256
103.429, 85256
103.431, 85256
103.432, 85256
103.433, 85256
103.434, 85256
103.436, 85256
103.438, 85256
103.44, 85256
103.442, 85256
103.443, 85256
103.444, 85256
103.446, 85256
103.447, 85256
103.448, 85256
103.45, 85040
103.451, 85040
103.452, 85040
103.453, 85040
103.454, 85040
103.456, 85040
103.457, 85040
103.458, 85040
103.46, 85040
103.461, 85040
103.462, 85040
103.464, 85040
103.465, 85040
103.467, 85040
103.468, 85040
103.469, 85040
103.471, 85040
103.472, 85040
103.474, 85040
103.475, 85040
103.477, 85040
103.478, 85040
103.479, 85040
103.481, 85040
103.482, 85040
103.483, 85040
103.484, 85040
103.486, 85040
103.487, 85040
103.488, 85040
103.489, 85040
103.49, 85040
103.491, 85040
103.493, 84824
103.494, 84824
103.496, 84824
103.497, 84824
103.498, 84824
103.499, 84824
103.5, 84608
103.501, 84608
103.503, 84608
103.504, 84608
103.505, 84608
103.506, 84608
103.508, 84608
103.509, 84392
103.511, 84392
103.512, 84392
103.513, 84392
103.514, 84392
103.515, 84392
103.517, 84392
103.518, 84392
103.52, 84392
103.521, 84392
103.522, 84392
103.524, 84392
103.525, 84392
103.526, 84392
103.528, 84392
103.529, 84392
103.53, 84392
103.531, 84392
103.533, 84392
103.534, 84392
103.535, 84608
103.536, 84608
103.537, 84608
103.538, 84608
103.54, 84608
103.541, 84608
103.542, 84608
103.543, 84176
103.544, 84176
103.545, 84176
103.546, 84176
103.548, 84176
103.549, 84176
103.55, 84176
103.552, 84176
103.553, 84176
103.554, 84176
103.556, 84176
103.557, 84176
103.558, 84176
103.559, 84176
103.561, 84608
103.562, 84608
103.563, 84608
103.564, 84608
103.565, 84608
103.566, 84608
103.567, 84608
103.569, 84176
103.57, 84176
103.571, 84176
103.572, 84176
103.573, 84176
103.574, 84176
103.575, 84176
103.576, 84176
103.578, 84176
103.579, 84176
103.58, 84176
103.581, 84176
103.582, 84176
103.584, 84176
103.585, 84176
103.586, 84176
103.588, 84176
103.589, 84176
103.59, 84176
103.591, 84176
103.592, 84176
103.594, 84176
103.595, 84392
103.596, 84392
103.597, 84392
103.598, 84392
103.599, 84392
103.601, 84392
103.602, 84392
103.604, 84176
103.605, 84176
103.606, 84176
103.608, 84176
103.609, 84176
103.61, 84176
103.612, 84608
103.613, 84608
103.614, 84608
103.616, 84608
103.617, 84608
103.618, 84608
103.619, 84608
103.621, 84608
103.622, 84608
103.623, 84608
103.624, 84608
103.625, 84608
103.626, 84608
103.627, 84608
103.629, 84392
103.63, 84392
103.632, 84392
103.633, 84392
103.635, 84392
103.636, 84392
103.637, 84608
103.638, 84608
103.639, 84608
103.64, 84608
103.642, 84608
103.643, 84608
103.644, 84608
103.645, 84608
103.646, 84608
103.648, 84608
103.649, 84608
103.65, 84608
103.652, 84608
103.653, 84608
103.655, 84608
103.656, 84608
103.657, 84608
103.659, 84608
103.66, 84608
103.661, 84608
103.662, 85040
103.664, 85040
103.665, 85040
103.666, 85040
103.667, 85040
103.668, 85040
103.669, 85040
103.671, 85040
103.672, 84824
103.673, 84824
103.674, 84824
103.675, 84824
103.676, 84824
103.678, 84824
103.679, 84608
103.681, 84608
103.682, 84608
103.684, 84608
103.685, 84608
103.686, 84608
103.688, 84608
103.689, 85040
103.69, 85040
103.691, 85040
103.693, 85040
103.694, 85040
103.695, 85040
103.697, 85256
103.698, 85256
103.7, 85256
103.701, 85256
103.702, 85256
103.704, 85256
103.705, 85040
103.706, 85040
103.708, 85040
103.709, 85040
103.711, 85040
103.712, 85040
103.714, 85256
103.716, 85256
103.718, 85256
103.72, 85256
103.721, 85256
103.723, 85256
103.724, 85256
103.726, 85256
103.727, 85256
103.728, 85256
103.73, 85256
103.731, 85256
103.733, 85256
103.734, 85256
103.736, 85256
103.737, 85256
103.738, 85256
103.74, 85256
103.741, 85256
103.742, 85256
103.744, 85256
103.745, 85256
103.746, 85256
103.748, 85256
103.749, 85256
103.751, 85256
103.752, 85256
103.753, 85256
103.755, 85256
103.756, 85256
103.757, 85256
103.759, 85256
103.76, 85256
103.761, 85256
103.763, 85256
103.764, 85256
103.766, 85256
103.767, 85256
103.768, 85256
103.769, 85256
103.771, 85256
103.772, 85256
103.773, 85256
103.775, 85256
103.776, 85256
103.777, 85256
103.778, 85256
103.78, 85256
103.781, 85256
103.783, 85040
103.784, 85040
103.786, 85040
103.787, 85040
103.788, 85040
103.789, 85040
103.791, 85040
103.792, 85040
103.793, 85040
103.795, 85040
103.796, 85040
103.797, 85040
103.798, 85040
103.8, 85040
103.801, 85040
103.802, 85040
103.804, 85040
103.805, 85040
103.807, 85040
103.808, 85040
103.809, 85040
103.811, 85040
103.812, 85040
103.814, 85040
103.815, 85040
103.816, 85040
103.817, 85040
103.819, 85040
103.82, 85040
103.821, 85040
103.823, 85040
103.824, 85040
103.826, 85040
103.827, 85040
103.829, 85040
103.83, 85040
103.832, 85040
103.833, 85040
103.835, 85040
103.836, 85040
103.837, 85040
103.839, 85040
103.84, 85040
103.842, 84824
103.843, 84824
103.844, 84824
103.85, 84824
103.851, 84824
103.853, 84824
103.854, 84824
103.855, 84824
103.857, 84824
103.858, 84824
103.859, 85040
103.86, 85040
103.861, 85040
103.862, 85040
103.864, 85040
103.865, 85040
103.866, 85040
103.867, 85040
103.868, 85040
103.869, 85040
103.87, 85040
103.872, 85040
103.873, 85040
103.874, 85040
103.875, 85040
103.876, 85040
103.878, 85040
103.879, 85040
103.881, 85040
103.882, 85040
103.884, 85040
103.885, 85040
103.886, 85040
103.888, 85040
103.889, 85040
103.891, 85040
103.892, 85040
103.893, 85040
103.895, 85040
103.896, 85040
103.897, 85040
103.898, 85040
103.9, 85040
103.901, 85040
103.902, 85040
103.904, 85040
103.905, 85040
103.906, 85040
103.907, 85040
103.908, 85040
103.91, 85040
103.911, 85040
103.912, 85040
103.913, 85040
103.914, 85040
103.916, 85040
103.917, 85040
103.918, 84824
103.92, 84824
103.921, 84824
103.923, 84824
103.924, 84824
103.925, 84824
103.927, 84824
103.928, 84824
103.93, 84824
103.932, 84824
103.933, 84824
103.935, 84824
103.936, 85040
103.937, 85040
103.938, 85040
103.94, 85040
103.941, 85040
103.942, 85040
103.943, 85040
103.944, 84824
103.946, 84824
103.947, 84824
103.948, 84824
103.949, 84824
103.95, 84824
103.952, 84824
103.953, 85040
103.954, 85040
103.955, 85040
103.956, 85040
103.958, 85040
103.959, 85040
103.96, 85040
103.961, 85040
103.962, 85040
103.964, 85040
103.965, 85040
103.966, 85040
103.967, 85040
103.968, 85040
103.969, 85040
103.971, 85040
103.972, 85040
103.973, 85040
103.975, 85040
103.976, 85040
103.977, 85040
103.978, 85040
103.98, 85040
103.981, 85040
103.982, 85040
103.983, 85040
103.984, 85040
103.985, 85040
103.987, 84824
103.988, 84824
103.989, 84824
103.99, 84824
103.991, 84824
103.993, 84824
103.994, 84824
103.995, 84824
103.996, 84824
103.997, 84824
103.999, 84824
104, 84824
104.002, 84824
104.003, 84824
104.005, 84824
104.006, 84824
104.007, 84824
104.009, 84824
104.01, 84824
104.011, 84824
104.012, 84824
104.013, 84824
104.015, 84824
104.016, 84824
104.017, 84824
104.018, 84824
104.02, 84824
104.021, 84824
104.022, 84824
104.023, 84824
104.024, 84824
104.025, 84824
104.027, 84824
104.028, 84824
104.029, 84824
104.031, 84824
104.032, 84824
104.034, 84824
104.035, 84824
104.036, 84824
104.037, 84824
104.038, 84824
104.04, 84824
104.041, 84824
104.042, 84824
104.043, 84824
104.044, 84824
104.046, 84824
104.047, 84824
104.048, 84824
104.049, 84824
104.05, 84824
104.052, 84824
104.053, 84824
104.054, 84824
104.055, 84608
104.057, 84608
104.058, 84608
104.059, 84608
104.061, 84608
104.062, 84608
104.063, 84608
104.065, 84608
104.066, 84608
104.067, 84608
104.068, 84608
104.069, 84608
104.07, 84608
104.072, 84608
104.073, 84608
104.074, 84608
104.075, 84608
104.077, 84608
104.078, 84608
104.079, 84608
104.08, 84608
104.081, 84608
104.082, 84608
104.084, 84608
104.085, 84608
104.086, 84608
104.088, 84608
104.089, 84608
104.09, 84392
104.091, 84392
104.092, 84392
104.093, 84392
104.095, 84392
104.096, 84392
104.097, 84392
104.098, 84176
104.099, 84176
104.1, 84176
104.102, 84176
104.103, 84176
104.104, 84176
104.105, 84176
104.106, 84176
104.108, 84176
104.109, 84176
104.11, 84176
104.112, 84176
104.113, 84176
104.115, 84392
104.116, 84392
104.118, 84392
104.12, 84392
104.121, 84392
104.122, 84392
104.124, 84176
104.125, 84176
104.127, 84176
104.128, 84176
104.129, 84176
104.13, 84176
104.131, 84176
104.132, 84392
104.133, 84392
104.135, 84392
104.136, 84392
104.137, 84392
104.138, 84392
104.139, 84392
104.141, 84392
104.142, 84392
104.144, 84392
104.145, 84392
104.147, 84392
104.148, 84392
104.15, 84608
104.151, 84608
104.153, 84608
104.154, 84608
104.155, 84608
104.156, 84608
104.157, 84608
104.158, 84608
104.16, 84608
104.161, 84608
104.162, 84608
104.163, 84608
104.164, 84608
104.165, 84608
104.166, 84608
104.167, 84608
104.169, 84608
104.17, 84608
104.171, 84608
104.172, 84608
104.173, 84608
104.174, 84608
104.176, 84608
104.177, 84608
104.178, 84608
104.18, 84608
104.181, 84608
104.182, 84608
104.184, 84608
104.185, 84608
104.186, 84608
104.187, 84608
104.188, 84608
104.189, 84608
104.19, 84608
104.192, 84824
104.193, 84824
104.194, 84824
104.196, 84824
104.197, 84824
104.199, 84824
104.2, 84608
104.202, 84608
104.203, 84608
104.204, 84608
104.205, 84608
104.207, 84608
104.208, 84608
104.209, 84824
104.21, 84824
104.212, 84824
104.213, 84824
104.214, 84824
104.215, 84824
104.216, 84824
104.217, 84608
104.218, 84608
104.22, 84608
104.221, 84608
104.222, 84608
104.223, 84608
104.225, 84608
104.226, 84608
104.228, 84608
104.229, 84608
104.23, 84608
104.231, 84608
104.232, 84608
104.233, 84608
104.235, 84392
104.236, 84392
104.237, 84392
104.238, 84392
104.24, 84392
104.241, 84392
104.243, 84392
104.244, 84392
104.246, 84392
104.247, 84392
104.248, 84392
104.25, 84392
104.251, 84608
104.253, 84608
104.254, 84608
104.255, 84608
104.257, 84608
104.258, 84608
104.259, 84608
104.261, 84392
104.262, 84392
104.263, 84392
104.264, 84392
104.266, 84392
104.267, 84392
104.268, 84176
104.27, 84176
104.271, 84176
104.273, 84176
104.274, 84176
104.276, 84176
104.277, 84392
104.278, 84392
104.28, 84392
104.281, 84392
104.282, 84392
104.283, 84392
104.285, 84392
104.286, 84608
104.288, 84608
104.289, 84608
104.29, 84608
104.292, 84608
104.293, 84608
104.294, 84824
104.295, 84824
104.297, 84824
104.298, 84824
104.299, 84824
104.301, 84824
104.302, 85040
104.304, 85040
104.306, 85040
104.307, 85040
104.309, 85040
104.311, 85040
104.312, 85040
104.313, 85040
104.315, 85040
104.316, 85040
104.317, 85040
104.319, 85040
104.32, 85040
104.321, 85040
104.323, 85040
104.324, 85040
104.326, 85040
104.327, 85040
104.328, 85040
104.33, 85040
104.331, 85040
104.332, 85040
104.334, 85040
104.335, 85040
104.337, 85040
104.339, 85040
104.34, 85040
104.342, 85040
104.343, 85040
104.344, 85040
104.345, 84824
104.347, 84824
104.348, 84824
104.35, 84824
104.351, 84824
104.352, 84824
104.353, 85040
104.355, 85040
104.356, 85040
104.357, 85040
104.358, 85040
104.36, 85040
104.361, 85040
104.362, 85256
104.363, 85256
104.365, 85256
104.366, 85256
104.368, 85256
104.369, 85256
104.37, 85040
104.372, 85040
104.373, 85040
104.375, 85040
104.376, 85040
104.378, 85040
104.38, 85040
104.381, 85040
104.383, 85040
104.384, 85040
104.386, 85040
104.387, 85040
104.389, 85040
104.39, 85040
104.391, 85040
104.392, 85040
104.394, 85040
104.395, 85040
104.396, 85040
104.398, 85040
104.399, 85040
104.4, 85040
104.401, 85040
104.402, 85040
104.404, 85040
104.405, 85040
104.406, 85040
104.407, 85040
104.409, 85040
104.41, 85040
104.411, 85040
104.412, 85040
104.413, 85040
104.415, 85040
104.416, 85040
104.417, 85040
104.418, 85040
104.42, 85040
104.421, 85040
104.422, 85040
104.423, 85040
104.424, 85040
104.426, 85040
104.427, 85040
104.428, 85040
104.429, 85040
104.43, 85040
104.431, 85040
104.432, 85040
104.434, 85040
104.435, 85040
104.436, 85040
104.438, 85040
104.439, 85040
104.44, 85040
104.442, 85040
104.443, 85040
104.444, 85040
104.445, 85040
104.446, 85040
104.448, 85040
104.449, 85040
104.45, 85040
104.451, 85040
104.453, 85040
104.454, 85040
104.455, 85040
104.457, 84824
104.458, 84824
104.459, 84824
104.46, 84824
104.462, 84824
104.463, 84824
104.464, 84824
104.465, 85040
104.466, 85040
104.468, 85040
104.469, 85040
104.47, 85040
104.472, 85040
104.473, 84824
104.474, 84824
104.476, 84824
104.477, 84824
104.478, 84824
104.48, 84824
104.481, 84824
104.482, 85040
104.483, 85040
104.484, 85040
104.486, 85040
104.487, 85040
104.488, 85040
104.49, 85040
104.491, 84824
104.492, 84824
104.494, 84824
104.495, 84824
104.496, 84824
104.498, 84824
104.499, 84824
104.501, 84824
104.502, 84824
104.503, 84824
104.504, 84824
104.505, 84824
104.507, 84824
104.508, 84824
104.509, 84824
104.51, 84824
104.512, 84824
104.513, 84824
104.514, 84824
104.516, 84824
104.517, 84824
104.518, 84824
104.519, 84824
104.52, 84824
104.522, 84824
104.523, 84824
104.525, 84608
104.526, 84608
104.527, 84608
104.529, 84608
104.53, 84608
104.531, 84608
104.532, 84608
104.533, 84608
104.535, 84608
104.536, 84608
104.537, 84608
104.538, 84608
104.539, 84608
104.541, 84608
104.542, 84608
104.543, 84608
104.544, 84608
104.546, 84608
104.547, 84608
104.548, 84608
104.549, 84608
104.55, 84608
104.551, 84608
104.553, 84608
104.554, 84608
104.555, 84608
104.556, 84608
104.557, 84608
104.559, 84608
104.56, 84608
104.561, 84608
104.563, 84608
104.564, 84608
104.565, 84608
104.567, 84608
104.568, 84608
104.569, 84608
104.571, 84608
104.572, 84608
104.574, 84608
104.575, 84608
104.576, 84392
104.578, 84392
104.579, 84392
104.58, 84392
104.581, 84392
104.582, 84392
104.583, 84392
104.585, 84608
104.586, 84608
104.587, 84608
104.588, 84608
104.59, 84608
104.591, 84608
104.592, 84608
104.593, 84392
104.594, 84392
104.595, 84392
104.597, 84392
104.598, 84392
104.599, 84392
104.601, 84392
104.602, 84392
104.603, 84392
104.605, 84392
104.607, 84392
104.608, 84392
104.609, 84392
104.611, 84392
104.612, 84392
104.614, 84392
104.615, 84392
104.617, 84392
104.618, 84608
104.62, 84608
104.621, 84608
104.622, 84608
104.623, 84608
104.625, 84608
104.626, 84608
104.627, 84608
104.629, 84608
104.63, 84608
104.632, 84608
104.633, 84608
104.635, 84608
104.636, 84608
104.638, 84608
104.639, 84608
104.64, 84608
104.642, 84608
104.644, 84608
104.645, 84608
104.646, 84608
104.648, 84608
104.649, 84608
104.651, 84608
104.652, 84608
104.654, 84608
104.655, 84608
104.657, 84608
104.659, 84608
104.661, 84608
104.662, 84608
104.664, 84608
104.665, 84608
104.667, 84608
104.668, 84608
104.669, 84608
104.671, 84608
104.672, 84608
104.674, 84608
104.675, 84608
104.677, 84608
104.679, 84608
104.68, 84608
104.682, 84608
104.683, 84608
104.684, 84608
104.686, 84608
104.687, 84608
104.688, 84608
104.69, 84608
104.691, 84608
104.692, 84608
104.693, 84608
104.694, 84608
104.696, 84176
104.697, 84176
104.698, 84176
104.699, 84176
104.701, 84176
104.702, 84176
104.704, 84176
104.705, 84176
104.706, 84176
104.707, 84176
104.708, 84176
104.71, 84176
104.711, 84176
104.713, 83960
104.714, 83960
104.716, 83960
104.717, 83960
104.719, 83960
104.72, 83960
104.721, 84176
104.722, 84176
104.724, 84176
104.725, 84176
104.726, 84176
104.727, 84176
104.729, 84176
104.73, 84608
104.731, 84608
104.732, 84608
104.733, 84608
104.734, 84608
104.735, 84608
104.737, 84608
104.738, 84824
104.739, 84824
104.74, 84824
104.741, 84824
104.743, 84824
104.744, 84824
104.745, 84824
104.747, 84824
104.748, 84824
104.749, 84824
104.75, 84824
104.751, 84824
104.752, 84824
104.754, 84824
104.755, 85040
104.756, 85040
104.757, 85040
104.758, 85040
104.759, 85040
104.76, 85040
104.762, 85040
104.763, 85040
104.764, 84824
104.765, 84824
104.766, 84824
104.767, 84824
104.768, 84824
104.77, 84824
104.771, 84824
104.772, 84608
104.773, 84608
104.774, 84608
104.775, 84608
104.777, 84608
104.778, 84608
104.78, 84608
104.781, 84824
104.782, 84824
104.783, 84824
104.785, 84824
104.786, 84824
104.787, 84824
104.788, 84824
104.789, 84608
104.79, 84608
104.791, 84608
104.793, 84608
104.794, 84608
104.795, 84608
104.797, 84608
104.798, 84608
104.8, 84608
104.801, 84608
104.802, 84608
104.804, 84608
104.805, 84608
104.806, 84392
104.808, 84392
104.809, 84392
104.81, 84392
104.812, 84392
104.813, 84392
104.814, 84392
104.816, 84392
104.817, 84392
104.818, 84392
104.819, 84392
104.821, 84392
104.822, 84392
104.823, 83960
104.824, 83960
104.825, 83960
104.827, 83960
104.829, 83960
104.83, 83960
104.832, 83960
104.833, 83960
104.834, 83960
104.835, 83960
104.836, 83960
104.837, 83960
104.838, 83960
104.84, 83960
104.841, 83960
104.842, 83960
104.843, 83960
104.845, 83960
104.846, 83960
104.848, 83960
104.849, 83960
104.85, 83960
104.852, 83960
104.853, 83960
104.854, 83960
104.855, 83960
104.857, 83960
104.858, 84392
104.859, 84392
104.86, 84392
104.861, 84392
104.863, 84392
104.864, 84392
104.865, 84392
104.866, 83960
104.867, 83960
104.868, 83960
104.869, 83960
104.871, 83960
104.872, 83960
104.873, 83960
104.875, 83960
104.876, 83960
104.878, 83960
104.879, 83960
104.88, 83960
104.882, 83960
104.883, 84176
104.885, 84176
104.886, 84176
104.887, 84176
104.889, 84176
104.89, 84176
104.891, 84392
104.893, 84392
104.895, 84392
104.896, 84392
104.897, 84392
104.898, 84392
104.9, 84392
104.901, 84392
104.902, 84392
104.904, 84392
104.905, 84392
104.906, 84392
104.908, 84392
104.909, 84824
104.91, 84824
104.912, 84824
104.914, 84824
104.915, 84824
104.917, 84824
104.918, 84824
104.92, 84824
104.921, 84824
104.924, 84824
104.927, 84608
104.928, 84608
104.93, 84608
104.931, 84608
104.933, 84608
104.934, 84608
104.935, 84608
104.937, 84608
104.938, 84608
104.939, 84608
104.941, 84608
104.942, 84824
104.943, 84824
104.945, 84824
104.946, 84824
104.947, 84824
104.948, 84824
104.949, 84824
104.95, 84824
104.952, 84824
104.953, 84824
104.954, 84824
104.956, 84824
104.957, 84824
104.959, 84824
104.96, 85040
104.962, 85040
104.963, 85040
104.965, 85040
104.966, 85040
104.967, 85040
104.969, 85040
104.97, 85040
104.971, 85040
104.973, 85040
104.974, 85040
104.976, 85040
104.977, 85040
104.978, 85040
104.979, 85040
104.98, 85040
104.981, 85040
104.983, 85040
104.984, 85040
104.985, 85256
104.986, 85256
104.988, 85256
104.989, 85256
104.99, 85256
104.991, 85256
104.992, 85256
104.994, 85256
104.995, 85256
104.996, 85256
104.997, 85256
104.998, 85256
105, 85256
105.001, 85256
105.002, 85256
105.003, 85256
105.004, 85256
105.006, 85256
105.007, 85256
105.008, 85256
105.009, 85256
105.011, 85256
105.012, 85256
105.013, 85256
105.014, 85256
105.015, 85256
105.017, 85256
105.018, 85256
105.019, 85256
105.02, 85256
105.021, 85256
105.023, 85256
105.024, 85256
105.025, 85256
105.026, 85256
105.027, 85256
105.029, 85256
105.03, 85256
105.032, 85256
105.033, 85256
105.034, 85256
105.035, 85256
105.037, 85040
105.038, 85040
105.039, 85040
105.041, 85040
105.042, 85040
105.043, 85040
105.045, 85040
105.046, 85040
105.047, 85040
105.049, 85040
105.05, 85040
105.052, 85040
105.053, 85040
105.054, 85040
105.056, 85040
105.057, 85040
105.058, 85040
105.06, 85040
105.061, 85040
105.062, 85040
105.063, 85040
105.064, 85040
105.066, 85040
105.067, 85040
105.068, 85040
105.07, 85040
105.071, 84824
105.072, 84824
105.073, 84824
105.074, 84824
105.076, 84824
105.077, 84824
105.078, 84824
105.079, 84824
105.081, 84824
105.082, 84824
105.083, 84824
105.085, 84824
105.086, 84824
105.087, 84608
105.089, 84608
105.091, 84608
105.092, 84608
105.093, 84608
105.095, 84608
105.096, 84824
105.097, 84824
105.098, 84824
105.1, 84824
105.101, 84824
105.103, 84824
105.104, 84824
105.105, 84608
105.107, 84608
105.108, 84608
105.11, 84608
105.111, 84608
105.112, 84608
105.114, 84824
105.115, 84824
105.116, 84824
105.118, 84824
105.119, 84824
105.12, 84824
105.121, 84608
105.123, 84608
105.124, 84608
105.125, 84608
105.126, 84608
105.128, 84608
105.13, 84608
105.131, 84392
105.133, 84392
105.134, 84392
105.135, 84392
105.137, 84392
105.138, 84392
105.139, 84392
105.141, 84392
105.142, 84392
105.143, 84392
105.144, 84392
105.145, 84392
105.147, 84392
105.148, 84176
105.149, 84176
105.15, 84176
105.151, 84176
105.152, 84176
105.154, 84176
105.155, 84176
105.156, 84176
105.157, 84176
105.158, 84176
105.16, 84176
105.161, 84176
105.162, 84176
105.163, 84176
105.165, 84176
105.166, 84176
105.167, 84176
105.168, 84176
105.169, 84176
105.171, 84176
105.172, 84176
105.173, 84176
105.174, 84176
105.176, 84176
105.177, 84176
105.179, 84176
105.18, 84176
105.181, 84176
105.182, 84176
105.183, 84176
105.185, 84176
105.186, 84176
105.187, 84176
105.189, 84176
105.19, 84176
105.192, 84176
105.193, 84176
105.194, 84176
105.196, 84176
105.197, 84176
105.198, 84176
105.199, 84608
105.2, 84608
105.201, 84608
105.203, 84608
105.204, 84608
105.206, 84608
105.208, 84608
105.21, 84608
105.212, 84608
105.214, 84608
105.215, 84608
105.216, 84608
105.218, 84608
105.219, 84608
105.22, 84608
105.221, 84608
105.222, 84608
105.224, 84608
105.225, 84392
105.226, 84392
105.227, 84392
105.229, 84392
105.23, 84392
105.231, 84392
105.232, 84392
105.234, 84608
105.235, 84608
105.236, 84608
105.237, 84608
105.238, 84608
105.24, 84608
105.241, 84608
105.242, 84608
105.243, 84608
105.245, 84608
105.246, 84608
105.247, 84608
105.248, 84608
105.25, 84824
105.252, 84824
105.253, 84824
105.255, 84824
105.256, 84824
105.257, 84824
105.258, 84824
105.26, 84824
105.261, 84824
105.263, 84824
105.264, 84824
105.265, 84824
105.267, 84824
105.268, 84824
105.27, 84824
105.271, 84824
105.272, 84824
105.273, 84824
105.275, 84824
105.276, 85040
105.277, 85040
105.279, 85040
105.28, 85040
105.282, 85040
105.287, 84824
105.289, 84824
105.29, 84824
105.291, 84824
105.292, 84824
105.294, 84824
105.295, 84824
105.297, 84824
105.298, 84824
105.3, 84824
105.301, 84608
105.303, 84608
105.305, 84608
105.306, 84608
105.307, 84608
105.309, 84608
105.31, 84824
105.311, 84824
105.313, 84824
105.314, 84824
105.315, 84824
105.317, 84824
105.318, 84824
105.32, 84824
105.321, 84824
105.322, 84824
105.323, 84824
105.324, 84824
105.326, 84824
105.327, 84824
105.328, 84824
105.33, 84824
105.331, 84824
105.332, 84824
105.334, 84824
105.335, 84824
105.337, 84824
105.338, 84824
105.34, 84824
105.344, 84824
105.346, 84824
105.348, 84824
105.349, 84824
105.351, 84824
105.354, 84824
105.356, 84824
105.357, 84824
105.359, 84824
105.36, 84824
105.362, 84824
105.363, 84824
105.365, 84824
105.366, 84824
105.367, 84824
105.369, 84824
105.37, 85040
105.371, 85040
105.372, 85040
105.373, 85040
105.375, 85040
105.376, 85040
105.377, 85040
105.378, 84608
105.38, 84608
105.381, 84608
105.383, 84608
105.384, 84608
105.386, 84608
105.387, 84608
105.388, 84608
105.389, 84608
105.39, 84608
105.392, 84608
105.394, 84608
105.395, 84392
105.396, 84392
105.398, 84392
105.399, 84392
105.4, 84392
105.403, 84824
105.404, 84824
105.406, 84824
105.407, 84824
105.409, 84824
105.41, 84824
105.411, 84824
105.413, 84608
105.414, 84608
105.415, 84608
105.416, 84608
105.417, 84608
105.419, 84608
105.42, 84176
105.422, 84176
105.424, 84176
105.425, 84176
105.427, 84176
105.429, 84608
105.43, 84608
105.431, 84608
105.432, 84608
105.433, 84608
105.435, 84608
105.436, 84608
105.437, 84608
105.438, 84392
105.439, 84392
105.44, 84392
105.441, 84392
105.443, 84392
105.444, 84392
105.445, 84392
105.446, 84176
105.447, 84176
105.448, 84176
105.449, 84176
105.451, 84176
105.452, 84176
105.453, 84176
105.454, 84176
105.455, 83960
105.457, 83960
105.459, 83960
105.461, 83960
105.462, 83960
105.463, 84176
105.465, 84176
105.466, 84176
105.467, 84176
105.468, 84176
105.469, 84176
105.47, 84176
105.471, 83960
105.473, 83960
105.474, 83960
105.475, 83960
105.476, 83960
105.478, 83960
105.479, 83960
105.48, 83960
105.481, 83960
105.484, 83960
105.485, 83960
105.486, 83960
105.488, 83960
105.489, 84176
105.49, 84176
105.492, 84176
105.493, 84176
105.494, 84176
105.495, 84176
105.496, 84176
105.497, 84176
105.499, 84176
105.5, 84176
105.501, 84176
105.502, 84176
105.506, 83960
105.513, 83960
105.514, 84176
105.516, 84176
105.517, 84176
105.518, 84176
105.519, 84176
105.52, 84176
105.522, 84176
105.523, 83960
105.524, 83960
105.526, 83960
105.529, 83960
105.53, 83960
105.531, 84392
105.533, 84392
105.534, 84392
105.539, 84392
105.54, 84392
105.541, 84392
105.543, 84392
105.544, 84392
105.545, 84392
105.546, 84392
105.547, 84392
105.549, 84392
105.55, 84392
105.551, 84392
105.554, 84392
105.557, 84392
105.57, 84608
105.571, 84608
105.573, 84608
105.575, 84824
105.578, 84824
105.579, 84824
105.581, 84824
105.585, 84824
105.589, 84824
105.59, 84824
105.591, 85256
105.593, 85256
105.595, 85256
105.597, 85256
105.598, 85256
105.6, 85256
105.601, 85256
105.602, 85256
105.603, 85256
105.605, 85256
105.606, 85256
105.607, 85256
105.608, 85256
105.609, 85256
105.61, 85256
105.612, 85256
105.613, 85256
105.614, 85256
105.616, 85256
105.617, 85256
105.618, 85256
105.62, 85256
105.621, 85256
105.622, 85256
105.624, 85256
105.625, 85256
105.626, 85256
105.628, 85256
105.629, 85256
105.63, 85256
105.632, 85256
105.636, 85040
105.638, 85040
105.639, 85040
105.64, 85040
105.641, 85040
105.643, 85040
105.644, 85040
105.646, 85040
105.647, 85040
105.649, 85040
105.65, 85040
105.651, 85040
105.653, 85040
105.654, 85040
105.656, 85040
105.657, 85040
105.658, 85040
105.66, 85040
105.661, 85040
105.662, 85040
105.664, 85040
105.665, 85040
105.666, 85040
105.668, 85040
105.669, 85040
105.67, 85040
105.672, 85040
105.673, 85040
105.675, 85040
105.676, 85040
105.677, 85040
105.679, 85040
105.68, 85040
105.682, 85040
105.683, 85040
105.685, 85040
105.686, 85040
105.688, 85040
105.689, 85040
105.691, 85040
105.692, 85040
105.694, 85040
105.695, 85040
105.697, 85040
105.698, 85040
105.7, 85040
105.701, 85040
105.702, 85040
105.704, 85040
105.705, 85040
105.707, 85040
105.708, 85040
105.709, 85040
105.71, 85040
105.712, 85040
105.713, 85040
105.714, 85040
105.715, 85040
105.716, 85040
105.718, 85040
105.719, 85040
105.72, 85040
105.721, 85040
105.725, 85040
105.73, 85040
105.732, 85040
105.733, 85040
105.734, 85040
105.736, 85040
105.737, 84824
105.738, 84824
105.74, 84824
105.741, 84824
105.743, 84824
105.744, 84824
105.745, 84824
105.747, 84824
105.748, 84824
105.75, 84824
105.751, 84824
105.752, 84824
105.754, 85040
105.755, 85040
105.756, 85040
105.757, 85040
105.759, 85040
105.76, 85040
105.762, 84824
105.763, 84824
105.764, 84824
105.766, 84824
105.767, 84824
105.769, 84824
105.77, 84824
105.771, 84824
105.773, 84824
105.774, 84824
105.775, 84824
105.777, 84824
105.778, 84824
105.78, 84824
105.781, 84824
105.783, 84824
105.784, 84824
105.786, 84824
105.787, 84824
105.789, 84824
105.79, 84824
105.792, 84824
105.794, 84824
105.795, 84824
105.797, 84824
105.798, 84824
105.8, 84824
105.801, 84824
105.803, 84824
105.804, 84824
105.806, 84824
105.808, 84824
105.809, 84824
105.811, 84824
105.812, 84824
105.814, 84824
105.815, 84824
105.817, 84824
105.818, 84824
105.82, 84824
105.821, 84824
105.823, 84824
105.824, 84824
105.826, 84824
105.827, 84824
105.829, 84824
105.831, 84824
105.832, 84824
105.834, 84824
105.835, 84824
105.837, 84824
105.838, 84824
105.84, 84824
105.841, 84824
105.843, 84824
105.844, 84824
105.846, 84824
105.847, 84824
105.848, 84824
105.85, 84824
105.852, 84824
105.853, 84824
105.855, 84824
105.856, 84824
105.858, 84824
105.859, 84824
105.861, 84824
105.862, 84824
105.864, 84824
105.865, 84824
105.867, 84824
105.869, 84824
105.87, 84824
105.872, 84824
105.873, 84608
105.875, 84608
105.877, 84608
105.878, 84608
105.88, 84608
105.881, 84608
105.883, 84608
105.884, 84608
105.885, 84608
105.887, 84608
105.888, 84608
105.889, 84608
105.891, 84608
105.892, 84608
105.894, 84608
105.895, 84608
105.897, 84608
105.898, 84608
105.899, 84608
105.901, 84608
105.902, 84608
105.903, 84608
105.905, 84608
105.907, 84608
105.908, 84608
105.91, 84608
105.911, 84608
105.912, 84608
105.914, 84608
105.915, 84608
105.916, 84608
105.918, 84608
105.919, 84608
105.92, 84608
105.922, 84608
105.923, 84608
105.925, 84824
105.926, 84824
105.927, 84824
105.929, 84824
105.93, 84824
105.932, 84824
105.933, 84824
105.935, 84824
105.937, 84824
105.938, 84824
105.94, 84824
105.941, 84824
105.942, 84824
105.944, 84824
105.945, 84824
105.946, 84824
105.948, 84824
105.949, 84824
105.951, 84824
105.952, 84824
105.954, 84824
105.955, 84824
105.957, 84824
105.958, 84824
105.96, 84824
105.961, 84824
105.962, 84824
105.964, 84824
105.965, 84824
105.967, 84824
105.968, 84824
105.969, 84824
105.971, 84824
105.972, 84824
105.973, 84824
105.975, 84608
105.976, 84608
105.977, 84608
105.979, 84608
105.98, 84608
105.982, 84608
105.983, 84608
105.985, 84608
105.986, 84608
105.988, 84608
105.989, 84608
105.99, 84608
105.992, 84608
105.993, 84608
105.998, 84608
105.999, 84608
106, 84392
106.002, 84392
106.003, 84392
106.004, 84392
106.005, 84392
106.006, 84392
106.007, 84392
106.01, 83960
106.014, 83960
106.017, 83960
106.019, 84392
106.02, 84392
106.021, 84392
106.022, 84392
106.023, 84392
106.024, 84392
106.025, 84392
106.027, 84176
106.028, 84176
106.029, 84176
106.03, 84176
106.031, 84176
106.032, 84176
106.033, 84176
106.035, 83960
106.036, 83960
106.037, 83960
106.038, 83960
106.039, 83960
106.04, 83960
106.042, 83960
106.043, 83960
106.044, 83744
106.045, 83744
106.05, 83744
106.051, 83744
106.053, 83960
106.054, 83960
106.055, 83960
106.056, 83960
106.058, 83960
106.059, 83960
106.06, 83960
106.061, 84176
106.062, 84176
106.07, 84176
106.072, 84176
106.073, 84176
106.074, 84176
106.076, 84176
106.077, 84176
106.078, 84392
106.08, 84392
106.081, 84392
106.082, 84392
106.083, 84392
106.084, 84392
106.085, 84392
106.087, 84392
106.088, 84392
106.089, 84392
106.09, 84392
106.091, 84392
106.092, 84392
106.094, 84392
106.095, 84176
106.096, 84176
106.098, 84176
106.099, 84176
106.1, 84176
106.101, 84176
106.102, 84176
106.104, 84392
106.105, 84392
106.106, 84392
106.107, 84392
106.108, 84392
106.109, 84392
106.111, 84392
106.112, 84176
106.113, 84176
106.114, 84176
106.116, 84176
106.117, 84176
106.118, 84176
106.12, 84176
106.121, 84608
106.122, 84608
106.123, 84608
106.125, 84608
106.126, 84608
106.127, 84608
106.128, 84608
106.129, 84824
106.13, 84824
106.132, 84824
106.133, 84824
106.134, 84824
106.135, 84824
106.136, 84824
106.137, 84392
106.138, 84392
106.14, 84392
106.141, 84392
106.142, 84392
106.144, 84392
106.145, 84392
106.146, 84824
106.148, 84824
106.149, 84824
106.15, 84824
106.151, 84824
106.152, 84824
106.153, 84824
106.155, 85040
106.156, 85040
106.157, 85040
106.158, 85040
106.159, 85040
106.161, 85040
106.162, 85040
106.163, 85256
106.164, 85256
106.165, 85256
106.167, 85256
106.168, 85256
106.169, 85256
106.17, 85256
106.172, 85256
106.173, 85256
106.174, 85256
106.175, 85256
106.176, 85256
106.178, 85256
106.179, 85256
106.18, 85256
106.181, 85256
106.183, 85256
106.184, 85256
106.185, 85256
106.187, 85256
106.188, 85256
106.189, 85256
106.19, 85256
106.192, 85256
106.193, 85256
106.195, 85256
106.196, 85256
106.197, 85040
106.198, 85040
106.2, 85040
106.201, 85040
106.202, 85040
106.203, 85040
106.204, 85040
106.206, 84824
106.207, 84824
106.208, 84824
106.209, 84824
106.21, 84824
106.212, 84824
106.213, 84824
106.214, 84608
106.215, 84608
106.217, 84608
106.218, 84608
106.219, 84608
106.221, 84608
106.222, 84608
106.223, 84608
106.224, 84608
106.226, 84608
106.227, 84608
106.228, 84608
106.229, 84608
106.23, 84608
106.232, 84608
106.234, 84608
106.237, 84392
106.242, 84392
106.245, 84392
106.251, 84176
106.252, 84176
106.255, 83960
106.267, 83960
106.271, 83960
106.273, 83960
106.28, 84176
106.283, 84176
106.287, 84176
106.289, 84176
106.291, 84176
106.3, 84176
106.302, 84176
106.305, 84176
106.307, 84176
106.316, 83960
106.324, 83744
106.33, 83744
106.332, 83744
106.333, 83960
106.335, 83960
106.34, 83960
106.346, 83960
106.353, 83960
106.358, 83960
106.36, 83960
106.361, 83960
106.363, 83960
106.367, 83744
106.372, 83744
106.384, 83960
106.39, 83960
106.392, 83960
106.394, 83960
106.397, 83960
106.399, 83960
106.401, 83960
106.403, 83960
106.404, 83960
106.405, 83960
106.407, 83960
106.411, 83960
106.414, 83960
106.417, 83960
106.422, 83960
106.427, 83960
106.443, 83744
106.447, 83744
106.449, 83744
106.451, 83744
106.458, 83960
106.463, 83960
106.47, 83960
106.476, 83960
106.478, 83960
106.481, 83960
106.492, 83744
106.496, 83960
106.505, 83744
106.507, 83744
106.508, 83744
106.51, 83744
106.515, 83744
106.517, 83744
106.519, 83744
106.534, 83528
106.547, 83744
106.55, 83744
106.552, 83744
106.555, 83744
106.557, 83744
106.559, 83744
106.561, 83744
106.564, 83744
106.565, 83744
106.567, 83744
106.569, 83744
106.57, 83744
106.572, 83744
106.573, 83528
106.58, 83312
106.589, 83312
106.596, 83312
106.597, 83312
106.599, 83312
106.604, 83312
106.616, 83528
106.623, 83744
106.635, 83744
106.64, 83744
106.642, 83744
106.645, 83744
106.648, 83744
106.65, 83528
106.652, 83528
106.654, 83528
106.658, 83528
106.663, 83528
106.672, 83528
106.679, 83528
106.683, 83528
106.685, 83528
106.687, 83528
106.703, 83528
106.705, 83528
106.71, 83528
106.711, 83528
106.713, 83528
106.714, 83528
106.715, 83528
106.717, 83528
106.718, 83960
106.719, 83960
106.721, 83960
106.722, 83960
106.723, 83960
106.725, 83960
106.726, 83528
106.728, 83528
106.729, 83528
106.731, 83528
106.732, 83528
106.733, 83528
106.735, 83744
106.736, 83744
106.737, 83744
106.739, 83744
106.74, 83744
106.742, 83744
106.743, 84176
106.744, 84176
106.746, 84176
106.747, 84176
106.749, 84176
106.75, 84176
106.751, 84392
106.753, 84392
106.754, 84392
106.755, 84392
106.757, 84392
106.759, 84392
106.76, 84392
106.762, 84392
106.764, 84392
106.765, 84392
106.767, 84392
106.768, 84392
106.772, 84392
106.774, 84392
106.781, 84608
106.784, 84608
106.785, 84608
106.79, 84608
106.791, 84608
106.793, 84608
106.794, 84608
106.795, 84824
106.796, 84824
106.797, 84824
106.799, 84824
106.8, 84824
106.801, 84824
106.802, 84824
106.806, 84824
106.807, 84824
106.808, 84824
106.809, 84824
106.811, 84824
106.812, 84824
106.813, 84824
106.814, 84824
106.823, 84824
106.824, 84824
106.825, 84824
106.827, 84824
106.828, 84608
106.834, 84608
106.835, 84608
106.836, 84608
106.838, 84608
106.839, 84608
106.84, 84608
106.841, 84608
106.842, 84608
106.844, 84608
106.845, 84608
106.846, 84392
106.847, 84392
106.849, 84392
106.85, 84392
106.852, 84392
106.863, 84608
106.866, 84608
106.868, 84608
106.869, 84608
106.87, 84608
106.872, 84176
106.873, 84176
106.874, 84176
106.876, 84176
106.877, 84176
106.878, 84176
106.88, 83960
106.881, 83960
106.882, 83960
106.883, 83960
106.884, 83960
106.886, 83960
106.887, 83960
106.888, 83744
106.889, 83744
106.89, 83744
106.892, 83744
106.893, 83744
106.894, 83744
106.895, 83744
106.897, 83528
106.898, 83528
106.9, 83528
106.909, 83528
106.91, 83528
106.912, 83528
106.913, 83528
106.914, 83744
106.915, 83744
106.916, 83744
106.918, 83744
106.919, 83744
106.92, 83744
106.922, 83744
106.923, 83960
106.935, 83744
106.94, 83528
106.944, 83528
106.947, 83312
106.95, 83312
106.953, 83312
106.956, 83312
106.96, 83312
106.964, 83312
106.968, 83312
106.97, 83312
106.972, 83312
106.973, 83312
106.979, 83312
106.982, 83312
106.986, 83312
106.991, 83528
106.992, 83528
106.993, 83528
106.994, 83528
106.995, 83528
106.997, 83528
106.998, 83528
106.999, 83096
107.001, 83096
107.003, 83096
107.004, 83096
107.009, 83096
107.013, 83096
107.019, 83312
107.021, 83312
107.022, 83312
107.024, 83312
107.025, 83096
107.026, 83096
107.027, 83096
107.029, 83096
107.03, 83096
107.033, 82880
107.046, 82880
107.06, 83096
107.068, 83096
107.071, 83096
107.074, 83096
107.078, 83096
107.084, 83312
107.087, 83312
107.088, 83312
107.09, 83312
107.091, 83312
107.092, 83312
107.094, 83312
107.095, 83312
107.096, 83312
107.097, 83312
107.099, 83312
107.1, 83312
107.101, 83312
107.112, 83312
107.116, 83312
107.125, 83096
107.131, 83096
107.143, 83096
107.146, 83312
107.152, 83312
107.159, 83312
107.16, 83312
107.165, 83312
107.168, 83312
107.176, 83312
107.18, 83312
107.189, 83528
107.191, 83528
107.195, 83312
107.197, 83312
107.202, 83312
107.206, 83312
107.212, 83096
107.214, 83096
107.219, 83096
107.221, 82880
107.223, 82880
107.231, 83096
107.234, 83096
107.235, 83096
107.238, 83312
107.24, 83312
107.251, 83096
107.254, 83096
107.259, 83312
107.265, 83312
107.268, 83312
107.274, 83096
107.28, 83096
107.286, 83096
107.288, 83096
107.289, 83096
107.291, 83096
107.292, 83096
107.295, 83096
107.297, 83096
107.298, 83528
107.306, 83744
107.307, 83744
107.309, 83744
107.31, 83744
107.314, 83744
107.323, 83744
107.324, 83960
107.33, 83960
107.333, 84176
107.335, 84176
107.339, 84176
107.341, 84176
107.342, 84176
107.343, 84176
107.344, 84176
107.345, 84176
107.347, 84176
107.349, 84176
107.35, 84176
107.357, 84176
107.358, 84176
107.36, 84176
107.37, 84176
107.372, 84176
107.374, 84176
107.376, 84176
107.378, 84176
107.38, 84176
107.382, 84176
107.384, 84176
107.394, 83960
107.407, 83744
107.412, 83744
107.42, 83960
107.424, 83960
107.428, 83528
107.44, 83744
107.446, 83528
107.456, 83312
107.461, 83528
107.464, 83528
107.47, 83528
107.478, 83528
107.482, 83528
107.485, 83312
107.487, 83312
107.488, 83312
107.491, 83312
107.493, 83528
107.497, 83528
107.512, 83096
107.515, 83096
107.517, 83096
107.518, 83096
107.52, 83312
107.524, 83312
107.543, 83312
107.547, 83312
107.55, 83312
107.554, 83312
107.562, 83096
107.566, 83096
107.569, 83096
107.572, 83096
107.574, 83096
107.576, 83096
107.577, 83096
107.579, 83096
107.58, 83096
107.585, 83312
107.599, 83528
107.604, 83528
107.606, 83312
107.607, 83312
107.61, 83312
107.615, 83312
107.623, 83096
107.631, 83096
107.638, 83096
107.641, 83096
107.644, 83096
107.647, 83096
107.649, 83096
107.65, 83096
107.652, 83096
107.653, 83096
107.655, 83096
107.656, 83096
107.658, 83096
107.66, 83096
107.662, 83096
107.664, 83096
107.669, 83096
107.672, 83096
107.675, 83096
107.678, 83096
107.68, 83096
107.682, 83096
107.691, 82880
107.695, 82880
107.697, 82880
107.699, 82880
107.702, 82880
107.704, 82880
107.711, 83096
107.713, 83096
107.719, 83096
107.738, 83096
107.742, 83096
107.746, 83096
107.748, 83096
107.75, 83096
107.752, 83096
107.753, 83096
107.755, 83096
107.757, 83096
107.758, 83096
107.764, 83096
107.771, 83312
107.774, 83312
107.785, 83312
107.787, 83312
107.789, 83312
107.795, 83312
107.803, 83096
107.809, 83096
107.813, 83096
107.815, 83096
107.816, 83096
107.824, 82880
107.838, 83312
107.839, 83312
107.841, 83312
107.842, 83312
107.843, 83312
107.845, 83528
107.846, 83528
107.847, 83528
107.848, 83528
107.849, 83528
107.85, 83528
107.852, 83528
107.853, 83744
107.854, 83744
107.855, 83744
107.857, 83744
107.858, 83744
107.859, 83744
107.861, 83744
107.862, 83744
107.863, 83744
107.865, 83744
107.866, 83744
107.867, 83744
107.869, 83744
107.87, 83744
107.872, 83744
107.873, 83744
107.875, 83744
107.876, 83744
107.877, 83744
107.879, 83960
107.88, 83960
107.881, 83960
107.883, 83960
107.884, 83960
107.885, 83960
107.886, 84176
107.888, 84176
107.889, 84176
107.89, 84176
107.891, 84176
107.892, 84176
107.893, 84176
107.894, 84176
107.896, 84176
107.897, 84176
107.898, 84176
107.899, 84176
107.9, 84176
107.902, 84176
107.903, 84176
107.904, 84176
107.905, 84176
107.907, 84176
107.908, 84176
107.909, 84176
107.91, 84176
107.911, 84176
107.913, 84608
107.914, 84608
107.915, 84608
107.916, 84608
107.918, 84608
107.919, 84608
107.92, 84608
107.921, 84608
107.922, 84608
107.923, 84608
107.925, 84608
107.926, 84608
107.927, 84608
107.928, 84608
107.929, 84824
107.93, 84824
107.931, 84824
107.933, 84824
107.934, 84824
107.935, 84824
107.936, 84824
107.937, 84824
107.938, 84824
107.94, 84824
107.941, 84824
107.942, 84824
107.944, 84824
107.945, 84824
107.946, 84824
107.947, 85040
107.948, 85040
107.949, 85040
107.95, 85040
107.951, 85040
107.953, 85040
107.954, 85040
107.955, 85040
107.956, 85040
107.958, 85040
107.959, 85040
107.961, 85040
107.962, 85040
107.964, 84824
107.965, 84824
107.966, 84824
107.967, 84824
107.969, 84824
107.97, 84824
107.971, 84824
107.973, 84824
107.974, 84824
107.975, 84824
107.976, 84824
107.977, 84824
107.978, 84824
107.979, 84824
107.981, 84608
107.982, 84608
107.983, 84608
107.984, 84608
107.985, 84608
107.986, 84608
107.988, 84608
107.989, 84392
107.99, 84392
107.992, 84392
107.993, 84392
107.994, 84392
107.995, 84392
107.996, 84392
107.997, 84392
107.998, 84392
108, 84392
108.001, 84392
108.002, 84392
108.003, 84392
108.005, 84392
108.006, 84176
108.008, 84176
108.009, 84176
108.011, 84176
108.012, 84176
108.013, 84176
108.014, 84392
108.016, 84392
108.017, 84392
108.018, 84392
108.019, 84392
108.021, 84392
108.022, 84392
108.023, 84608
108.024, 84608
108.025, 84608
108.026, 84608
108.027, 84608
108.029, 84608
108.03, 84608
108.031, 84608
108.032, 84608
108.034, 84608
108.035, 84608
108.036, 84608
108.038, 84608
108.039, 84608
108.04, 84608
108.041, 84608
108.043, 84608
108.044, 84608
108.045, 84608
108.046, 84608
108.047, 84608
108.048, 84608
108.049, 84824
108.051, 84824
108.052, 84824
108.053, 84824
108.054, 84824
108.055, 84824
108.057, 84824
108.058, 84824
108.059, 84824
108.061, 84824
108.062, 84824
108.063, 84824
108.065, 84824
108.066, 85040
108.068, 85040
108.069, 85040
108.071, 85040
108.072, 85040
108.073, 85040
108.075, 85256
108.076, 85256
108.078, 85256
108.079, 85256
108.081, 85256
108.082, 85256
108.084, 85040
108.085, 85040
108.087, 85040
108.088, 85040
108.09, 85040
108.091, 84824
108.093, 84824
108.094, 84824
108.095, 84824
108.097, 84824
108.098, 84824
108.099, 84824
108.101, 84824
108.102, 84824
108.104, 84824
108.105, 84824
108.106, 84824
108.107, 84824
108.108, 84824
108.11, 84824
108.111, 84824
108.112, 84824
108.114, 84824
108.115, 84824
108.116, 84824
108.118, 85040
108.119, 85040
108.12, 85040
108.122, 85040
108.123, 85040
108.124, 85040
108.125, 85040
108.127, 85040
108.128, 85040
108.129, 85040
108.131, 85040
108.132, 85040
108.133, 85040
108.135, 84824
108.136, 84824
108.138, 84824
108.139, 84824
108.14, 84824
108.142, 84824
108.143, 84824
108.145, 84824
108.146, 84824
108.147, 84824
108.149, 84824
108.15, 84824
108.151, 84824
108.153, 84824
108.154, 84824
108.156, 84824
108.157, 84824
108.158, 84824
108.159, 84824
108.161, 84824
108.162, 84824
108.163, 84824
108.165, 84824
108.166, 84824
108.167, 84824
108.169, 84824
108.17, 84824
108.171, 84824
108.173, 84824
108.174, 84824
108.175, 84824
108.176, 84608
108.178, 84608
108.179, 84608
108.181, 84608
108.182, 84608
108.183, 84608
108.185, 84608
108.186, 84608
108.187, 84608
108.189, 84608
108.19, 84608
108.192, 84608
108.193, 84608
108.194, 84608
108.196, 84608
108.197, 84608
108.199, 84608
108.2, 84608
108.201, 84608
108.203, 84608
108.204, 84608
108.206, 84608
108.207, 84608
108.209, 84608
108.21, 84608
108.212, 84608
108.213, 84608
108.215, 84608
108.216, 84608
108.217, 84608
108.219, 84392
108.22, 84392
108.222, 84392
108.223, 84392
108.225, 84392
108.226, 84392
108.228, 84608
108.229, 84608
108.23, 84608
108.231, 84608
108.233, 84608
108.234, 84608
108.235, 84608
108.237, 84608
108.238, 84608
108.24, 84608
108.241, 84608
108.243, 84608
108.244, 84608
108.245, 84608
108.247, 84608
108.248, 84608
108.25, 84608
108.251, 84608
108.253, 84392
108.255, 84392
108.256, 84392
108.257, 84392
108.259, 84392
108.265, 84392
108.267, 84392
108.268, 84392
108.269, 84392
108.271, 84608
108.272, 84608
108.273, 84608
108.275, 84608
108.276, 84608
108.277, 84608
108.279, 84608
108.28, 84608
108.281, 84608
108.283, 84608
108.284, 84608
108.286, 84608
108.288, 84608
108.289, 84608
108.29, 84608
108.293, 84608
108.295, 84608
108.296, 84608
108.297, 84608
108.299, 84608
108.3, 84608
108.301, 84608
108.303, 84608
108.304, 84608
108.305, 84392
108.306, 84392
108.308, 84392
108.309, 84392
108.31, 84392
108.312, 84392
108.313, 84392
108.314, 84608
108.315, 84608
108.316, 84608
108.317, 84608
108.318, 84608
108.321, 84608
108.33, 84608
108.332, 84608
108.333, 84608
108.337, 84608
108.348, 84608
108.353, 84608
108.36, 84824
108.362, 84824
108.37, 84824
108.373, 84608
108.374, 84608
108.378, 84608
108.387, 84824
108.389, 84608
108.398, 84608
108.402, 84608
108.405, 84608
108.408, 84608
108.41, 84608
108.415, 84608
108.416, 84608
108.418, 84608
108.426, 84608
108.428, 84608
108.429, 84608
108.43, 84608
108.431, 84608
108.433, 84608
108.434, 84608
108.435, 84608
108.436, 84608
108.437, 84608
108.438, 84608
108.439, 84608
108.441, 84608
108.442, 84176
108.443, 84176
108.444, 84176
108.445, 84176
108.447, 84176
108.448, 84176
108.449, 84176
108.45, 84176
108.451, 84176
108.452, 84176
108.454, 84176
108.455, 84176
108.457, 84176
108.458, 84176
108.46, 84176
108.461, 84176
108.463, 84176
108.464, 84176
108.465, 84176
108.466, 84392
108.468, 84392
108.469, 84392
108.47, 84392
108.471, 84392
108.472, 84392
108.474, 84392
108.475, 84392
108.476, 84608
108.477, 84608
108.478, 84608
108.479, 84608
108.48, 84608
108.482, 84608
108.483, 84608
108.485, 84608
108.486, 84608
108.487, 84608
108.489, 84608
108.49, 84608
108.491, 84608
108.492, 84824
108.494, 84824
108.495, 84824
108.496, 84824
108.497, 84824
108.498, 84824
108.499, 84824
108.501, 84824
108.502, 84824
108.503, 84824
108.504, 84824
108.505, 84824
108.506, 84824
108.507, 84824
108.509, 84824
108.51, 84824
108.511, 84824
108.512, 84824
108.513, 84824
108.514, 84824
108.516, 84824
108.517, 84824
108.518, 84824
108.519, 84824
108.521, 84824
108.522, 84824
108.524, 84824
108.525, 84824
108.526, 84824
108.527, 84608
108.528, 84608
108.529, 84608
108.531, 84608
108.532, 84608
108.533, 84608
108.534, 84608
108.535, 83960
108.537, 83960
108.539, 83960
108.54, 83960
108.542, 83960
108.543, 83960
108.544, 84176
108.546, 84176
108.547, 84176
108.548, 84176
108.55, 84176
108.551, 84176
108.552, 84392
108.554, 84392
108.555, 84392
108.556, 84392
108.557, 84392
108.559, 84392
108.56, 84392
108.561, 84176
108.562, 84176
108.563, 84176
108.564, 84176
108.565, 84176
108.567, 84176
108.568, 84176
108.569, 83960
108.571, 83960
108.572, 83960
108.573, 83960
108.575, 83960
108.576, 83960
108.577, 83960
108.578, 84608
108.58, 84608
108.581, 84608
108.582, 84608
108.583, 84608
108.584, 84608
108.586, 84608
108.587, 84608
108.589, 84608
108.59, 84608
108.592, 84608
108.593, 84608
108.595, 84608
108.596, 84608
108.597, 84608
108.598, 84608
108.6, 84608
108.601, 84608
108.603, 84608
108.604, 84608
108.605, 84608
108.606, 84608
108.607, 84608
108.608, 84608
108.61, 84608
108.611, 84608
108.612, 84824
108.613, 84824
108.614, 84824
108.615, 84824
108.616, 84824
108.618, 84824
108.619, 84824
108.621, 84608
108.622, 84608
108.624, 84608
108.625, 84608
108.627, 84608
108.628, 84608
108.629, 84608
108.631, 84608
108.632, 84608
108.633, 84608
108.634, 84608
108.635, 84608
108.637, 84608
108.638, 84824
108.639, 84824
108.64, 84824
108.641, 84824
108.642, 84824
108.644, 84824
108.645, 84824
108.646, 84824
108.647, 84824
108.648, 84824
108.65, 84824
108.651, 84824
108.653, 84824
108.654, 84824
108.655, 85040
108.657, 85040
108.658, 85040
108.659, 85040
108.661, 85040
108.663, 85040
108.664, 85040
108.666, 85040
108.667, 85040
108.669, 85040
108.67, 85040
108.671, 85040
108.673, 85040
108.674, 85040
108.675, 85040
108.676, 85040
108.678, 85040
108.679, 85040
108.68, 84824
108.681, 84824
108.683, 84824
108.684, 84824
108.686, 84824
108.687, 84824
108.689, 84608
108.69, 84608
108.692, 84608
108.693, 84608
108.695, 84608
108.696, 84608
108.697, 84608
108.699, 84608
108.7, 84608
108.702, 84608
108.703, 84608
108.705, 84608
108.706, 84608
108.707, 84608
108.709, 84608
108.71, 84608
108.711, 84608
108.712, 84608
108.714, 84608
108.715, 84608
108.716, 84608
108.718, 84608
108.719, 84608
108.721, 84608
108.723, 84392
108.724, 84392
108.726, 84392
108.727, 84392
108.728, 84392
108.73, 84392
108.731, 84392
108.733, 84392
108.734, 84392
108.736, 84392
108.737, 84392
108.739, 84392
108.74, 84392
108.741, 84392
108.743, 84392
108.744, 84392
108.745, 84392
108.746, 84392
108.748, 84392
108.749, 84392
108.75, 84392
108.752, 84392
108.753, 84392
108.754, 84392
108.756, 84392
108.757, 84392
108.758, 84392
108.76, 84392
108.761, 84392
108.762, 84392
108.764, 84392
108.765, 84392
108.767, 84392
108.768, 84392
108.769, 84392
108.77, 84392
108.772, 84392
108.773, 84392
108.775, 84392
108.776, 84392
108.778, 84392
108.779, 84392
108.781, 84392
108.783, 84608
108.784, 84608
108.785, 84608
108.787, 84608
108.788, 84608
108.79, 84608
108.791, 84608
108.793, 84608
108.794, 84608
108.795, 84608
108.797, 84608
108.798, 84608
108.799, 84608
108.801, 84608
108.802, 84608
108.804, 84608
108.805, 84608
108.807, 84608
108.808, 84824
108.81, 84824
108.811, 84824
108.812, 84824
108.814, 84824
108.815, 84824
108.816, 84824
108.818, 84824
108.819, 84824
108.82, 84824
108.825, 85040
108.826, 85040
108.827, 85040
108.829, 85040
108.83, 85040
108.831, 85040
108.832, 85040
108.833, 85040
108.835, 85040
108.836, 85040
108.838, 85040
108.839, 85040
108.841, 85040
108.842, 85040
108.844, 85040
108.845, 85040
108.847, 85040
108.848, 85040
108.849, 85040
108.851, 85040
108.852, 85040
108.854, 85040
108.855, 85040
108.857, 85040
108.858, 85040
108.859, 85040
108.86, 85040
108.862, 85040
108.863, 85040
108.864, 85040
108.865, 85040
108.867, 85040
108.868, 85040
108.869, 85040
108.871, 85040
108.872, 85040
108.873, 85040
108.875, 85040
108.876, 85040
108.877, 85256
108.879, 85256
108.88, 85256
108.881, 85256
108.882, 85256
108.884, 85256
108.885, 85256
108.886, 85256
108.888, 85256
108.889, 85256
108.89, 85256
108.892, 85256
108.893, 85256
108.894, 85256
108.896, 85256
108.897, 85256
108.898, 85256
108.899, 85256
108.901, 85256
108.902, 85256
108.903, 85256
108.904, 85256
108.906, 85256
108.907, 85256
108.908, 85256
108.91, 85256
108.911, 85040
108.912, 85040
108.914, 85040
108.915, 85040
108.917, 85040
108.918, 85040
108.92, 85040
108.921, 85040
108.922, 85040
108.924, 85040
108.925, 85040
108.926, 85040
108.928, 85040
108.929, 85040
108.93, 85040
108.932, 85040
108.933, 85040
108.934, 85040
108.936, 85040
108.937, 85040
108.938, 85040
108.94, 85040
108.942, 85040
108.943, 85040
108.945, 84824
108.946, 84824
108.948, 84824
108.949, 84824
108.95, 84824
108.951, 84824
108.953, 84824
108.954, 85040
108.955, 85040
108.956, 85040
108.958, 85040
108.959, 85040
108.96, 85040
108.961, 85040
108.962, 84824
108.964, 84824
108.965, 84824
108.966, 84824
108.967, 84824
108.968, 84824
108.97, 84824
108.971, 84824
108.973, 84824
108.974, 84824
108.975, 84824
108.977, 84824
108.978, 84824
108.979, 84824
108.981, 84824
108.982, 84824
108.983, 84824
108.985, 84824
108.986, 84824
108.987, 84824
108.989, 84824
108.99, 84824
108.991, 84824
108.993, 84824
108.994, 84824
108.995, 84824
108.997, 84824
108.998, 84824
108.999, 84824
109.001, 84824
109.002, 84824
109.003, 84824
109.005, 84824
109.006, 84824
109.008, 84824
109.009, 84824
109.01, 84824
109.012, 84824
109.013, 84824
109.014, 84824
109.016, 84824
109.017, 84824
109.018, 84824
109.019, 84824
109.02, 84824
109.022, 84824
109.023, 84824
109.024, 84824
109.025, 84824
109.027, 84824
109.028, 84824
109.029, 84824
109.03, 84824
109.031, 84824
109.032, 84824
109.034, 84824
109.035, 84824
109.036, 84824
109.037, 84824
109.039, 84824
109.04, 84824
109.041, 84824
109.043, 84824
109.044, 84824
109.045, 84824
109.046, 84824
109.047, 84608
109.049, 84608
109.05, 84608
109.052, 84608
109.053, 84608
109.054, 84608
109.056, 84392
109.058, 84392
109.06, 84392
109.062, 84392
109.063, 84392
109.065, 84392
109.066, 84392
109.067, 84392
109.069, 84392
109.07, 84392
109.071, 84392
109.072, 84392
109.074, 84392
109.075, 84392
109.076, 84392
109.077, 84392
109.078, 84392
109.079, 84392
109.08, 84392
109.082, 84608
109.083, 84608
109.084, 84608
109.085, 84608
109.086, 84608
109.088, 84608
109.089, 84608
109.091, 84392
109.092, 84392
109.093, 84392
109.095, 84392
109.096, 84392
109.097, 84392
109.098, 84392
109.099, 84608
109.1, 84608
109.101, 84608
109.103, 84608
109.104, 84608
109.105, 84608
109.106, 84608
109.107, 84608
109.108, 84608
109.109, 84608
109.111, 84608
109.112, 84608
109.113, 84608
109.114, 84608
109.115, 84608
109.116, 84608
109.117, 84608
109.119, 84608
109.12, 84608
109.121, 84608
109.122, 84608
109.123, 84608
109.125, 84392
109.126, 84392
109.127, 84392
109.128, 84392
109.129, 84392
109.131, 84392
109.132, 84392
109.133, 84392
109.134, 84392
109.135, 84392
109.136, 84392
109.138, 84392
109.139, 84392
109.141, 84392
109.143, 84392
109.145, 84392
109.147, 84392
109.149, 84176
109.151, 84176
109.152, 84176
109.154, 84176
109.155, 84176
109.156, 84176
109.158, 84176
109.159, 84176
109.16, 84176
109.162, 84176
109.163, 84176
109.164, 84176
109.165, 84176
109.166, 84176
109.167, 84176
109.169, 84176
109.17, 84176
109.171, 84176
109.172, 84176
109.173, 84176
109.174, 84176
109.176, 83960
109.177, 83960
109.178, 83960
109.18, 83960
109.181, 83960
109.182, 83960
109.183, 84176
109.185, 84176
109.186, 84176
109.187, 84176
109.188, 84176
109.189, 84176
109.19, 84176
109.191, 84176
109.193, 83960
109.195, 83960
109.197, 83960
109.198, 83960
109.2, 83960
109.202, 83960
109.203, 83960
109.205, 83960
109.206, 83960
109.208, 83960
109.209, 84176
109.21, 84176
109.211, 84176
109.213, 84176
109.214, 84176
109.215, 84176
109.217, 84176
109.218, 84392
109.219, 84392
109.22, 84392
109.221, 84392
109.222, 84392
109.223, 84392
109.225, 84392
109.226, 84392
109.227, 84392
109.228, 84392
109.229, 84392
109.23, 84392
109.232, 84392
109.233, 84392
109.234, 84392
109.236, 84176
109.237, 84176
109.238, 84176
109.24, 84176
109.241, 84176
109.242, 84176
109.243, 83960
109.244, 83960
109.246, 83960
109.247, 83960
109.248, 83960
109.249, 83960
109.25, 83960
109.251, 83960
109.252, 83744
109.254, 83744
109.255, 83744
109.256, 83744
109.257, 83744
109.258, 83744
109.259, 83744
109.26, 83744
109.262, 83744
109.263, 83744
109.264, 83744
109.265, 83744
109.266, 83744
109.267, 83744
109.268, 83744
109.27, 83744
109.271, 83744
109.272, 83744
109.273, 83744
109.274, 83744
109.275, 83744
109.276, 83744
109.277, 83744
109.279, 83744
109.28, 83744
109.281, 83744
109.282, 83744
109.283, 83744
109.284, 83744
109.285, 83744
109.287, 83744
109.288, 83744
109.289, 83744
109.29, 83744
109.291, 83744
109.292, 83744
109.293, 83744
109.295, 83744
109.296, 83744
109.297, 83744
109.298, 83744
109.299, 83744
109.3, 83744
109.301, 83744
109.302, 83744
109.304, 83744
109.305, 83744
109.306, 83744
109.307, 83744
109.308, 83744
109.309, 83744
109.31, 83744
109.312, 83744
109.313, 83744
109.314, 83744
109.315, 83744
109.316, 83744
109.317, 83744
109.318, 83744
109.319, 83744
109.321, 83744
109.322, 83744
109.323, 83744
109.324, 83744
109.325, 83744
109.326, 83744
109.327, 83744
109.329, 83744
109.33, 83744
109.331, 83744
109.332, 83744
109.333, 83744
109.334, 83744
109.335, 83744
109.337, 83744
109.338, 83528
109.339, 83528
109.34, 83528
109.341, 83528
109.342, 83528
109.344, 83528
109.345, 83528
109.346, 83312
109.347, 83312
109.348, 83312
109.349, 83312
109.351, 83312
109.352, 83312
109.353, 83312
109.354, 83312
109.355, 83096
109.356, 83096
109.357, 83096
109.358, 83096
109.36, 83096
109.361, 83096
109.362, 83096
109.363, 83096
109.364, 83096
109.365, 83096
109.366, 83096
109.367, 83096
109.368, 83096
109.37, 83096
109.371, 83096
109.372, 82880
109.373, 82880
109.374, 82880
109.375, 82880
109.376, 82880
109.377, 82880
109.378, 82880
109.38, 82880
109.381, 82880
109.382, 82880
109.383, 82880
109.384, 82880
109.385, 82880
109.386, 82880
109.387, 82880
109.388, 83096
109.39, 83096
109.391, 83096
109.392, 83096
109.393, 83096
109.394, 83096
109.395, 83096
109.396, 83096
109.397, 82880
109.398, 82880
109.4, 82880
109.401, 82880
109.402, 82880
109.403, 82880
109.404, 82880
109.405, 82880
109.406, 82664
109.407, 82664
109.408, 82664
109.41, 82664
109.411, 82664
109.412, 82664
109.413, 82664
109.414, 82880
109.415, 82880
109.416, 82880
109.417, 82880
109.418, 82880
109.42, 82880
109.421, 82880
109.422, 82880
109.423, 83096
109.424, 83096
109.425, 83096
109.426, 83096
109.427, 83096
109.429, 83096
109.43, 83096
109.431, 82880
109.432, 82880
109.433, 82880
109.434, 82880
109.435, 82880
109.436, 82880
109.438, 82880
109.439, 82880
109.44, 82880
109.441, 82880
109.442, 82880
109.443, 82880
109.444, 82880
109.445, 82880
109.446, 82880
109.448, 82880
109.449, 82664
109.45, 82664
109.451, 82664
109.452, 82664
109.453, 82664
109.454, 82664
109.455, 82664
109.456, 82664
109.458, 82664
109.459, 82664
109.46, 82664
109.461, 82664
109.462, 82664
109.463, 82664
109.464, 82664
109.465, 82448
109.467, 82448
109.468, 82448
109.469, 82448
109.47, 82448
109.471, 82448
109.472, 82448
109.473, 82448
109.474, 82448
109.475, 82448
109.477, 82448
109.478, 82448
109.479, 82448
109.48, 82448
109.481, 82448
109.482, 82448
109.483, 82448
109.484, 82448
109.486, 82448
109.487, 82448
109.488, 82448
109.489, 82448
109.49, 82448
109.491, 82448
109.492, 82448
109.493, 82448
109.494, 82448
109.496, 82448
109.497, 82448
109.498, 82448
109.499, 82448
109.5, 82448
109.501, 82448
109.502, 82448
109.503, 82448
109.504, 82448
109.506, 82448
109.507, 82448
109.508, 82448
109.509, 82448
109.51, 82448
109.511, 82448
109.512, 82448
109.513, 82448
109.515, 82448
109.516, 82448
109.517, 82232
109.518, 82232
109.519, 82232
109.52, 82232
109.521, 82232
109.522, 82232
109.524, 82232
109.525, 82232
109.526, 82232
109.527, 82232
109.528, 82232
109.529, 82232
109.53, 82232
109.531, 82232
109.532, 82232
109.534, 82448
109.535, 82448
109.536, 82448
109.537, 82448
109.538, 82448
109.539, 82448
109.54, 82448
109.541, 82448
109.543, 82664
109.544, 82664
109.545, 82664
109.546, 82664
109.547, 82664
109.548, 82664
109.549, 82664
109.55, 82880
109.551, 82880
109.553, 82880
109.554, 82880
109.555, 82880
109.556, 82880
109.557, 82880
109.558, 82880
109.559, 82880
109.56, 82880
109.562, 82880
109.563, 82880
109.564, 82880
109.565, 82880
109.566, 82880
109.567, 82880
109.568, 82664
109.569, 82664
109.57, 82664
109.572, 82664
109.573, 82664
109.574, 82664
109.575, 82664
109.576, 82448
109.577, 82448
109.578, 82448
109.579, 82448
109.581, 82448
109.582, 82448
109.583, 82448
109.584, 82448
109.585, 82232
109.586, 82232
109.587, 82232
109.588, 82232
109.59, 82232
109.591, 82232
109.592, 82232
109.593, 82232
109.594, 82232
109.596, 82232
109.597, 82232
109.598, 82232
109.599, 82232
109.6, 82232
109.601, 82232
109.603, 82232
109.604, 82232
109.605, 82232
109.606, 82232
109.607, 82232
109.608, 82232
109.609, 82232
109.611, 82232
109.613, 82232
109.618, 82232
109.619, 82448
109.62, 82448
109.622, 82448
109.623, 82448
109.624, 82448
109.626, 82448
109.627, 82448
109.628, 82664
109.629, 82664
109.63, 82664
109.631, 82664
109.633, 82664
109.634, 82664
109.635, 82664
109.636, 82880
109.637, 82880
109.638, 82880
109.639, 82880
109.641, 82880
109.642, 82880
109.643, 82880
109.644, 82880
109.645, 82880
109.646, 82880
109.648, 82880
109.649, 82880
109.65, 82880
109.651, 82880
109.652, 82880
109.653, 82664
109.655, 82664
109.656, 82664
109.657, 82664
109.658, 82664
109.659, 82664
109.66, 82664
109.661, 82664
109.663, 82664
109.664, 82664
109.665, 82664
109.666, 82664
109.667, 82664
109.668, 82664
109.67, 82664
109.671, 82664
109.672, 82664
109.673, 82664
109.674, 82664
109.675, 82664
109.676, 82664
109.678, 82664
109.679, 82664
109.682, 82664
109.684, 82664
109.687, 82880
109.689, 82880
109.69, 82880
109.692, 82880
109.693, 82880
109.694, 82880
109.695, 83096
109.697, 83096
109.698, 83096
109.699, 83096
109.701, 83096
109.702, 83096
109.703, 83096
109.704, 83096
109.705, 83096
109.707, 83096
109.708, 83096
109.709, 83096
109.71, 83096
109.711, 83096
109.713, 83096
109.714, 83096
109.715, 83096
109.716, 83096
109.718, 83096
109.72, 83096
109.721, 83312
109.722, 83312
109.725, 83312
109.727, 83312
109.729, 83312
109.73, 83312
109.731, 83312
109.733, 83312
109.734, 83312
109.736, 83312
109.737, 83312
109.738, 83312
109.74, 83312
109.741, 83312
109.742, 83312
109.743, 83312
109.745, 83312
109.746, 83312
109.747, 83312
109.748, 83312
109.749, 83312
109.751, 83312
109.752, 83312
109.753, 83312
109.754, 83312
109.756, 83096
109.757, 83096
109.758, 83096
109.759, 83096
109.764, 83096
109.768, 83096
109.77, 83096
109.778, 83312
109.779, 83312
109.78, 83312
109.781, 83528
109.783, 83528
109.784, 83528
109.787, 83528
109.788, 83528
109.79, 83528
109.796, 83528
109.797, 83528
109.799, 83528
109.8, 83528
109.801, 83528
109.803, 83528
109.804, 83528
109.806, 83528
109.807, 83528
109.808, 83528
109.81, 83528
109.811, 83528
109.812, 83528
109.813, 83528
109.815, 83528
109.816, 83528
109.817, 83528
109.819, 83528
109.82, 83528
109.821, 83528
109.823, 83528
109.824, 83312
109.825, 83312
109.826, 83312
109.828, 83312
109.829, 83312
109.83, 83312
109.831, 83312
109.832, 83528
109.833, 83528
109.835, 83528
109.836, 83528
109.837, 83528
109.838, 83528
109.839, 83528
109.84, 83528
109.842, 83528
109.843, 83528
109.844, 83528
109.845, 83528
109.846, 83528
109.848, 83528
109.849, 83528
109.85, 83312
109.851, 83312
109.853, 83312
109.854, 83312
109.855, 83312
109.856, 83312
109.858, 83312
109.859, 83312
109.86, 83312
109.862, 83312
109.863, 83312
109.864, 83312
109.865, 83312
109.867, 83312
109.868, 83312
109.869, 83312
109.87, 83312
109.872, 83312
109.873, 83312
109.874, 83312
109.875, 83312
109.877, 83312
109.878, 83312
109.879, 83312
109.881, 83312
109.882, 83312
109.883, 83312
109.885, 83312
109.886, 83312
109.887, 83312
109.889, 83312
109.89, 83312
109.891, 83312
109.892, 83312
109.893, 83312
109.894, 83312
109.896, 83312
109.897, 83312
109.898, 83312
109.899, 83312
109.9, 83096
109.901, 83096
109.902, 83096
109.904, 83096
109.905, 83096
109.906, 83096
109.907, 83096
109.908, 83096
109.91, 83096
109.911, 83096
109.912, 83096
109.913, 83096
109.914, 83096
109.916, 83096
109.917, 83096
109.918, 83096
109.919, 83096
109.92, 83096
109.922, 83096
109.923, 83096
109.924, 83096
109.925, 83096
109.926, 82880
109.927, 82880
109.928, 82880
109.93, 82880
109.931, 82880
109.932, 82880
109.933, 82880
109.934, 83096
109.935, 83096
109.937, 83096
109.938, 83096
109.939, 83096
109.94, 83096
109.941, 83096
109.942, 83096
109.943, 83096
109.945, 83096
109.946, 83096
109.947, 83096
109.948, 83096
109.949, 83096
109.95, 83096
109.952, 82880
109.953, 82880
109.954, 82880
109.955, 82880
109.956, 82880
109.957, 82880
109.958, 82880
109.96, 82880
109.961, 83096
109.962, 83096
109.963, 83096
109.964, 83096
109.965, 83096
109.967, 83096
109.968, 83096
109.969, 82880
109.97, 82880
109.971, 82880
109.972, 82880
109.973, 82880
109.975, 82880
109.976, 82880
109.977, 82880
109.978, 83096
109.979, 83096
109.98, 83096
109.982, 83096
109.983, 83096
109.984, 83096
109.985, 83096
109.986, 82880
109.987, 82880
109.989, 82880
109.99, 82880
109.991, 82880
109.992, 82880
109.994, 82880
109.995, 82880
109.996, 82880
109.998, 82880
109.999, 82880
110, 82880
110.001, 82880
110.002, 82880
110.003, 82880
110.005, 82880
110.006, 82880
110.007, 82880
110.008, 82880
110.009, 82880
110.01, 82880
110.011, 82880
110.013, 82880
110.014, 82880
110.015, 82880
110.016, 82880
110.017, 82880
110.018, 82880
110.02, 82880
110.021, 82880
110.022, 82880
110.023, 82880
110.024, 82880
110.025, 82880
110.026, 82880
110.028, 82880
110.029, 82880
110.03, 82880
110.031, 82880
110.032, 82880
110.033, 82880
110.034, 82880
110.036, 82880
110.037, 82880
110.038, 82880
110.039, 82880
110.04, 82880
110.041, 82880
110.043, 82880
110.044, 82880
110.045, 82880
110.046, 82880
110.047, 82880
110.048, 82880
110.049, 82880
110.051, 82880
110.052, 82880
110.053, 82880
110.054, 83096
110.055, 83096
110.056, 83096
110.057, 83096
110.059, 83096
110.06, 83096
110.061, 83096
110.062, 83096
110.063, 82880
110.064, 82880
110.065, 82880
110.067, 82880
110.068, 82880
110.069, 82880
110.07, 82880
110.071, 82880
110.072, 82880
110.074, 82880
110.075, 82880
110.076, 82880
110.077, 82880
110.078, 82880
110.079, 82880
110.08, 82880
110.081, 82880
110.083, 82880
110.084, 82880
110.085, 82880
110.086, 82880
110.087, 82880
110.088, 83096
110.09, 83096
110.102, 83096
110.104, 83096
110.105, 83312
110.106, 83312
110.108, 83312
110.109, 83312
110.11, 83312
110.111, 83312
110.112, 83312
110.114, 83312
110.115, 83312
110.13, 83312
110.131, 83312
110.133, 83312
110.134, 83312
110.135, 83312
110.136, 83312
110.138, 83312
110.139, 83312
110.14, 83528
110.141, 83528
110.142, 83528
110.143, 83528
110.145, 83528
110.146, 83528
110.147, 83528
110.148, 83312
110.149, 83312
110.151, 83312
110.152, 83312
110.154, 83312
110.155, 83312
110.156, 83312
110.157, 83312
110.174, 83312
110.178, 83312
110.183, 83312
110.185, 83312
110.187, 83312
110.188, 83312
110.189, 83312
110.19, 83312
110.191, 83528
110.192, 83528
110.194, 83528
110.195, 83528
110.196, 83528
110.197, 83528
110.199, 83528
110.2, 83528
110.201, 83528
110.203, 83528
110.214, 83528
110.226, 83528
110.228, 83528
110.229, 83528
110.23, 83528
110.231, 83528
110.232, 83528
110.233, 83528
110.235, 83528
110.236, 83528
110.237, 83528
110.238, 83528
110.239, 83528
110.241, 83528
110.242, 83312
110.243, 83312
110.245, 83312
110.246, 83312
110.247, 83312
110.249, 83312
110.25, 83312
110.251, 83312
110.253, 83312
110.254, 83312
110.255, 83312
110.257, 83312
110.258, 83312
110.259, 83312
110.261, 83312
110.262, 83312
110.263, 83312
110.265, 83312
110.266, 83312
110.267, 83528
110.269, 83528
110.27, 83528
110.271, 83528
110.272, 83528
110.274, 83528
110.275, 83528
110.276, 83312
110.277, 83312
110.279, 83312
110.28, 83312
110.281, 83312
110.282, 83312
110.283, 83312
110.285, 83312
110.286, 83312
110.287, 83312
110.288, 83312
110.289, 83312
110.291, 83312
110.292, 83312
110.293, 83312
110.294, 83312
110.296, 83312
110.297, 83312
110.298, 83312
110.3, 83312
110.301, 83312
110.302, 83312
110.303, 83312
110.305, 83312
110.306, 83312
110.307, 83312
110.308, 83312
110.309, 83312
110.311, 83312
110.312, 83312
110.313, 83312
110.315, 83312
110.316, 83312
110.317, 83312
110.318, 83312
110.32, 83312
110.321, 83312
110.322, 83312
110.323, 83312
110.325, 83312
110.326, 83312
110.327, 83312
110.328, 83312
110.329, 83312
110.33, 83312
110.332, 83312
110.333, 83312
110.334, 83312
110.335, 83312
110.336, 83096
110.338, 83096
110.339, 83096
110.34, 83096
110.341, 83096
110.342, 83096
110.344, 83096
110.345, 83096
110.346, 83096
110.347, 83096
110.348, 83096
110.349, 83096
110.35, 83096
110.351, 83096
110.353, 83096
110.354, 83096
110.355, 83096
110.356, 83096
110.357, 83096
110.358, 83096
110.359, 83096
110.361, 83096
110.362, 83096
110.363, 83096
110.364, 83096
110.365, 83096
110.366, 83096
110.367, 83096
110.369, 83096
110.37, 83096
110.371, 83096
110.372, 83096
110.373, 83096
110.374, 83096
110.375, 83096
110.377, 83096
110.378, 83096
110.379, 82880
110.38, 82880
110.381, 82880
110.382, 82880
110.383, 82880
110.385, 82880
110.386, 82880
110.387, 82880
110.388, 82880
110.389, 82880
110.39, 82880
110.391, 82880
110.393, 82880
110.394, 82880
110.395, 82880
110.396, 82880
110.397, 82880
110.398, 82880
110.399, 82880
110.401, 82880
110.402, 82880
110.403, 82880
110.404, 83096
110.405, 83096
110.406, 83096
110.407, 83096
110.409, 83096
110.41, 83096
110.411, 83096
110.412, 83096
110.413, 83096
110.414, 83096
110.415, 83096
110.417, 83096
110.418, 83096
110.419, 83096
110.42, 83096
110.421, 83096
110.422, 83096
110.423, 83096
110.425, 83096
110.426, 83096
110.427, 83096
110.428, 83096
110.429, 83096
110.43, 83312
110.431, 83312
110.433, 83312
110.434, 83312
110.435, 83312
110.436, 83312
110.437, 83312
110.438, 83312
110.439, 83312
110.441, 83312
110.442, 83312
110.443, 83312
110.444, 83312
110.445, 83312
110.446, 83312
110.447, 83312
110.449, 83312
110.45, 83312
110.451, 83312
110.452, 83312
110.453, 83312
110.454, 83312
110.455, 83312
110.457, 83312
110.458, 83312
110.459, 83312
110.46, 83312
110.461, 83312
110.462, 83312
110.463, 83312
110.465, 83312
110.466, 83312
110.467, 83312
110.468, 83312
110.469, 83312
110.47, 83312
110.471, 83312
110.473, 83312
110.474, 83312
110.475, 83312
110.476, 83312
110.477, 83312
110.478, 83312
110.479, 83312
110.481, 83312
110.482, 83312
110.483, 83312
110.484, 83312
110.485, 83312
110.486, 83312
110.487, 83312
110.489, 83312
110.49, 83312
110.491, 83312
110.492, 83312
110.493, 83312
110.494, 83312
110.495, 83312
110.497, 83312
110.498, 83312
110.499, 83312
110.5, 83312
110.501, 83312
110.502, 83312
110.503, 83312
110.505, 83312
110.506, 83312
110.507, 83528
110.508, 83528
110.509, 83528
110.51, 83528
110.511, 83528
110.513, 83528
110.514, 83528
110.515, 83528
110.516, 83528
110.517, 83528
110.518, 83528
110.52, 83528
110.521, 83528
110.522, 83528
110.523, 83744
110.524, 83744
110.525, 83744
110.527, 83744
110.528, 83744
110.529, 83744
110.53, 83744
110.531, 83744
110.532, 83744
110.533, 83744
110.535, 83744
110.536, 83744
110.537, 83744
110.538, 83744
110.539, 83744
110.541, 83744
110.542, 83744
110.543, 83744
110.544, 83744
110.545, 83744
110.546, 83744
110.547, 83744
110.549, 83744
110.55, 83528
110.551, 83528
110.552, 83528
110.553, 83528
110.554, 83528
110.556, 83528
110.557, 83528
110.558, 83528
110.559, 83528
110.56, 83528
110.562, 83528
110.563, 83528
110.564, 83528
110.565, 83528
110.566, 83528
110.567, 83528
110.569, 83528
110.57, 83528
110.571, 83528
110.572, 83528
110.573, 83528
110.574, 83312
110.575, 83312
110.577, 83312
110.578, 83312
110.579, 83312
110.58, 83312
110.581, 83312
110.582, 83312
110.583, 83312
110.585, 83312
110.586, 83312
110.587, 83312
110.588, 83312
110.589, 83312
110.59, 83312
110.592, 83528
110.593, 83528
110.594, 83528
110.595, 83528
110.596, 83528
110.597, 83528
110.599, 83528
110.6, 83528
110.601, 83528
110.602, 83528
110.603, 83528
110.604, 83528
110.605, 83528
110.607, 83528
110.608, 83528
110.609, 83744
110.61, 83744
110.611, 83744
110.612, 83744
110.613, 83744
110.615, 83744
110.616, 83744
110.617, 83744
110.618, 83744
110.619, 83744
110.62, 83744
110.621, 83744
110.623, 83744
110.624, 83744
110.625, 83744
110.626, 83744
110.627, 83744
110.628, 83744
110.629, 83744
110.631, 83744
110.632, 83744
110.633, 83744
110.634, 83744
110.635, 83744
110.637, 83744
110.638, 83744
110.639, 83744
110.64, 83744
110.641, 83744
110.642, 83744
110.643, 83744
110.645, 83744
110.646, 83744
110.647, 83744
110.648, 83744
110.649, 83744
110.65, 83744
110.651, 83960
110.653, 83960
110.654, 83960
110.655, 83960
110.656, 83960
110.657, 83960
110.658, 83960
110.659, 83960
110.661, 83960
110.662, 83960
110.663, 83960
110.664, 83960
110.665, 83960
110.666, 83960
110.667, 83960
110.669, 83960
110.67, 83960
110.675, 83960
110.676, 83960
110.677, 83960
110.679, 83960
110.68, 83960
110.681, 83960
110.682, 83960
110.683, 83960
110.684, 83960
110.686, 83960
110.687, 83960
110.688, 83960
110.689, 83960
110.69, 83960
110.691, 83960
110.706, 83960
110.707, 83960
110.717, 83960
110.719, 83960
110.72, 84176
110.721, 84176
110.722, 84176
110.723, 84176
110.725, 84176
110.726, 84176
110.727, 84176
110.728, 84176
110.729, 84176
110.731, 84176
110.732, 84176
110.734, 84176
110.735, 84176
110.736, 84392
110.738, 84392
110.739, 84392
110.741, 84392
110.746, 84392
110.747, 84392
110.749, 84392
110.75, 84392
110.751, 84392
110.752, 84392
110.754, 84392
110.755, 84392
110.756, 84392
110.757, 84392
110.759, 84392
110.76, 84392
110.761, 84392
110.762, 84176
110.764, 84176
110.765, 84176
110.766, 84176
110.768, 84176
110.769, 84176
110.77, 84176
110.771, 84176
110.773, 84176
110.774, 84176
110.775, 84176
110.776, 84176
110.778, 84176
110.779, 84176
110.78, 84176
110.781, 84176
110.783, 84176
110.784, 84176
110.785, 84176
110.786, 84176
110.788, 83960
110.789, 83960
110.79, 83960
110.792, 83960
110.793, 83960
110.794, 83960
110.795, 83960
110.797, 83960
110.798, 83960
110.799, 83960
110.801, 83960
110.802, 83960
110.803, 83960
110.805, 83960
110.806, 83960
110.807, 83960
110.809, 83960
110.81, 83960
110.812, 83960
110.813, 83960
110.814, 83960
110.815, 83960
110.817, 83960
110.818, 83960
110.819, 83960
110.821, 83960
110.822, 84176
110.823, 84176
110.824, 84176
110.825, 84176
110.827, 84176
110.828, 84176
110.829, 84176
110.83, 83960
110.832, 83960
110.833, 83960
110.834, 83960
110.835, 83960
110.837, 83960
110.838, 83960
110.839, 83960
110.84, 83960
110.841, 83960
110.842, 83960
110.844, 83960
110.845, 83960
110.846, 83960
110.847, 83960
110.848, 83744
110.849, 83744
110.85, 83744
110.852, 83744
110.853, 83744
110.854, 83744
110.855, 83744
110.856, 83528
110.857, 83528
110.859, 83528
110.86, 83528
110.861, 83528
110.862, 83528
110.863, 83528
110.865, 83312
110.866, 83312
110.867, 83312
110.868, 83312
110.87, 83312
110.871, 83312
110.872, 83312
110.873, 83312
110.875, 83312
110.876, 83312
110.877, 83312
110.879, 83312
110.88, 83312
110.881, 83312
110.882, 83312
110.883, 83312
110.884, 83312
110.886, 83312
110.887, 83312
110.888, 83312
110.889, 83312
110.89, 83312
110.891, 83312
110.893, 83312
110.894, 83312
110.895, 83312
110.896, 83312
110.897, 83312
110.899, 83312
110.9, 83312
110.901, 83312
110.902, 83312
110.903, 83312
110.904, 83312
110.905, 83312
110.907, 83312
110.908, 83528
110.909, 83528
110.91, 83528
110.911, 83528
110.913, 83528
110.914, 83528
110.915, 83528
110.916, 83528
110.917, 83528
110.918, 83528
110.92, 83528
110.921, 83528
110.922, 83528
110.923, 83528
110.924, 83528
110.925, 83528
110.927, 83528
110.928, 83528
110.929, 83528
110.93, 83528
110.931, 83528
110.932, 83528
110.934, 83744
110.935, 83744
110.936, 83744
110.937, 83744
110.939, 83744
110.94, 83744
110.941, 83744
110.942, 83744
110.943, 83744
110.945, 83744
110.946, 83744
110.947, 83744
110.948, 83744
110.949, 83744
110.95, 83960
110.952, 83960
110.953, 83960
110.954, 83960
110.955, 83960
110.956, 83960
110.957, 83960
110.959, 83744
110.96, 83744
110.961, 83744
110.962, 83744
110.963, 83744
110.964, 83744
110.965, 83744
110.967, 83744
110.968, 83744
110.969, 83744
110.97, 83744
110.971, 83744
110.972, 83744
110.974, 83744
110.975, 83744
110.976, 83960
110.977, 83960
110.978, 83960
110.979, 83960
110.98, 83960
110.982, 83960
110.983, 83960
110.984, 83960
110.985, 83960
110.986, 83960
110.987, 83960
110.989, 83960
110.99, 83960
110.991, 83960
110.992, 83960
110.993, 83960
110.995, 83960
110.996, 83960
110.997, 83960
110.998, 83960
110.999, 83960
111, 83960
111.001, 83960
111.003, 83960
111.004, 83960
111.005, 83960
111.006, 83960
111.007, 83960
111.008, 83960
111.01, 84176
111.026, 84176
111.028, 84392
111.029, 84392
111.03, 84392
111.031, 84392
111.032, 84392
111.034, 84392
111.035, 84392
111.036, 84608
111.038, 84608
111.039, 84608
111.041, 84608
111.042, 84608
111.043, 84608
111.044, 84824
111.045, 84824
111.047, 84824
111.048, 84824
111.049, 84824
111.05, 84824
111.052, 84824
111.053, 84824
111.054, 84824
111.055, 84824
111.057, 84824
111.058, 84824
111.059, 84824
111.061, 84824
111.062, 85040
111.063, 85040
111.064, 85040
111.066, 85040
111.067, 85040
111.068, 85040
111.069, 85040
111.071, 85040
111.072, 85040
111.073, 85040
111.074, 85040
111.076, 85040
111.077, 85040
111.078, 85040
111.079, 85040
111.08, 85040
111.081, 85040
111.083, 85040
111.084, 85040
111.085, 85040
111.086, 85040
111.087, 84824
111.088, 84824
111.089, 84824
111.091, 84824
111.092, 84824
111.093, 84824
111.094, 84824
111.095, 84608
111.096, 84608
111.097, 84608
111.099, 84608
111.1, 84608
111.101, 84608
111.103, 84608
111.104, 84608
111.106, 84608
111.107, 84608
111.108, 84608
111.11, 84608
111.111, 84608
111.112, 84608
111.113, 84608
111.114, 84608
111.116, 84608
111.117, 84608
111.118, 84608
111.119, 84608
111.12, 84608
111.121, 85040
111.123, 85040
111.124, 85040
111.125, 85040
111.126, 85040
111.127, 85040
111.129, 85040
111.13, 85040
111.131, 85040
111.133, 85040
111.134, 85040
111.135, 85040
111.137, 85040
111.138, 85040
111.139, 85040
111.141, 85040
111.142, 85040
111.144, 85040
111.145, 85040
111.146, 85256
111.148, 85256
111.149, 85256
111.15, 85256
111.151, 85256
111.153, 85256
111.154, 85256
111.155, 85040
111.156, 85040
111.157, 85040
111.159, 85040
111.16, 85040
111.161, 85040
111.163, 85040
111.164, 85040
111.165, 85040
111.166, 85040
111.167, 85040
111.169, 85040
111.17, 85040
111.171, 85040
111.172, 85040
111.173, 85040
111.175, 85040
111.177, 85040
111.178, 85040
111.179, 85040
111.181, 84824
111.182, 84824
111.183, 84824
111.184, 84824
111.186, 84824
111.187, 84824
111.188, 84824
111.189, 85040
111.19, 85040
111.191, 85040
111.193, 85040
111.194, 85040
111.195, 85040
111.196, 85040
111.198, 85040
111.199, 85040
111.2, 85040
111.201, 85040
111.202, 85040
111.203, 85040
111.205, 85040
111.206, 85040
111.207, 85040
111.208, 85040
111.209, 85040
111.211, 85040
111.212, 85040
111.213, 85040
111.215, 84824
111.216, 84824
111.217, 84824
111.219, 84824
111.22, 84824
111.221, 84824
111.222, 84824
111.223, 84824
111.225, 84824
111.226, 84824
111.227, 84824
111.229, 84824
111.23, 84824
111.231, 84824
111.233, 84824
111.234, 84824
111.235, 84824
111.237, 84824
111.239, 84824
111.24, 84608
111.241, 84608
111.242, 84608
111.243, 84608
111.245, 84608
111.246, 84608
111.247, 84608
111.249, 84608
111.25, 84608
111.251, 84608
111.252, 84608
111.254, 84608
111.255, 84608
111.256, 84608
111.257, 84608
111.259, 84608
111.26, 84608
111.261, 84608
111.262, 84608
111.264, 84608
111.265, 84608
111.267, 84608
111.268, 84608
111.269, 84608
111.271, 84608
111.272, 84608
111.273, 84608
111.275, 84608
111.276, 84608
111.278, 84608
111.28, 84608
111.281, 84608
111.283, 84392
111.285, 84392
111.286, 84392
111.288, 84392
111.289, 84392
111.29, 84392
111.292, 84608
111.293, 84608
111.294, 84608
111.295, 84608
111.297, 84608
111.298, 84608
111.299, 84608
111.301, 84392
111.302, 84392
111.304, 84392
111.305, 84392
111.306, 84392
111.308, 84392
111.309, 84608
111.31, 84608
111.312, 84608
111.313, 84608
111.315, 84608
111.316, 84608
111.317, 84608
111.319, 84608
111.32, 84608
111.321, 84608
111.323, 84608
111.324, 84608
111.325, 84608
111.327, 84608
111.328, 84608
111.329, 84608
111.332, 84608
111.334, 84608
111.335, 84608
111.337, 84608
111.338, 84608
111.339, 84608
111.341, 84608
111.342, 84608
111.343, 84608
111.345, 84608
111.346, 84608
111.348, 84608
111.349, 84608
111.35, 84608
111.352, 84608
111.353, 84608
111.354, 84608
111.356, 84608
111.357, 84608
111.358, 84608
111.36, 84824
111.361, 84824
111.363, 84824
111.364, 84824
111.365, 84824
111.367, 84824
111.368, 84824
111.372, 84824
111.374, 84824
111.375, 84824
111.377, 84824
111.378, 84824
111.379, 84824
111.381, 84824
111.382, 84824
111.385, 84608
111.387, 84608
111.388, 84608
111.39, 84608
111.391, 84608
111.393, 84608
111.394, 84824
111.395, 84824
111.397, 84824
111.398, 84824
111.399, 84824
111.4, 84824
111.402, 84824
111.403, 84824
111.404, 84824
111.405, 84824
111.406, 84824
111.408, 84824
111.409, 84824
111.41, 84824
111.411, 85040
111.412, 85040
111.414, 85040
111.415, 85040
111.417, 85040
111.418, 85040
111.419, 85040
111.421, 85040
111.422, 85040
111.423, 85040
111.424, 85040
111.426, 85040
111.427, 85040
111.428, 85040
111.429, 85040
111.43, 85040
111.432, 85040
111.433, 85040
111.435, 85040
111.436, 85040
111.437, 85040
111.439, 85040
111.44, 85040
111.441, 85040
111.442, 85040
111.443, 85040
111.444, 85040
111.446, 85040
111.447, 85040
111.448, 85040
111.45, 85040
111.451, 85040
111.452, 85040
111.454, 85040
111.455, 85040
111.456, 85040
111.458, 85040
111.459, 85040
111.46, 85040
111.462, 85040
111.463, 85256
111.464, 85256
111.465, 85256
111.467, 85256
111.468, 85256
111.469, 85256
111.47, 85256
111.471, 85256
111.472, 85256
111.474, 85256
111.475, 85256
111.476, 85256
111.477, 85256
111.478, 85256
111.479, 85256
111.481, 85256
111.482, 85256
111.483, 85256
111.484, 85256
111.486, 85256
111.487, 85256
111.488, 85256
111.489, 85256
111.491, 85256
111.492, 85256
111.493, 85256
111.495, 85256
111.496, 85256
111.497, 85256
111.498, 85256
111.5, 85256
111.501, 85256
111.502, 85256
111.504, 85256
111.505, 85256
111.506, 85256
111.507, 85256
111.509, 85256
111.51, 85256
111.512, 85256
111.513, 85256
111.514, 85256
111.516, 85256
111.517, 85256
111.518, 85256
111.519, 85256
111.52, 85256
111.522, 84824
111.523, 84824
111.524, 84824
111.525, 84824
111.527, 84824
111.528, 84824
111.529, 84824
111.53, 84608
111.532, 84608
111.533, 84608
111.534, 84608
111.535, 84608
111.536, 84608
111.538, 84608
111.539, 84392
111.541, 84392
111.542, 84392
111.544, 84392
111.545, 84392
111.547, 84392
111.548, 84392
111.549, 84392
111.551, 84392
111.552, 84392
111.553, 84392
111.555, 84392
111.556, 84392
111.557, 84392
111.558, 84392
111.559, 84392
111.56, 84392
111.561, 84392
111.563, 84392
111.564, 84392
111.565, 84176
111.566, 84176
111.567, 84176
111.569, 84176
111.57, 84176
111.571, 84176
111.572, 84176
111.574, 84176
111.575, 84176
111.576, 84176
111.577, 84176
111.579, 84176
111.58, 84176
111.581, 84176
111.582, 84392
111.583, 84392
111.584, 84392
111.585, 84392
111.587, 84392
111.588, 84392
111.589, 84392
111.59, 84176
111.591, 84176
111.592, 84176
111.593, 84176
111.595, 84176
111.596, 84176
111.597, 84176
111.598, 84176
111.599, 83960
111.6, 83960
111.601, 83960
111.603, 83960
111.604, 83960
111.605, 83960
111.606, 83960
111.608, 83960
111.609, 83960
111.61, 83960
111.611, 83960
111.612, 83960
111.614, 83960
111.615, 83960
111.616, 84176
111.617, 84176
111.618, 84176
111.619, 84176
111.62, 84176
111.622, 84176
111.623, 84176
111.625, 84176
111.626, 84176
111.628, 84176
111.629, 84176
111.631, 84176
111.632, 84176
111.633, 84392
111.635, 84392
111.636, 84392
111.637, 84392
111.639, 84392
111.64, 84392
111.641, 84608
111.642, 84608
111.643, 84608
111.644, 84608
111.646, 84608
111.647, 84608
111.648, 84608
111.649, 84608
111.65, 84392
111.651, 84392
111.653, 84392
111.654, 84392
111.655, 84392
111.657, 84392
111.658, 84392
111.659, 84392
111.661, 84392
111.662, 84392
111.663, 84392
111.664, 84392
111.665, 84392
111.666, 84392
111.667, 84392
111.669, 84392
111.67, 84392
111.671, 84392
111.673, 84392
111.674, 84392
111.676, 84608
111.677, 84608
111.679, 84608
111.681, 84608
111.682, 84608
111.683, 84608
111.685, 84824
111.686, 84824
111.688, 84824
111.689, 84824
111.69, 84824
111.691, 84824
111.692, 84824
111.694, 84824
111.695, 84824
111.696, 84824
111.697, 84824
111.698, 84824
111.699, 84824
111.701, 84392
111.702, 84392
111.704, 84392
111.705, 84392
111.706, 84392
111.708, 84392
111.709, 84392
111.71, 84608
111.712, 84608
111.713, 84608
111.714, 84608
111.715, 84608
111.716, 84608
111.717, 84608
111.718, 84824
111.72, 84824
111.721, 84824
111.722, 84824
111.723, 84824
111.724, 84824
111.725, 84824
111.727, 85040
111.728, 85040
111.729, 85040
111.73, 85040
111.731, 85040
111.732, 85040
111.734, 85040
111.735, 85040
111.736, 85040
111.737, 85040
111.739, 85040
111.74, 85040
111.741, 85040
111.743, 85040
111.744, 85472
111.746, 85472
111.747, 85472
111.749, 85472
111.75, 85472
111.752, 85472
111.753, 85256
111.754, 85256
111.756, 85256
111.757, 85256
111.758, 85256
111.76, 85256
111.761, 85040
111.762, 85040
111.764, 85040
111.765, 85040
111.766, 85040
111.768, 85040
111.769, 85040
111.77, 85040
111.772, 85040
111.773, 85040
111.775, 85040
111.776, 85040
111.778, 84824
111.779, 84824
111.78, 84824
111.781, 84824
111.783, 84824
111.784, 84824
111.785, 84824
111.787, 84824
111.788, 84824
111.79, 84824
111.791, 84824
111.792, 84824
111.794, 84824
111.795, 84824
111.797, 84824
111.798, 84824
111.799, 84824
111.801, 84824
111.802, 84824
111.803, 84824
111.805, 84824
111.807, 84824
111.809, 84824
111.81, 84824
111.811, 84824
111.813, 84608
111.814, 84608
111.815, 84608
111.817, 84608
111.818, 84608
111.82, 84608
111.822, 84608
111.824, 84608
111.826, 84608
111.828, 84608
111.83, 84608
111.832, 84608
111.833, 84608
111.834, 84608
111.836, 84608
111.837, 84608
111.838, 84608
111.84, 84608
111.841, 84608
111.843, 84608
111.845, 84608
111.847, 84824
111.848, 84824
111.849, 84824
111.851, 84824
111.852, 84824
111.853, 84824
111.856, 84608
111.858, 84608
111.859, 84608
111.861, 84608
111.862, 84608
111.863, 84608
111.871, 84608
111.873, 84608
111.874, 84608
111.876, 84608
111.877, 84608
111.879, 84608
111.88, 84608
111.881, 84608
111.883, 84608
111.884, 84608
111.885, 84608
111.887, 84608
111.888, 84608
111.891, 84608
111.892, 84608
111.894, 84608
111.895, 84608
111.896, 84608
111.897, 84608
111.899, 84608
111.902, 84608
111.904, 84608
111.906, 84608
111.918, 84608
111.919, 84608
111.921, 84608
111.922, 84608
111.924, 84608
111.925, 84608
111.926, 84608
111.927, 84608
111.929, 84608
111.93, 84608
111.931, 84608
111.932, 84608
111.933, 84608
111.935, 84608
111.936, 84608
111.937, 84608
111.938, 84608
111.939, 84608
111.941, 84608
111.942, 84608
111.943, 84608
111.945, 84608
111.946, 84608
111.947, 84608
111.948, 84608
111.949, 84824
111.95, 84824
111.952, 84824
111.953, 84824
111.954, 84824
111.955, 84824
111.957, 84608
111.958, 84608
111.96, 84608
111.962, 84608
111.963, 84608
111.965, 84608
111.966, 84824
111.967, 84824
111.969, 84824
111.97, 84824
111.971, 84824
111.972, 84824
111.973, 84824
111.975, 84824
111.976, 84824
111.977, 84824
111.978, 84824
111.98, 84824
111.981, 84824
111.982, 84824
111.983, 84824
111.985, 84824
111.986, 84824
111.987, 84824
111.989, 84824
111.99, 84824
111.991, 84824
111.993, 84824
111.994, 84824
111.995, 84824
111.997, 84824
111.998, 84824
112, 84608
112.001, 84608
112.002, 84608
112.004, 84608
112.005, 84608
112.006, 84608
112.007, 84608
112.008, 84608
112.009, 84608
112.01, 84608
112.012, 84608
112.013, 84608
112.015, 84608
112.016, 84392
112.018, 84392
112.02, 84392
112.021, 84392
112.022, 84392
112.024, 84392
112.025, 84392
112.026, 84392
112.027, 84392
112.028, 84392
112.029, 84392
112.03, 84392
112.032, 84392
112.033, 84392
112.034, 84608
112.036, 84608
112.037, 84608
112.038, 84608
112.039, 84608
112.041, 84608
112.042, 84608
112.043, 84608
112.045, 84608
112.046, 84608
112.048, 84608
112.049, 84608
112.05, 84608
112.052, 84608
112.053, 84608
112.054, 84608
112.055, 84608
112.056, 84608
112.058, 84608
112.059, 84608
112.06, 84608
112.061, 84608
112.062, 84608
112.064, 84608
112.065, 84608
112.066, 84608
112.067, 84608
112.068, 84824
112.069, 84824
112.071, 84824
112.072, 84824
112.073, 84824
112.075, 84824
112.076, 84824
112.077, 84824
112.079, 84824
112.08, 84824
112.081, 84824
112.083, 84824
112.084, 84824
112.085, 84824
112.086, 84824
112.087, 84824
112.088, 84824
112.09, 84824
112.091, 84824
112.092, 84824
112.093, 84824
112.095, 84824
112.096, 84824
112.097, 84824
112.098, 84824
112.099, 84824
112.1, 84824
112.102, 84824
112.103, 84824
112.105, 84824
112.106, 84824
112.108, 84824
112.109, 84824
112.111, 84824
112.112, 84824
112.113, 84824
112.114, 84824
112.116, 84824
112.117, 84824
112.118, 84824
112.119, 84824
112.12, 84824
112.122, 84824
112.123, 84824
112.124, 84824
112.125, 84824
112.127, 84824
112.128, 84824
112.129, 84824
112.13, 84824
112.131, 84824
112.132, 84824
112.134, 84824
112.135, 84824
112.136, 84824
112.137, 84824
112.138, 84824
112.14, 84824
112.141, 84824
112.142, 84824
112.143, 84824
112.144, 84824
112.145, 84392
112.147, 84392
112.148, 84392
112.149, 84392
112.15, 84392
112.152, 84392
112.153, 84392
112.154, 84392
112.155, 84392
112.156, 84392
112.158, 84392
112.159, 84392
112.161, 84392
112.162, 84608
112.164, 84608
112.165, 84608
112.167, 84608
112.168, 84608
112.169, 84608
112.17, 84608
112.172, 84608
112.173, 84608
112.174, 84608
112.176, 84608
112.177, 84608
112.178, 84608
112.179, 84392
112.18, 84392
112.181, 84392
112.183, 84392
112.184, 84392
112.185, 84392
112.186, 84392
112.187, 84176
112.189, 84176
112.19, 84176
112.191, 84176
112.193, 84176
112.194, 84176
112.195, 84176
112.197, 84392
112.198, 84392
112.199, 84392
112.201, 84392
112.202, 84392
112.203, 84392
112.204, 84176
112.205, 84176
112.206, 84176
112.208, 84176
112.209, 84176
112.21, 84176
112.211, 84176
112.212, 84176
112.213, 83960
112.215, 83960
112.216, 83960
112.217, 83960
112.218, 83960
112.219, 83960
112.22, 83960
112.221, 83744
112.223, 83744
112.224, 83744
112.225, 83744
112.227, 83744
112.228, 83744
112.229, 83744
112.23, 83960
112.232, 83960
112.233, 83960
112.234, 83960
112.235, 83960
112.236, 83960
112.237, 83960
112.239, 83744
112.24, 83744
112.241, 83744
112.243, 83744
112.244, 83744
112.245, 83744
112.247, 83960
112.248, 83960
112.25, 83960
112.251, 83960
112.252, 83960
112.254, 83960
112.255, 83960
112.256, 84392
112.258, 84392
112.259, 84392
112.26, 84392
112.261, 84392
112.262, 84392
112.263, 84392
112.265, 84392
112.266, 84392
112.267, 84392
112.268, 84392
112.269, 84392
112.27, 84392
112.272, 84392
112.273, 84176
112.274, 84176
112.275, 84176
112.277, 84176
112.278, 84176
112.279, 84176
112.28, 84176
112.281, 84392
112.282, 84392
112.283, 84392
112.285, 84392
112.286, 84392
112.287, 84392
112.289, 84392
112.29, 84176
112.291, 84176
112.293, 84176
112.294, 84176
112.296, 84176
112.297, 84176
112.298, 84608
112.3, 84608
112.301, 84608
112.302, 84608
112.304, 84608
112.305, 84608
112.306, 84608
112.307, 84608
112.309, 84608
112.31, 84608
112.311, 84608
112.312, 84608
112.313, 84608
112.315, 84608
112.316, 84608
112.317, 84608
112.319, 84608
112.32, 84608
112.321, 84608
112.323, 84608
112.324, 84824
112.325, 84824
112.326, 84824
112.328, 84824
112.329, 84824
112.331, 84824
112.332, 84824
112.333, 84824
112.334, 84824
112.336, 84824
112.337, 84824
112.338, 84824
112.34, 84824
112.341, 85040
112.342, 85040
112.343, 85040
112.345, 85040
112.346, 85040
112.347, 85040
112.349, 85040
112.35, 85256
112.351, 85256
112.353, 85256
112.356, 85256
112.358, 85256
112.359, 85256
112.36, 85256
112.362, 85256
112.363, 85256
112.365, 85256
112.367, 85256
112.368, 85256
112.37, 85256
112.371, 85256
112.373, 85256
112.374, 85256
112.375, 85040
112.377, 85040
112.378, 85040
112.38, 85040
112.382, 85040
112.383, 85040
112.385, 85040
112.386, 85040
112.388, 85040
112.389, 85040
112.39, 85040
112.392, 85040
112.393, 84824
112.394, 84824
112.396, 84824
112.397, 84824
112.4, 84824
112.402, 84824
112.403, 84824
112.404, 84824
112.405, 84824
112.407, 84824
112.408, 84824
112.41, 84824
112.412, 84824
112.424, 84824
112.427, 85040
112.437, 85040
112.439, 85040
112.44, 85040
112.441, 85040
112.442, 85040
112.444, 85040
112.445, 85040
112.446, 85040
112.448, 85040
112.449, 85040
112.45, 85040
112.451, 85040
112.453, 85040
112.454, 85040
112.455, 85040
112.456, 85040
112.457, 85040
112.458, 85040
112.459, 85040
112.461, 85040
112.462, 85040
112.463, 85040
112.464, 85040
112.465, 85040
112.467, 85040
112.468, 85040
112.469, 85040
112.47, 85040
112.472, 85040
112.473, 85040
112.474, 85040
112.475, 85040
112.477, 85040
112.478, 84824
112.479, 84824
112.481, 84824
112.484, 84824
112.485, 84824
112.487, 84824
112.489, 84824
112.491, 84824
112.492, 84824
112.494, 84824
112.495, 84824
112.497, 84824
112.498, 84824
112.499, 84824
112.5, 84824
112.502, 84824
112.503, 84824
112.505, 84824
112.506, 84824
112.508, 84824
112.509, 84824
112.511, 84824
112.512, 84824
112.513, 84824
112.515, 84824
112.516, 84824
112.518, 84824
112.519, 84824
112.52, 84608
112.521, 84608
112.522, 84608
112.524, 84608
112.525, 84608
112.526, 84608
112.528, 84608
112.529, 84824
112.53, 84824
112.531, 84824
112.532, 84824
112.534, 84824
112.535, 84824
112.536, 84824
112.537, 84608
112.538, 84608
112.54, 84608
112.542, 84608
112.543, 84608
112.545, 84608
112.546, 84608
112.548, 84608
112.549, 84608
112.55, 84608
112.552, 84608
112.553, 84608
112.554, 84608
112.556, 84608
112.557, 84608
112.559, 84608
112.56, 84608
112.561, 84608
112.563, 84608
112.564, 84608
112.565, 84608
112.567, 84608
112.568, 84608
112.569, 84608
112.571, 84608
112.572, 84608
112.574, 84608
112.575, 84608
112.576, 84608
112.578, 84608
112.579, 84608
112.58, 84608
112.581, 84608
112.582, 84608
112.583, 84608
112.585, 84608
112.586, 84608
112.587, 84608
112.588, 84608
112.589, 84608
112.59, 84608
112.592, 84608
112.593, 84608
112.594, 84608
112.595, 84608
112.597, 84608
112.598, 84608
112.599, 84608
112.601, 84608
112.602, 84608
112.603, 84608
112.605, 84608
112.606, 84392
112.608, 84392
112.609, 84392
112.61, 84392
112.612, 84392
112.613, 84392
112.614, 84608
112.616, 84608
112.617, 84608
112.618, 84608
112.62, 84608
112.621, 84608
112.622, 84608
112.623, 84392
112.625, 84392
112.626, 84392
112.627, 84392
112.628, 84392
112.63, 84392
112.631, 84392
112.632, 84392
112.633, 84392
112.634, 84392
112.636, 84392
112.637, 84392
112.638, 84392
112.64, 84392
112.641, 84392
112.642, 84392
112.644, 84392
112.645, 84392
112.646, 84392
112.647, 84392
112.648, 84392
112.65, 84392
112.651, 84392
112.652, 84392
112.654, 84392
112.655, 84392
112.656, 84392
112.658, 84392
112.659, 84392
112.66, 84392
112.661, 84392
112.663, 84392
112.664, 84392
112.666, 84392
112.667, 84392
112.669, 84392
112.67, 84392
112.671, 84392
112.672, 84392
112.674, 84392
112.675, 84392
112.676, 84392
112.678, 84392
112.679, 84392
112.68, 84392
112.682, 84392
112.683, 84392
112.685, 84392
112.686, 84392
112.688, 84392
112.689, 84392
112.691, 84392
112.692, 84392
112.694, 84392
112.695, 84392
112.696, 84392
112.698, 84392
112.699, 84392
112.7, 84392
112.702, 84392
112.703, 84392
112.705, 84392
112.706, 84392
112.708, 84392
112.709, 84392
112.71, 84392
112.712, 84392
112.713, 84392
112.715, 84392
112.716, 84392
112.717, 84392
112.719, 84392
112.72, 84392
112.721, 84392
112.723, 84392
112.724, 84392
112.725, 84176
112.726, 84176
112.727, 84176
112.729, 84176
112.73, 84176
112.731, 84176
112.732, 84176
112.734, 83960
112.735, 83960
112.737, 83960
112.738, 83960
112.739, 83960
112.74, 83960
112.741, 83960
112.743, 83960
112.745, 83960
112.746, 83960
112.748, 83960
112.749, 83960
112.75, 84176
112.752, 84176
112.753, 84176
112.754, 84176
112.756, 84176
112.757, 84176
112.758, 84176
112.759, 84176
112.761, 84176
112.762, 84176
112.763, 84176
112.764, 84176
112.765, 84176
112.766, 84176
112.767, 83960
112.769, 83960
112.77, 83960
112.771, 83960
112.773, 83960
112.774, 83960
112.775, 83960
112.777, 84176
112.778, 84176
112.779, 84176
112.781, 84176
112.782, 84176
112.783, 84176
112.784, 84176
112.785, 84392
112.786, 84392
112.787, 84392
112.789, 84392
112.79, 84392
112.791, 84392
112.792, 84392
112.793, 84176
112.794, 84176
112.795, 84176
112.797, 84176
112.798, 84176
112.799, 84176
112.8, 84176
112.801, 84176
112.802, 83960
112.803, 83960
112.805, 83960
112.806, 83960
112.807, 83960
112.808, 83960
112.81, 83960
112.811, 83960
112.812, 83960
112.814, 83960
112.815, 83960
112.816, 83960
112.817, 83960
112.818, 83960
112.819, 84176
112.82, 84176
112.822, 84176
112.823, 84176
112.824, 84176
112.825, 84176
112.827, 84176
112.828, 84176
112.829, 84176
112.831, 84176
112.832, 84176
112.833, 84176
112.835, 84176
112.836, 84608
112.837, 84608
112.839, 84608
112.84, 84608
112.841, 84608
112.843, 84608
112.844, 84608
112.845, 84824
112.846, 84824
112.847, 84824
112.848, 84824
112.849, 84824
112.851, 84824
112.852, 84824
112.853, 84824
112.855, 84824
112.856, 84824
112.858, 84824
112.859, 84824
112.86, 84824
112.861, 84824
112.862, 84824
112.863, 84824
112.865, 84824
112.866, 84824
112.867, 84824
112.868, 84824
112.869, 84824
112.871, 84824
112.872, 84824
112.873, 84824
112.875, 84824
112.876, 84824
112.878, 84824
112.879, 84608
112.881, 84608
112.882, 84608
112.883, 84608
112.885, 84608
112.886, 84608
112.887, 84392
112.889, 84392
112.89, 84392
112.891, 84392
112.892, 84392
112.893, 84392
112.894, 84392
112.896, 84176
112.897, 84176
112.898, 84176
112.899, 84176
112.9, 84176
112.902, 84176
112.903, 84176
112.904, 83960
112.906, 83960
112.908, 83960
112.909, 83960
112.91, 83960
112.912, 83960
112.913, 84176
112.914, 84176
112.916, 84176
112.917, 84176
112.919, 84176
112.92, 84176
112.921, 84392
112.923, 84392
112.924, 84392
112.926, 84392
112.927, 84392
112.928, 84392
112.93, 84608
112.931, 84608
112.932, 84608
112.933, 84608
112.935, 84608
112.937, 84608
112.938, 84824
112.94, 84824
112.941, 84824
112.943, 84824
112.944, 84824
112.945, 84824
112.947, 85040
112.949, 85040
112.95, 85040
112.952, 85040
112.953, 85040
112.954, 85040
112.956, 84824
112.957, 84824
112.959, 84824
112.96, 84824
112.961, 84824
112.963, 84824
112.964, 85040
112.966, 85040
112.967, 85040
112.968, 85040
112.969, 85040
112.971, 85040
112.972, 85040
112.974, 85040
112.975, 85040
112.977, 85040
112.978, 85040
112.98, 85040
112.981, 85040
112.983, 85040
112.984, 85040
112.986, 85040
112.987, 85040
112.988, 85040
112.99, 84824
112.991, 84824
112.993, 84824
112.994, 84824
112.996, 84824
112.997, 84824
112.998, 84824
113, 84824
113.001, 84824
113.003, 84824
113.004, 84824
113.005, 84824
113.007, 84824
113.008, 84824
113.009, 84824
113.01, 84824
113.011, 84824
113.013, 84824
113.014, 84824
113.015, 84824
113.016, 84824
113.017, 84824
113.019, 84824
113.02, 84824
113.021, 84824
113.022, 84824
113.023, 84824
113.025, 84824
113.026, 84824
113.027, 84824
113.028, 84824
113.03, 84824
113.031, 84824
113.032, 85040
113.033, 85040
113.034, 85040
113.036, 85040
113.037, 85040
113.038, 85040
113.04, 85040
113.041, 85040
113.042, 85040
113.043, 85040
113.045, 85040
113.046, 85040
113.047, 85040
113.048, 85040
113.05, 85040
113.051, 85040
113.053, 85040
113.054, 85040
113.055, 85040
113.057, 85040
113.058, 85040
113.06, 85040
113.061, 85040
113.062, 85040
113.064, 85040
113.065, 85040
113.067, 85040
113.068, 85040
113.069, 85040
113.07, 85040
113.072, 85040
113.073, 85040
113.075, 84824
113.076, 84824
113.077, 84824
113.079, 84824
113.08, 84824
113.081, 84824
113.082, 84824
113.084, 84824
113.085, 84824
113.086, 84824
113.088, 84824
113.089, 84824
113.09, 84824
113.091, 84824
113.093, 84824
113.094, 84824
113.095, 84824
113.097, 84824
113.098, 84824
113.099, 84824
113.1, 84824
113.102, 84824
113.103, 84824
113.104, 84824
113.106, 84824
113.107, 84824
113.109, 84824
113.11, 84824
113.111, 84824
113.113, 84824
113.114, 84824
113.115, 84824
113.117, 84824
113.118, 84824
113.12, 84824
113.121, 84824
113.123, 84824
113.124, 84824
113.125, 84824
113.127, 84608
113.128, 84608
113.129, 84608
113.131, 84608
113.132, 84608
113.134, 84608
113.135, 84608
113.136, 84608
113.138, 84608
113.139, 84608
113.14, 84608
113.142, 84608
113.143, 84608
113.145, 84608
113.146, 84608
113.147, 84608
113.149, 84608
113.15, 84608
113.152, 84608
113.153, 84608
113.154, 84608
113.156, 84608
113.157, 84608
113.158, 84608
113.16, 84608
113.161, 84392
113.162, 84392
113.164, 84392
113.165, 84392
113.166, 84392
113.167, 84392
113.168, 84392
113.17, 84392
113.171, 84392
113.172, 84392
113.173, 84392
113.174, 84392
113.175, 84392
113.177, 84392
113.178, 84608
113.179, 84608
113.18, 84608
113.181, 84608
113.183, 84608
113.184, 84608
113.185, 84608
113.186, 84608
113.187, 84608
113.189, 84608
113.19, 84608
113.191, 84608
113.192, 84608
113.193, 84608
113.194, 84392
113.196, 84392
113.197, 84392
113.198, 84392
113.199, 84392
113.201, 84392
113.202, 84392
113.203, 84608
113.205, 84608
113.206, 84608
113.207, 84608
113.208, 84608
113.21, 84608
113.211, 84608
113.212, 84608
113.213, 84608
113.215, 84608
113.216, 84608
113.218, 84608
113.219, 84608
113.22, 84824
113.222, 84824
113.223, 84824
113.225, 84824
113.226, 84824
113.228, 84824
113.229, 84824
113.231, 84824
113.232, 84824
113.234, 84824
113.236, 84824
113.237, 84824
113.239, 84824
113.24, 84824
113.242, 84824
113.244, 84824
113.245, 84824
113.246, 84608
113.247, 84608
113.249, 84608
113.25, 84608
113.251, 84608
113.253, 84608
113.254, 84608
113.256, 84608
113.257, 84608
113.258, 84608
113.26, 84608
113.261, 84608
113.262, 84824
113.264, 84824
113.265, 84824
113.267, 84824
113.268, 84824
113.269, 84824
113.271, 84824
113.272, 84824
113.273, 84824
113.275, 84824
113.276, 84824
113.277, 84824
113.279, 84824
113.28, 84824
113.281, 84824
113.283, 84824
113.285, 84824
113.286, 84824
113.288, 84824
113.289, 84824
113.29, 84824
113.292, 84824
113.294, 84824
113.295, 84824
113.297, 84824
113.298, 84824
113.3, 84824
113.301, 84824
113.302, 84824
113.304, 84824
113.305, 84824
113.307, 84824
113.309, 84824
113.31, 84824
113.312, 84824
113.313, 84824
113.314, 84824
113.315, 84824
113.317, 84824
113.318, 84824
113.319, 84824
113.321, 84824
113.322, 84392
113.323, 84392
113.325, 84392
113.326, 84392
113.328, 84392
113.329, 84392
113.33, 84392
113.332, 84176
113.333, 84176
113.334, 84176
113.335, 84176
113.337, 84176
113.338, 84176
113.34, 84176
113.341, 84176
113.342, 84176
113.344, 84176
113.345, 84176
113.347, 84176
113.348, 84392
113.349, 84392
113.351, 84392
113.352, 84392
113.353, 84392
113.354, 84392
113.356, 84392
113.357, 84176
113.358, 84176
113.359, 84176
113.36, 84176
113.361, 84176
113.363, 84176
113.364, 84176
113.365, 83960
113.367, 83960
113.369, 83960
113.37, 83960
113.372, 83960
113.373, 83960
113.374, 84392
113.375, 84392
113.377, 84392
113.378, 84392
113.379, 84392
113.38, 84392
113.381, 84392
113.382, 83960
113.384, 83960
113.385, 83960
113.386, 83960
113.387, 83960
113.388, 83960
113.389, 83960
113.39, 83744
113.392, 83744
113.393, 83744
113.394, 83744
113.395, 83744
113.396, 83744
113.397, 83744
113.398, 83744
113.4, 83960
113.401, 83960
113.402, 83960
113.404, 83960
113.405, 83960
113.406, 83960
113.407, 83960
113.408, 84176
113.409, 84176
113.411, 84176
113.412, 84176
113.413, 84176
113.414, 84176
113.415, 84176
113.416, 84176
113.417, 84176
113.419, 84176
113.42, 84176
113.422, 84176
113.424, 84176
113.425, 84176
113.427, 84176
113.428, 84176
113.43, 84176
113.431, 84176
113.432, 84176
113.434, 84392
113.435, 84392
113.436, 84392
113.438, 84392
113.439, 84392
113.44, 84392
113.442, 84608
113.443, 84608
113.444, 84608
113.445, 84608
113.446, 84608
113.448, 84608
113.449, 84608
113.45, 84608
113.452, 84608
113.453, 84608
113.454, 84608
113.455, 84608
113.457, 84608
113.458, 84608
113.459, 84608
113.46, 84608
113.462, 84608
113.463, 84608
113.464, 84608
113.465, 84608
113.467, 84608
113.468, 84608
113.47, 84608
113.472, 84608
113.473, 84608
113.474, 84608
113.476, 84824
113.477, 84824
113.478, 84824
113.48, 84824
113.481, 84824
113.482, 84824
113.483, 84824
113.485, 84608
113.486, 84608
113.487, 84608
113.488, 84608
113.489, 84608
113.49, 84608
113.491, 84608
113.493, 84176
113.494, 84176
113.496, 84176
113.497, 84176
113.498, 84176
113.5, 84176
113.501, 84176
113.503, 84176
113.504, 84176
113.505, 84176
113.507, 84176
113.508, 84176
113.511, 84392
113.512, 84392
113.514, 84392
113.515, 84392
113.516, 84392
113.517, 84392
113.518, 84608
113.52, 84608
113.521, 84608
113.522, 84608
113.524, 84608
113.525, 84608
113.526, 84608
113.528, 84824
113.529, 84824
113.53, 84824
113.531, 84824
113.533, 84824
113.534, 84824
113.535, 84824
113.536, 84824
113.538, 84824
113.541, 84824
113.543, 84824
113.544, 84824
113.545, 84824
113.547, 84824
113.548, 84824
113.549, 84824
113.552, 84824
113.555, 84608
113.556, 84608
113.557, 84608
113.559, 84608
113.56, 84608
113.561, 84608
113.562, 84608
113.563, 84608
113.565, 84608
113.566, 84608
113.567, 84608
113.568, 84608
113.569, 84608
113.571, 84824
113.572, 84824
113.573, 84824
113.574, 84824
113.575, 84824
113.578, 84824
113.588, 84824
113.589, 84824
113.595, 84824
113.602, 84824
113.604, 84824
113.606, 84824
113.61, 84824
113.611, 84824
113.614, 84824
113.615, 84824
113.617, 84824
113.622, 84824
113.623, 84824
113.624, 84824
113.626, 84824
113.627, 84824
113.628, 84824
113.63, 84824
113.631, 84824
113.633, 84824
113.634, 84824
113.635, 84824
113.637, 84824
113.642, 85040
113.649, 85040
113.65, 85040
113.657, 85040
113.659, 85040
113.66, 85040
113.669, 85040
113.671, 85040
113.672, 85040
113.673, 85040
113.675, 85040
113.676, 85040
113.677, 85040
113.679, 85040
113.682, 85040
113.684, 85040
113.685, 85040
113.688, 85040
113.689, 85040
113.69, 85040
113.696, 85040
113.697, 85040
113.698, 84824
113.7, 84824
113.702, 84824
113.706, 84824
113.707, 84824
113.709, 84824
113.716, 84824
113.718, 84824
113.719, 84824
113.721, 84824
113.724, 84608
113.725, 84608
113.729, 84608
113.731, 84608
113.735, 84608
113.738, 84608
113.749, 84608
113.752, 84608
113.761, 84608
113.766, 84608
113.769, 84608
113.782, 84608
113.784, 84608
113.785, 84608
113.786, 84608
113.788, 84608
113.789, 84608
113.79, 84608
113.792, 84608
113.793, 84608
113.795, 84608
113.796, 84608
113.798, 84608
113.799, 84608
113.801, 84608
113.802, 84608
113.803, 84608
113.804, 84608
113.806, 84608
113.807, 84608
113.808, 84608
113.809, 84608
113.811, 84608
113.812, 84608
113.813, 84608
113.814, 84608
113.815, 84608
113.817, 84608
113.834, 84392
113.835, 84392
113.837, 84392
113.838, 84392
113.84, 84392
113.841, 84392
113.842, 84392
113.844, 84392
113.845, 84392
113.847, 84392
113.848, 84392
113.849, 84392
113.851, 84392
113.852, 84608
113.854, 84608
113.855, 84608
113.856, 84608
113.858, 84608
113.859, 84608
113.861, 84608
113.862, 84608
113.863, 84608
113.865, 84608
113.866, 84608
113.867, 84608
113.869, 84608
113.87, 84608
113.872, 84608
113.873, 84608
113.874, 84608
113.876, 84608
113.877, 84608
113.879, 84608
113.88, 84608
113.882, 84608
113.883, 84608
113.885, 84608
113.886, 84608
113.888, 84608
113.889, 84608
113.89, 84608
113.892, 84608
113.893, 84608
113.895, 84608
113.896, 84608
113.898, 84608
113.9, 84608
113.901, 84608
113.903, 84608
113.904, 84608
113.906, 84608
113.907, 84608
113.908, 84608
113.909, 84608
113.911, 84608
113.912, 84392
113.913, 84392
113.915, 84392
113.916, 84392
113.917, 84392
113.918, 84392
113.92, 84176
113.921, 84176
113.923, 84176
113.924, 84176
113.925, 84176
113.926, 84176
113.927, 84176
113.929, 84176
113.93, 84176
113.932, 84176
113.933, 84176
113.934, 84176
113.936, 84176
113.937, 84176
113.938, 84176
113.94, 84176
113.941, 84176
113.942, 84176
113.944, 84176
113.945, 84176
113.946, 84392
113.947, 84392
113.948, 84392
113.949, 84392
113.951, 84392
113.952, 84392
113.953, 84392
113.954, 84176
113.955, 84176
113.957, 84176
113.958, 84176
113.96, 84176
113.961, 84176
113.963, 84392
113.964, 84392
113.966, 84392
113.968, 84392
113.969, 84392
113.97, 84392
113.971, 84608
113.972, 84608
113.974, 84608
113.975, 84608
113.976, 84608
113.977, 84608
113.978, 84608
113.979, 84176
113.98, 84176
113.982, 84176
113.983, 84176
113.984, 84176
113.985, 84176
113.986, 84176
113.987, 84176
113.988, 83960
113.99, 83960
113.991, 83960
113.992, 83960
113.993, 83960
113.995, 83960
113.996, 83960
113.997, 84176
113.999, 84176
114, 84176
114.002, 84176
114.003, 84176
114.004, 84176
114.006, 84176
114.007, 84176
114.008, 84176
114.009, 84176
114.011, 84176
114.012, 84176
114.014, 84176
114.015, 84176
114.017, 84176
114.018, 84176
114.019, 84176
114.021, 84176
114.022, 84392
114.023, 84392
114.025, 84392
114.026, 84392
114.027, 84392
114.029, 84392
114.03, 84392
114.031, 84392
114.033, 84392
114.034, 84392
114.035, 84392
114.036, 84392
114.037, 84392
114.038, 84392
114.04, 84176
114.041, 84176
114.042, 84176
114.044, 84176
114.045, 84176
114.046, 84176
114.047, 84392
114.049, 84392
114.05, 84392
114.051, 84392
114.052, 84392
114.053, 84392
114.054, 84392
114.055, 84392
114.057, 84176
114.058, 84176
114.06, 84176
114.061, 84176
114.063, 84176
114.064, 84176
114.065, 84392
114.067, 84392
114.068, 84392
114.069, 84392
114.071, 84392
114.072, 84392
114.073, 84824
114.074, 84824
114.076, 84824
114.077, 84824
114.078, 84824
114.079, 84824
114.08, 84824
114.082, 84608
114.083, 84608
114.084, 84608
114.085, 84608
114.087, 84608
114.088, 84608
114.09, 84608
114.091, 84608
114.092, 84608
114.094, 84608
114.095, 84608
114.097, 84608
114.098, 84608
114.099, 85040
114.101, 85040
114.102, 85040
114.103, 85040
114.105, 85040
114.106, 85040
114.107, 85256
114.109, 85256
114.11, 85256
114.111, 85256
114.113, 85256
114.114, 85256
114.115, 85256
114.116, 85256
114.117, 85256
114.119, 85256
114.12, 85256
114.121, 85256
114.122, 85256
114.124, 85256
114.125, 85688
114.126, 85688
114.127, 85688
114.128, 85688
114.129, 85688
114.131, 85688
114.132, 85688
114.134, 85688
114.135, 85688
114.136, 85688
114.138, 85688
114.139, 85688
114.141, 85688
114.142, 85472
114.144, 85472
114.145, 85472
114.146, 85472
114.148, 85472
114.149, 85472
114.15, 85472
114.151, 85472
114.153, 85472
114.154, 85472
114.155, 85472
114.157, 85472
114.158, 85472
114.159, 85472
114.16, 85472
114.161, 85472
114.163, 85472
114.164, 85472
114.165, 85472
114.166, 85472
114.167, 85256
114.168, 85256
114.17, 85256
114.171, 85256
114.172, 85256
114.174, 85256
114.175, 85256
114.176, 85256
114.178, 85256
114.179, 85256
114.18, 85256
114.181, 85256
114.183, 85256
114.184, 85256
114.186, 85256
114.187, 85256
114.189, 85256
114.19, 85256
114.191, 85256
114.193, 85256
114.194, 85256
114.195, 85256
114.197, 85256
114.198, 85256
114.199, 85256
114.201, 85256
114.202, 85256
114.203, 85256
114.204, 85256
114.206, 85256
114.207, 85256
114.208, 85256
114.209, 85256
114.211, 85040
114.212, 85040
114.213, 85040
114.214, 85040
114.216, 85040
114.217, 85040
114.218, 85256
114.22, 85256
114.221, 85256
114.222, 85256
114.224, 85256
114.225, 85256
114.226, 85256
114.227, 85040
114.229, 85040
114.23, 85040
114.231, 85040
114.233, 85040
114.234, 85040
114.235, 85040
114.237, 85040
114.238, 85040
114.239, 85040
114.241, 85040
114.242, 85040
114.243, 85040
114.244, 85040
114.246, 85040
114.247, 85040
114.248, 85040
114.25, 85040
114.251, 85040
114.252, 85040
114.253, 84824
114.254, 84824
114.256, 84824
114.257, 84824
114.258, 84824
114.259, 84824
114.26, 84824
114.262, 84824
114.263, 84824
114.264, 84824
114.266, 84824
114.267, 84824
114.268, 84824
114.27, 84824
114.271, 84824
114.272, 84824
114.273, 84824
114.275, 84824
114.276, 84824
114.278, 84824
114.279, 84824
114.28, 84824
114.281, 84824
114.283, 84824
114.284, 84824
114.286, 84824
114.287, 84824
114.288, 84824
114.29, 84824
114.291, 84824
114.292, 84824
114.293, 84824
114.295, 84824
114.296, 84824
114.297, 84824
114.299, 84824
114.3, 84824
114.301, 84824
114.303, 84824
114.304, 84824
114.306, 84824
114.307, 84824
114.308, 84824
114.31, 84824
114.311, 84824
114.312, 84608
114.313, 84608
114.314, 84608
114.316, 84608
114.317, 84608
114.318, 84608
114.319, 84608
114.321, 84608
114.322, 84608
114.323, 84608
114.324, 84608
114.325, 84608
114.327, 84608
114.328, 84608
114.329, 84608
114.33, 84608
114.331, 84608
114.333, 84608
114.334, 84608
114.335, 84608
114.337, 84608
114.338, 84608
114.339, 84608
114.341, 84608
114.342, 84608
114.343, 84608
114.344, 84608
114.346, 84608
114.347, 84608
114.348, 84608
114.349, 84608
114.35, 84608
114.351, 84608
114.353, 84608
114.354, 84608
114.355, 84608
114.356, 84608
114.357, 84608
114.358, 84608
114.36, 84608
114.361, 84608
114.362, 84608
114.363, 84608
114.364, 84608
114.365, 84608
114.367, 84608
114.368, 84608
114.369, 84608
114.37, 84608
114.372, 84608
114.373, 84608
114.374, 84608
114.375, 84608
114.376, 84608
114.378, 84608
114.379, 84608
114.381, 84608
114.382, 84608
114.384, 84608
114.385, 84608
114.386, 84608
114.388, 84608
114.389, 84608
114.39, 84608
114.391, 84608
114.392, 84608
114.394, 84608
114.395, 84608
114.396, 84608
114.397, 84608
114.398, 84608
114.4, 84608
114.401, 84608
114.402, 84608
114.403, 84608
114.405, 84608
114.406, 84608
114.408, 84608
114.409, 84608
114.411, 84608
114.412, 84608
114.414, 84608
114.415, 84608
114.416, 84608
114.418, 84608
114.419, 84608
114.42, 84608
114.422, 84608
114.423, 84608
114.424, 84608
114.426, 84608
114.427, 84608
114.429, 84608
114.43, 84608
114.431, 84392
114.433, 84392
114.434, 84392
114.436, 84392
114.437, 84392
114.439, 84392
114.44, 84392
114.442, 84392
114.443, 84392
114.445, 84392
114.446, 84392
114.448, 84392
114.449, 84392
114.45, 84392
114.452, 84392
114.453, 84392
114.455, 84392
114.456, 84392
114.458, 84392
114.459, 84392
114.46, 84392
114.461, 84392
114.462, 84392
114.464, 84392
114.465, 84392
114.467, 84392
114.468, 84392
114.47, 84392
114.471, 84392
114.472, 84392
114.474, 84392
114.475, 84392
114.476, 84392
114.478, 84392
114.479, 84392
114.48, 84392
114.482, 84392
114.483, 84392
114.485, 84392
114.486, 84392
114.487, 84392
114.489, 84392
114.49, 84392
114.491, 84392
114.493, 84392
114.494, 84392
114.496, 84392
114.497, 84392
114.498, 84392
114.499, 84392
114.5, 84392
114.501, 84392
114.503, 84392
114.504, 84392
114.505, 84392
114.507, 84392
114.508, 84392
114.509, 84392
114.511, 84392
114.512, 84392
114.513, 84392
114.514, 84392
114.515, 84392
114.516, 84392
114.518, 83960
114.519, 83960
114.52, 83960
114.522, 83960
114.523, 83960
114.525, 83960
114.526, 83960
114.527, 83960
114.529, 83960
114.53, 83960
114.531, 83960
114.533, 83960
114.534, 83960
114.535, 84176
114.536, 84176
114.537, 84176
114.538, 84176
114.539, 84176
114.541, 84176
114.542, 84176
114.543, 83960
114.544, 83960
114.545, 83960
114.546, 83960
114.548, 83960
114.549, 83960
114.551, 83744
114.552, 83744
114.554, 83744
114.555, 83744
114.557, 83744
114.558, 83744
114.559, 83744
114.56, 83960
114.561, 83960
114.563, 83960
114.564, 83960
114.565, 83960
114.566, 83960
114.567, 83960
114.568, 83744
114.57, 83744
114.571, 83744
114.572, 83744
114.573, 83744
114.574, 83744
114.575, 83744
114.576, 83528
114.578, 83528
114.579, 83528
114.58, 83528
114.581, 83528
114.582, 83528
114.583, 83528
114.585, 83528
114.586, 83528
114.587, 83528
114.589, 83528
114.59, 83528
114.591, 83528
114.593, 83528
114.594, 83744
114.595, 83744
114.596, 83744
114.597, 83744
114.598, 83744
114.599, 83744
114.601, 83744
114.602, 83528
114.604, 83528
114.606, 83528
114.608, 83528
114.61, 83528
114.612, 83744
114.613, 83744
114.615, 83744
114.616, 83744
114.618, 83744
114.619, 83960
114.621, 83960
114.622, 83960
114.624, 83960
114.625, 83960
114.627, 83960
114.628, 84176
114.629, 84176
114.631, 84176
114.632, 84176
114.633, 84176
114.635, 84176
114.636, 84176
114.637, 84392
114.639, 84392
114.64, 84392
114.642, 84392
114.643, 84392
114.644, 84392
114.646, 84392
114.647, 84392
114.648, 84392
114.649, 84392
114.65, 84392
114.652, 84392
114.653, 84392
114.654, 84392
114.661, 84392
114.662, 84392
114.664, 84392
114.665, 84392
114.666, 84392
114.668, 84392
114.669, 84392
114.67, 84608
114.672, 84608
114.673, 84608
114.674, 84608
114.676, 84608
114.677, 84608
114.678, 84608
114.679, 84608
114.68, 84608
114.681, 84608
114.683, 84608
114.684, 84608
114.686, 84608
114.688, 84392
114.689, 84392
114.691, 84392
114.692, 84392
114.694, 84392
114.695, 84392
114.696, 84392
114.698, 84392
114.699, 84392
114.701, 84392
114.702, 84392
114.704, 84392
114.705, 84608
114.706, 84608
114.707, 84608
114.709, 84608
114.71, 84608
114.711, 84608
114.714, 84608
114.715, 84608
114.72, 84608
114.721, 84608
114.723, 84824
114.724, 84824
114.725, 84824
114.727, 84824
114.728, 84824
114.729, 84824
114.73, 84608
114.732, 84608
114.733, 84608
114.735, 84608
114.736, 84608
114.737, 84608
114.739, 84392
114.74, 84392
114.742, 84392
114.743, 84392
114.744, 84392
114.745, 84392
114.746, 84392
114.748, 84608
114.749, 84608
114.75, 84608
114.751, 84608
114.753, 84608
114.754, 84608
114.755, 84608
114.756, 84608
114.757, 84608
114.759, 84608
114.76, 84608
114.761, 84608
114.763, 84608
114.764, 84608
114.765, 84824
114.767, 84824
114.768, 84824
114.769, 84824
114.77, 84824
114.772, 84824
114.773, 84824
114.775, 84824
114.776, 84824
114.777, 84824
114.778, 84824
114.78, 84824
114.781, 84824
114.782, 84824
114.784, 84824
114.785, 84824
114.787, 84824
114.788, 84824
114.79, 85040
114.792, 85040
114.793, 85040
114.795, 85040
114.796, 85040
114.797, 85040
114.799, 85040
114.8, 85040
114.801, 85040
114.803, 85040
114.804, 85040
114.805, 85040
114.807, 85040
114.808, 85040
114.81, 85040
114.811, 85040
114.812, 85040
114.814, 85040
114.815, 85040
114.816, 85040
114.818, 85040
114.819, 85040
114.82, 85040
114.822, 85040
114.826, 85256
114.828, 85256
114.829, 85256
114.83, 85256
114.831, 85256
114.833, 85040
114.834, 85040
114.835, 85040
114.837, 85040
114.838, 85040
114.84, 85040
114.841, 85040
114.842, 85040
114.844, 85040
114.845, 85040
114.847, 85040
114.848, 85040
114.849, 85040
114.85, 85040
114.852, 85040
114.853, 85040
114.855, 85040
114.856, 85040
114.857, 85040
114.859, 85040
114.86, 85040
114.861, 85040
114.863, 85040
114.864, 85040
114.865, 85040
114.867, 84824
114.868, 84824
114.87, 84824
114.871, 84824
114.872, 84824
114.874, 84824
114.875, 85040
114.877, 85040
114.878, 85040
114.879, 85040
114.881, 85040
114.882, 85040
114.883, 85040
114.885, 85040
114.886, 85040
114.887, 85040
114.888, 85040
114.89, 85040
114.891, 85040
114.893, 85040
114.894, 85040
114.895, 85040
114.896, 85040
114.897, 85040
114.899, 85040
114.9, 85040
114.901, 85040
114.902, 85040
114.904, 85040
114.905, 85040
114.907, 85040
114.908, 85040
114.909, 85040
114.91, 85256
114.912, 85256
114.913, 85256
114.915, 85256
114.916, 85256
114.918, 85256
114.919, 85256
114.921, 85256
114.922, 85256
114.923, 85256
114.925, 85256
114.926, 85256
114.928, 85256
114.929, 85256
114.931, 85256
114.932, 85256
114.933, 85256
114.935, 85256
114.936, 85040
114.937, 85040
114.939, 85040
114.94, 85040
114.942, 85040
114.943, 85040
114.944, 85256
114.945, 85256
114.947, 85256
114.948, 85256
114.949, 85256
114.951, 85256
114.952, 85256
114.954, 85256
114.955, 85256
114.957, 85256
114.958, 85256
114.959, 85256
114.961, 85256
114.962, 85256
114.964, 85256
114.965, 85256
114.966, 85256
114.967, 85256
114.969, 85256
114.97, 85256
114.972, 85256
114.973, 85256
114.975, 85256
114.976, 85256
114.978, 85040
114.98, 85040
114.981, 85040
114.983, 85040
114.984, 85040
114.986, 85040
114.987, 85256
114.988, 85256
114.99, 85256
114.991, 85256
114.993, 85256
114.994, 85256
114.996, 85256
114.997, 85256
114.998, 85256
114.999, 85256
115.001, 85256
115.002, 85256
115.003, 85256
115.004, 85256
115.006, 85256
115.007, 85256
115.009, 85256
115.01, 85256
115.012, 85040
115.013, 85040
115.015, 85040
115.016, 85040
115.018, 85040
115.019, 85040
115.021, 85040
115.022, 85040
115.024, 85040
115.025, 85040
115.027, 85040
115.028, 85040
115.03, 85040
115.032, 85040
115.033, 85040
115.035, 85040
115.036, 85040
115.038, 85040
115.039, 85040
115.041, 85040
115.043, 85040
115.044, 85040
115.045, 85040
115.047, 84824
115.048, 84824
115.05, 84824
115.051, 84824
115.053, 84824
115.054, 84824
115.056, 84824
115.057, 84824
115.059, 84824
115.06, 84824
115.062, 84824
115.063, 84824
115.065, 84824
115.066, 84824
115.068, 84824
115.069, 84824
115.07, 84824
115.072, 84824
115.073, 84824
115.075, 84824
115.076, 84824
115.078, 84824
115.08, 84824
115.081, 85040
115.083, 85040
115.084, 85040
115.085, 85040
115.087, 85040
115.089, 85040
115.09, 85040
115.091, 85040
115.093, 85040
115.094, 85040
115.096, 85040
115.097, 85040
115.098, 85040
115.1, 85040
115.101, 85040
115.102, 85040
115.103, 85040
115.104, 85040
115.106, 85040
115.107, 85040
115.108, 85040
115.11, 85040
115.111, 85040
115.112, 85040
115.114, 85040
115.115, 84608
115.116, 84608
115.117, 84608
115.119, 84608
115.12, 84608
115.121, 84608
115.123, 84392
115.125, 84392
115.126, 84392
115.127, 84392
115.129, 84392
115.13, 84392
115.131, 84824
115.133, 84824
115.134, 84824
115.135, 84824
115.137, 84824
115.138, 84824
115.139, 84824
115.14, 84824
115.141, 84824
115.142, 84824
115.143, 84824
115.145, 84824
115.146, 84824
115.147, 84824
115.148, 84824
115.149, 84608
115.151, 84608
115.152, 84608
115.153, 84608
115.155, 84608
115.156, 84608
115.157, 84824
115.159, 84824
115.16, 84824
115.162, 84824
115.163, 84824
115.164, 84824
115.165, 84824
115.166, 84824
115.167, 84824
115.169, 84824
115.17, 84824
115.171, 84824
115.172, 84824
115.173, 84824
115.174, 84392
115.176, 84392
115.177, 84392
115.178, 84392
115.179, 84392
115.18, 84392
115.181, 84392
115.182, 84392
115.184, 84392
115.185, 84392
115.186, 84392
115.188, 84392
115.189, 84392
115.19, 84392
115.192, 84392
115.193, 84392
115.195, 84392
115.196, 84392
115.198, 84392
115.199, 84176
115.201, 84176
115.202, 84176
115.203, 84176
115.205, 84176
115.207, 84176
115.209, 84176
115.21, 84176
115.212, 84176
115.213, 84176
115.214, 84176
115.216, 84176
115.217, 84392
115.218, 84392
115.22, 84392
115.221, 84392
115.222, 84392
115.224, 84392
115.225, 84608
115.226, 84608
115.228, 84608
115.229, 84608
115.23, 84608
115.231, 84608
115.232, 84608
115.234, 84608
115.235, 84608
115.237, 84608
115.238, 84608
115.24, 84608
115.241, 84608
115.242, 84608
115.243, 84608
115.245, 84608
115.246, 84608
115.247, 84608
115.248, 84608
115.249, 84608
115.25, 84608
115.252, 84608
115.253, 84608
115.255, 84608
115.256, 84608
115.258, 84608
115.259, 84608
115.261, 84608
115.262, 84608
115.263, 84608
115.265, 84608
115.266, 84608
115.268, 84392
115.269, 84392
115.271, 84392
115.272, 84392
115.273, 84392
115.274, 84392
115.275, 84392
115.276, 84176
115.277, 84176
115.279, 84176
115.28, 84176
115.281, 84176
115.284, 84176
115.286, 83960
115.288, 83960
115.289, 83960
115.291, 83960
115.292, 83960
115.293, 84392
115.295, 84392
115.296, 84392
115.297, 84392
115.3, 84392
115.302, 84392
115.303, 84608
115.304, 84608
115.306, 84608
115.308, 84608
115.31, 84608
115.311, 84608
115.314, 84608
115.318, 84608
115.32, 84824
115.323, 84824
115.324, 84824
115.327, 84824
115.329, 85040
115.336, 85256
115.337, 85256
115.339, 85256
115.349, 85256
115.351, 85256
115.353, 85256
115.354, 85256
115.357, 85256
115.359, 85256
115.36, 85256
115.361, 85256
115.362, 85040
115.368, 85040
115.37, 85040
115.376, 85040
115.379, 85040
115.382, 85040
115.393, 85040
115.402, 85040
115.403, 85040
115.405, 85040
115.406, 85040
115.407, 85040
115.409, 85040
115.41, 85040
115.411, 85040
115.412, 85040
115.414, 85040
115.415, 85040
115.417, 85040
115.418, 85040
115.419, 85040
115.42, 85040
115.422, 85040
115.423, 85040
115.425, 85040
115.426, 85040
115.428, 85040
115.429, 85040
115.43, 85040
115.432, 85040
115.433, 85040
115.434, 85040
115.435, 85040
115.436, 85040
115.438, 85040
115.439, 84824
115.44, 84824
115.441, 84824
115.443, 84824
115.444, 84824
115.445, 84824
115.447, 84824
115.448, 84824
115.449, 84824
115.451, 84824
115.452, 84824
115.454, 84824
115.455, 84824
115.456, 84824
115.457, 84824
115.459, 84824
115.46, 84824
115.461, 84824
115.462, 84824
115.464, 84824
115.465, 84608
115.466, 84608
115.467, 84608
115.469, 84608
115.47, 84608
115.471, 84608
115.473, 84608
115.474, 84608
115.475, 84608
115.476, 84608
115.478, 84608
115.479, 84608
115.48, 84608
115.481, 84608
115.482, 84608
115.483, 84608
115.485, 84608
115.486, 84608
115.487, 84608
115.489, 84608
115.49, 84608
115.491, 84608
115.493, 84608
115.494, 84608
115.496, 84608
115.497, 84608
115.498, 84392
115.5, 84392
115.501, 84392
115.502, 84392
115.504, 84392
115.505, 84392
115.506, 84392
115.508, 84392
115.509, 84392
115.511, 84392
115.512, 84392
115.513, 84392
115.515, 84392
115.516, 84608
115.517, 84608
115.519, 84608
115.52, 84608
115.522, 84608
115.523, 84608
115.524, 84608
115.526, 84608
115.527, 84608
115.528, 84608
115.53, 84608
115.532, 84608
115.533, 84608
115.534, 84608
115.536, 84608
115.537, 84608
115.539, 84608
115.54, 84608
115.541, 84608
115.543, 84608
115.544, 84608
115.546, 84608
115.547, 84608
115.548, 84608
115.55, 84608
115.551, 84608
115.553, 84608
115.554, 84608
115.555, 84608
115.557, 84608
115.558, 84608
115.559, 84608
115.561, 84608
115.562, 84608
115.564, 84608
115.565, 84608
115.567, 84608
115.568, 84608
115.57, 84608
115.571, 84608
115.572, 84608
115.574, 84608
115.575, 84608
115.576, 84608
115.578, 84608
115.579, 84608
115.581, 84608
115.583, 84608
115.584, 84608
115.585, 84608
115.587, 84608
115.588, 84608
115.589, 84608
115.591, 84608
115.592, 84608
115.594, 84608
115.595, 84608
115.596, 84608
115.598, 84608
115.599, 84608
115.601, 84608
115.602, 84608
115.604, 84608
115.606, 84608
115.607, 84608
115.609, 84608
115.611, 84608
115.612, 84608
115.614, 84608
115.615, 84608
115.616, 84608
115.617, 84608
115.619, 84608
115.62, 84608
115.622, 84608
115.623, 84608
115.625, 84608
115.626, 84608
115.628, 84608
115.63, 84608
115.632, 84608
115.633, 84608
115.635, 84608
115.636, 84608
115.637, 84608
115.638, 84608
115.64, 84608
115.642, 84608
115.643, 84824
115.645, 84824
115.646, 84824
115.648, 84824
115.649, 84824
115.65, 84824
115.652, 84608
115.653, 84608
115.655, 84608
115.657, 84608
115.658, 84608
115.66, 84608
115.662, 84608
115.663, 84608
115.664, 84608
115.666, 84608
115.668, 84608
115.669, 84608
115.671, 84608
115.672, 84608
115.674, 84608
115.676, 84608
115.677, 84608
115.679, 84608
115.68, 84608
115.682, 84608
115.683, 84608
115.685, 84608
115.686, 84608
115.688, 84608
115.689, 84608
115.69, 84608
115.691, 84608
115.692, 84608
115.694, 84608
115.695, 84392
115.696, 84392
115.697, 84392
115.699, 84392
115.7, 84392
115.701, 84392
115.703, 84176
115.704, 84176
115.706, 84176
115.707, 84176
115.708, 84176
115.71, 84176
115.715, 83960
115.718, 83960
115.72, 83744
115.723, 83744
115.726, 83744
115.728, 83744
115.733, 83744
115.746, 83528
115.748, 83528
115.751, 83528
115.753, 83528
115.756, 83744
115.762, 83744
115.766, 83744
115.768, 83744
115.771, 83528
115.775, 83528
115.777, 83528
115.778, 83528
115.78, 83312
115.791, 83528
115.803, 83744
115.805, 83744
115.806, 83744
115.807, 83744
115.808, 83744
115.81, 83744
115.811, 83744
115.812, 83744
115.813, 83744
115.815, 83528
115.816, 83528
115.817, 83528
115.819, 83528
115.82, 83528
115.821, 83528
115.823, 83528
115.824, 83528
115.826, 83528
115.827, 83528
115.828, 83528
115.83, 83528
115.831, 83528
115.832, 83312
115.833, 83312
115.834, 83312
115.845, 83312
115.848, 83312
115.849, 83528
115.85, 83528
115.852, 83528
115.853, 83528
115.854, 83528
115.856, 83528
115.857, 83312
115.859, 83312
115.86, 83312
115.869, 83312
115.875, 83312
115.89, 83096
115.893, 83096
115.895, 83096
115.9, 83312
115.907, 83096
115.91, 83096
115.912, 83096
115.914, 83096
115.916, 83096
115.917, 83312
115.919, 83312
115.92, 83312
115.921, 83312
115.923, 83312
115.924, 83312
115.926, 82880
115.928, 82880
115.932, 82880
115.936, 82664
115.94, 82664
115.945, 82880
115.947, 82880
115.949, 82880
115.95, 83096
115.952, 83096
115.953, 83096
115.954, 83096
115.956, 83096
115.958, 83096
115.959, 82880
115.963, 82880
115.968, 82880
115.987, 82880
115.993, 82880
116, 82880
116.004, 82880
116.008, 82880
116.01, 82664
116.013, 82664
116.023, 82880
116.025, 82880
116.027, 82880
116.028, 82880
116.029, 82880
116.03, 82880
116.032, 82880
116.033, 82880
116.034, 82880
116.036, 82880
116.037, 82664
116.038, 82664
116.044, 82664
116.048, 82664
116.051, 82664
116.055, 82664
116.057, 82664
116.062, 82664
116.074, 82880
116.083, 82880
116.086, 82880
116.087, 82880
116.089, 82880
116.091, 82880
116.095, 82880
116.098, 83312
116.104, 83312
116.109, 83312
116.113, 83312
116.115, 83312
116.116, 83312
116.119, 83312
116.13, 83528
116.137, 83528
116.138, 83312
116.14, 83312
116.142, 83312
116.145, 83312
116.147, 83528
116.148, 83528
116.149, 83528
116.154, 83528
116.155, 83528
116.157, 83528
116.158, 83528
116.159, 83528
116.168, 83528
116.169, 83528
116.17, 83528
116.172, 83528
116.173, 83744
116.174, 83744
116.176, 83744
116.177, 83744
116.178, 83744
116.18, 83744
116.183, 83960
116.184, 83960
116.186, 83960
116.187, 83960
116.189, 83960
116.19, 83960
116.193, 83960
116.195, 83960
116.196, 83960
116.197, 83960
116.198, 83960
116.199, 83960
116.2, 83960
116.201, 83960
116.203, 83960
116.204, 83960
116.205, 83960
116.206, 83960
116.207, 83960
116.208, 83960
116.209, 83960
116.21, 83960
116.211, 83960
116.213, 83960
116.214, 83960
116.215, 83960
116.216, 83960
116.217, 83960
116.218, 83960
116.219, 83960
116.22, 83960
116.222, 83960
116.223, 83960
116.224, 83960
116.225, 83960
116.226, 83960
116.227, 83960
116.228, 83960
116.229, 83960
116.231, 83960
116.232, 83960
116.233, 84176
116.234, 84176
116.235, 84176
116.236, 84176
116.237, 84176
116.238, 84176
116.24, 84176
116.241, 84176
116.242, 84176
116.243, 84176
116.244, 84176
116.245, 84176
116.246, 84176
116.247, 84176
116.248, 84176
116.25, 84176
116.251, 84176
116.252, 84176
116.253, 84176
116.254, 84176
116.255, 84176
116.256, 84176
116.257, 84176
116.259, 84176
116.26, 84176
116.261, 84176
116.262, 84176
116.263, 84176
116.264, 84176
116.266, 84176
116.267, 84176
116.268, 84176
116.269, 84176
116.27, 84176
116.271, 84176
116.273, 84176
116.274, 84176
116.275, 84176
116.276, 84176
116.277, 84176
116.278, 84176
116.28, 84176
116.281, 84176
116.282, 84176
116.283, 84176
116.284, 83960
116.285, 83960
116.286, 83960
116.288, 83960
116.289, 83960
116.29, 83960
116.291, 83960
116.293, 83960
116.294, 83960
116.295, 83960
116.296, 83960
116.297, 83960
116.299, 83960
116.3, 83960
116.301, 83744
116.302, 83744
116.303, 83744
116.304, 83744
116.305, 83744
116.307, 83744
116.308, 83744
116.309, 83744
116.31, 83744
116.311, 83744
116.313, 83744
116.314, 83744
116.315, 83744
116.316, 83744
116.317, 83960
116.318, 83960
116.32, 83960
116.321, 83960
116.322, 83960
116.325, 83960
116.328, 83744
116.331, 83744
116.333, 83744
116.335, 83744
116.337, 83744
116.339, 83744
116.342, 83744
116.344, 83744
116.347, 83744
116.348, 83744
116.35, 83744
116.353, 83744
116.355, 83744
116.357, 83744
116.371, 83528
116.374, 83528
116.376, 83528
116.378, 83528
116.38, 83528
116.382, 83528
116.384, 83528
116.385, 83528
116.387, 83312
116.388, 83312
116.389, 83312
116.391, 83312
116.392, 83312
116.394, 83096
116.396, 83096
116.398, 83096
116.401, 83096
116.403, 83312
116.406, 83312
116.408, 83312
116.409, 83312
116.411, 83312
116.412, 83528
116.414, 83528
116.416, 83528
116.417, 83528
116.419, 83528
116.42, 83528
116.421, 83528
116.422, 83528
116.424, 83528
116.425, 83528
116.426, 83528
116.428, 83528
116.431, 83528
116.432, 83528
116.435, 83528
116.437, 83528
116.439, 83528
116.441, 83528
116.442, 83528
116.444, 83528
116.446, 83528
116.448, 83528
116.45, 83528
116.452, 83528
116.454, 83528
116.457, 83528
116.458, 83528
116.46, 83528
116.462, 83528
116.464, 83528
116.466, 83528
116.468, 83528
116.471, 83528
116.473, 83528
116.478, 83528
116.482, 83528
116.484, 83528
116.491, 83528
116.494, 83528
116.498, 83528
116.507, 83528
116.509, 83528
116.511, 83528
116.512, 83528
116.515, 83744
116.517, 83744
116.527, 83528
116.529, 83528
116.531, 83528
116.538, 83528
116.54, 83528
116.542, 83528
116.555, 83528
116.572, 83528
116.573, 83312
116.575, 83312
116.576, 83312
116.583, 83528
116.584, 83528
116.586, 83528
116.587, 83528
116.588, 83528
116.59, 83528
116.591, 83528
116.593, 83528
116.597, 83528
116.598, 83528
116.599, 83744
116.6, 83744
116.601, 83744
116.603, 83744
116.604, 83744
116.605, 83744
116.607, 83744
116.608, 83312
116.609, 83312
116.61, 83312
116.612, 83312
116.613, 83312
116.614, 83312
116.616, 83312
116.617, 83312
116.618, 83312
116.619, 83312
116.624, 83312
116.625, 83312
116.626, 83312
116.628, 83312
116.632, 83312
116.633, 83528
116.635, 83528
116.636, 83528
116.637, 83528
116.638, 83528
116.639, 83528
116.64, 83528
116.642, 83528
116.643, 83528
116.644, 83528
116.645, 83528
116.646, 83528
116.656, 83312
116.658, 83312
116.659, 83744
116.66, 83744
116.661, 83744
116.663, 83744
116.664, 83744
116.665, 83744
116.667, 83744
116.668, 83528
116.669, 83528
116.67, 83528
116.671, 83528
116.672, 83528
116.674, 83528
116.675, 83528
116.676, 83312
116.677, 83312
116.678, 83312
116.68, 83312
116.681, 83312
116.682, 83312
116.683, 83312
116.685, 83096
116.691, 83096
116.693, 83312
116.694, 83312
116.696, 83312
116.697, 83312
116.698, 83312
116.699, 83312
116.701, 83312
116.702, 83096
116.703, 83096
116.705, 83096
116.719, 83312
116.723, 83312
116.725, 83312
116.726, 83312
116.728, 83312
116.729, 83312
116.73, 83312
116.732, 83312
116.733, 83312
116.735, 83312
116.736, 83312
116.738, 83312
116.74, 83312
116.742, 83312
116.744, 83312
116.745, 83312
116.747, 83312
116.749, 83312
116.751, 83312
116.754, 83528
116.755, 83528
116.763, 83312
116.764, 83312
116.765, 83312
116.766, 83312
116.767, 83312
116.769, 83312
116.77, 83312
116.772, 83312
116.773, 83312
116.774, 83312
116.776, 83312
116.777, 83312
116.783, 83096
116.799, 83312
116.801, 83312
116.804, 83312
116.807, 83312
116.811, 83312
116.812, 83312
116.814, 83312
116.815, 83312
116.817, 83312
116.819, 83312
116.821, 83312
116.822, 83312
116.825, 83312
116.838, 83096
116.844, 83096
116.858, 83528
116.862, 83744
116.869, 83744
116.871, 83744
116.874, 83960
116.878, 83960
116.883, 83744
116.891, 83960
116.897, 83744
116.899, 83744
116.9, 83744
116.902, 83744
116.903, 83744
116.904, 83744
116.906, 83744
116.907, 83960
116.908, 83960
116.91, 83960
116.911, 83960
116.912, 83960
116.913, 83960
116.915, 83960
116.916, 83960
116.917, 83960
116.919, 83960
116.922, 83960
116.923, 83744
116.924, 83744
116.926, 83744
116.927, 83744
116.929, 83744
116.93, 83744
116.938, 83528
116.953, 83528
116.963, 83312
116.969, 83312
116.978, 83312
116.982, 83312
116.985, 83312
116.994, 83312
116.998, 83312
117.001, 83312
117.003, 83312
117.004, 83312
117.006, 83312
117.007, 83312
117.018, 83312
117.023, 83312
117.024, 83312
117.025, 83312
117.027, 83312
117.028, 83312
117.029, 83312
117.03, 83312
117.032, 83312
117.033, 83312
117.034, 83528
117.035, 83528
117.037, 83528
117.038, 83528
117.039, 83528
117.04, 83528
117.041, 83528
117.042, 83528
117.044, 83744
117.045, 83744
117.046, 83744
117.047, 83744
117.049, 83744
117.05, 83744
117.051, 83960
117.052, 83960
117.054, 83960
117.055, 83960
117.056, 83960
117.057, 83960
117.058, 83960
117.06, 83960
117.061, 83960
117.062, 83960
117.063, 83960
117.065, 83960
117.066, 83960
117.067, 83960
117.069, 83960
117.07, 83960
117.071, 83960
117.072, 83960
117.074, 83960
117.075, 83960
117.076, 83960
117.077, 83960
117.078, 83960
117.079, 83960
117.08, 83960
117.082, 83960
117.083, 83960
117.084, 83960
117.085, 84176
117.086, 84176
117.088, 84176
117.089, 84176
117.09, 84176
117.091, 84176
117.092, 84176
117.094, 84176
117.095, 83960
117.096, 83960
117.097, 83960
117.098, 83960
117.1, 83960
117.101, 83960
117.102, 83960
117.103, 84176
117.104, 84176
117.106, 84176
117.107, 84176
117.108, 84176
117.109, 84176
117.11, 84176
117.112, 84176
117.113, 84176
117.114, 84176
117.115, 84176
117.117, 84176
117.118, 84176
117.119, 84176
117.12, 84176
117.121, 84176
117.123, 84176
117.124, 84176
117.125, 84176
117.126, 84176
117.127, 84176
117.129, 84392
117.13, 84392
117.131, 84392
117.132, 84392
117.134, 84392
117.135, 84392
117.136, 84392
117.137, 84392
117.138, 84392
117.14, 84392
117.141, 84392
117.142, 84392
117.143, 84392
117.145, 84392
117.146, 84392
117.147, 84392
117.148, 84392
117.15, 84392
117.151, 84392
117.152, 84392
117.153, 84392
117.154, 84392
117.156, 84392
117.157, 84392
117.158, 84392
117.159, 84392
117.16, 84392
117.162, 84392
117.163, 84392
117.164, 84392
117.165, 84392
117.166, 84392
117.168, 84392
117.169, 84392
117.171, 84392
117.172, 84392
117.173, 84392
117.174, 84392
117.176, 84392
117.177, 84392
117.178, 84392
117.179, 84392
117.18, 84392
117.181, 84392
117.182, 84392
117.183, 84392
117.185, 84392
117.186, 84392
117.187, 84392
117.189, 84608
117.19, 84608
117.191, 84608
117.196, 84608
117.198, 84608
117.2, 84608
117.201, 84608
117.203, 84608
117.204, 84608
117.205, 84392
117.206, 84392
117.207, 84392
117.208, 84392
117.21, 84392
117.211, 84392
117.212, 84392
117.213, 84392
117.214, 84392
117.216, 84392
117.217, 84392
117.218, 84392
117.219, 84392
117.221, 84392
117.222, 84608
117.223, 84608
117.224, 84608
117.225, 84608
117.226, 84608
117.228, 84608
117.229, 84608
117.23, 84608
117.231, 84608
117.232, 84608
117.234, 84608
117.235, 84608
117.236, 84608
117.237, 84608
117.239, 84608
117.24, 84608
117.241, 84608
117.243, 84608
117.244, 84608
117.245, 84608
117.246, 84608
117.248, 84608
117.249, 84608
117.25, 84608
117.251, 84608
117.252, 84608
117.254, 84608
117.255, 84608
117.256, 84608
117.257, 84608
117.258, 84608
117.26, 84608
117.261, 84608
117.262, 84608
117.263, 84608
117.264, 84608
117.265, 84608
117.267, 84608
117.268, 84608
117.269, 84608
117.27, 84608
117.272, 84608
117.273, 84392
117.285, 84392
117.286, 84392
117.288, 84392
117.289, 84392
117.29, 84392
117.291, 84392
117.293, 84392
117.294, 84392
117.295, 84392
117.296, 84392
117.297, 84392
117.299, 84392
117.3, 84392
117.301, 84392
117.302, 84392
117.303, 84392
117.304, 84392
117.306, 84392
117.307, 84392
117.308, 84392
117.31, 84392
117.311, 84392
117.312, 84392
117.314, 84392
117.315, 84392
117.316, 84392
117.318, 84392
117.319, 84392
117.321, 84392
117.322, 84392
117.323, 84392
117.324, 84392
117.326, 84392
117.327, 84392
117.328, 84392
117.329, 84392
117.33, 84392
117.332, 84392
117.333, 83960
117.334, 83960
117.335, 83960
117.337, 83960
117.338, 83960
117.339, 83960
117.34, 83960
117.341, 83960
117.343, 83960
117.344, 83960
117.346, 83960
117.347, 83960
117.348, 83960
117.35, 83960
117.351, 83960
117.353, 83960
117.354, 83960
117.355, 83960
117.356, 83960
117.358, 83960
117.359, 84176
117.36, 84176
117.361, 84176
117.362, 84176
117.364, 84176
117.365, 84176
117.366, 84176
117.367, 83960
117.368, 83960
117.369, 83960
117.371, 83960
117.372, 83960
117.373, 83960
117.374, 83960
117.375, 83960
117.377, 83960
117.378, 83960
117.379, 83960
117.38, 83960
117.382, 83960
117.383, 83960
117.384, 84392
117.385, 84392
117.386, 84392
117.387, 84392
117.389, 84392
117.39, 84392
117.391, 84392
117.392, 84392
117.393, 84176
117.394, 84176
117.395, 84176
117.397, 84176
117.398, 84176
117.399, 84176
117.4, 84176
117.401, 83960
117.402, 83960
117.403, 83960
117.405, 83960
117.406, 83960
117.407, 83960
117.408, 83960
117.409, 83960
117.411, 83960
117.412, 83960
117.413, 83960
117.415, 83960
117.416, 83960
117.417, 83960
117.418, 84176
117.42, 84176
117.421, 84176
117.422, 84176
117.423, 84176
117.424, 84176
117.425, 84176
117.426, 84176
117.428, 83960
117.429, 83960
117.43, 83960
117.432, 83960
117.433, 83960
117.434, 83960
117.436, 84176
117.437, 84176
117.438, 84176
117.44, 84176
117.441, 84176
117.442, 84176
117.444, 84608
117.445, 84608
117.446, 84608
117.447, 84608
117.448, 84608
117.449, 84608
117.451, 84608
117.452, 84608
117.453, 84392
117.454, 84392
117.455, 84392
117.456, 84392
117.457, 84392
117.459, 84392
117.46, 84392
117.461, 84176
117.462, 84176
117.464, 84176
117.465, 84176
117.466, 84176
117.467, 84176
117.468, 84176
117.469, 84608
117.471, 84608
117.472, 84608
117.473, 84608
117.474, 84608
117.475, 84608
117.476, 84608
117.478, 84608
117.479, 84392
117.48, 84392
117.482, 84392
117.483, 84392
117.484, 84392
117.486, 84392
117.487, 84824
117.488, 84824
117.49, 84824
117.491, 84824
117.492, 84824
117.493, 84824
117.494, 84824
117.496, 85040
117.497, 85040
117.498, 85040
117.499, 85040
117.5, 85040
117.501, 85040
117.503, 85040
117.504, 85040
117.505, 85040
117.507, 85040
117.508, 85040
117.509, 85040
117.51, 85040
117.511, 85040
117.512, 85040
117.514, 85040
117.515, 85040
117.516, 85040
117.517, 85040
117.518, 85040
117.519, 85040
117.52, 84824
117.522, 84824
117.523, 84824
117.524, 84824
117.525, 84824
117.526, 84824
117.528, 84824
117.529, 84824
117.53, 84608
117.531, 84608
117.532, 84608
117.534, 84608
117.535, 84608
117.536, 84608
117.537, 84608
117.538, 84608
117.54, 84608
117.541, 84608
117.542, 84608
117.543, 84608
117.544, 84608
117.545, 84608
117.546, 84608
117.548, 84608
117.549, 84608
117.55, 84608
117.551, 84608
117.552, 84608
117.553, 84608
117.555, 84608
117.556, 84608
117.557, 84608
117.558, 84608
117.559, 84608
117.56, 84608
117.561, 84608
117.563, 84608
117.564, 84392
117.565, 84392
117.566, 84392
117.567, 84392
117.568, 84392
117.569, 84392
117.571, 84392
117.572, 84392
117.573, 84392
117.574, 84392
117.575, 84392
117.576, 84392
117.578, 84392
117.579, 84392
117.58, 84392
117.581, 84176
117.582, 84176
117.583, 84176
117.585, 84176
117.586, 84176
117.587, 84176
117.588, 84176
117.589, 84176
117.591, 84176
117.592, 84176
117.593, 84176
117.594, 84176
117.595, 84176
117.597, 84176
117.598, 84176
117.599, 84176
117.6, 84176
117.601, 84176
117.603, 84176
117.604, 84176
117.605, 84176
117.606, 84176
117.608, 84176
117.609, 84176
117.61, 84176
117.611, 84176
117.612, 84176
117.614, 84176
117.615, 84176
117.616, 84176
117.617, 84176
117.619, 84176
117.62, 84176
117.621, 84176
117.622, 84176
117.623, 83960
117.625, 83960
117.626, 83960
117.627, 83960
117.628, 83960
117.629, 83960
117.63, 83960
117.631, 83960
117.633, 83960
117.634, 83960
117.635, 83960
117.636, 83960
117.637, 83960
117.639, 83960
117.64, 83960
117.641, 83960
117.642, 83960
117.644, 83960
117.645, 83960
117.646, 83960
117.647, 83960
117.648, 83960
117.65, 83960
117.651, 83960
117.652, 83960
117.653, 83960
117.654, 83960
117.655, 83960
117.657, 83960
117.658, 83960
117.659, 83960
117.66, 83960
117.661, 83960
117.662, 83960
117.664, 83960
117.665, 83960
117.666, 84176
117.667, 84176
117.668, 84176
117.669, 84176
117.671, 84176
117.672, 84176
117.673, 84176
117.674, 84176
117.675, 84176
117.676, 84176
117.678, 84176
117.679, 84176
117.68, 84176
117.681, 84176
117.682, 84176
117.683, 84176
117.685, 84176
117.686, 84176
117.687, 84176
117.688, 84176
117.689, 84176
117.69, 84176
117.691, 84392
117.693, 84392
117.694, 84392
117.695, 84392
117.696, 84392
117.697, 84392
117.698, 84392
117.699, 84392
117.701, 84392
117.702, 84392
117.703, 84392
117.704, 84392
117.705, 84392
117.706, 84392
117.707, 84392
117.709, 84392
117.71, 84392
117.711, 84392
117.712, 84392
117.713, 84392
117.714, 84392
117.715, 84392
117.717, 84392
117.718, 84392
117.719, 84392
117.72, 84392
117.721, 84392
117.722, 84392
117.724, 84392
117.725, 84392
117.726, 84392
117.727, 84392
117.728, 84392
117.729, 84392
117.731, 84392
117.732, 84392
117.733, 84392
117.734, 84392
117.735, 84392
117.736, 84392
117.738, 84392
117.739, 84392
117.74, 84392
117.741, 84392
117.742, 84392
117.743, 84392
117.745, 84392
117.746, 84392
117.747, 84392
117.748, 84392
117.749, 84392
117.751, 84392
117.752, 84608
117.753, 84608
117.754, 84608
117.755, 84608
117.756, 84608
117.758, 84608
117.759, 84608
117.76, 84608
117.761, 84608
117.762, 84608
117.763, 84608
117.764, 84608
117.766, 84608
117.767, 84608
117.768, 84608
117.769, 84608
117.77, 84608
117.771, 84608
117.773, 84608
117.774, 84608
117.775, 84608
117.776, 84608
117.777, 84824
117.778, 84824
117.78, 84824
117.781, 84824
117.782, 84824
117.783, 84824
117.784, 84824
117.785, 84824
117.787, 84824
117.788, 84824
117.789, 84824
117.79, 84824
117.791, 84824
117.792, 84824
117.793, 84824
117.795, 84824
117.796, 84824
117.797, 84824
117.798, 84824
117.799, 84824
117.8, 84824
117.802, 84824
117.803, 84824
117.804, 84824
117.805, 84824
117.807, 84824
117.808, 84824
117.809, 84824
117.81, 84824
117.811, 84824
117.813, 84824
117.814, 84824
117.815, 84824
117.816, 84824
117.817, 84824
117.818, 84824
117.82, 84824
117.821, 84824
117.822, 84824
117.823, 84824
117.824, 84824
117.826, 84824
117.827, 84824
117.828, 84392
117.829, 84392
117.83, 84392
117.832, 84392
117.833, 84392
117.834, 84392
117.835, 84392
117.836, 84392
117.838, 84392
117.839, 84392
117.84, 84392
117.841, 84392
117.842, 84392
117.844, 84392
117.845, 84176
117.846, 84176
117.847, 84176
117.848, 84176
117.849, 84176
117.851, 84176
117.852, 84176
117.853, 84176
117.854, 84176
117.855, 84176
117.856, 84176
117.857, 84176
117.859, 84176
117.86, 84176
117.861, 84176
117.862, 84392
117.863, 84392
117.864, 84392
117.866, 84392
117.867, 84392
117.868, 84392
117.869, 84392
117.87, 84392
117.871, 84392
117.873, 84392
117.874, 84392
117.875, 84392
117.876, 84392
117.877, 84392
117.879, 84392
117.88, 84176
117.881, 84176
117.882, 84176
117.884, 84176
117.886, 84176
117.887, 84176
117.888, 84392
117.889, 84392
117.89, 84392
117.892, 84392
117.893, 84392
117.894, 84392
117.895, 84392
117.896, 84608
117.898, 84608
117.899, 84608
117.9, 84608
117.901, 84608
117.903, 84608
117.905, 84824
117.906, 84824
117.909, 84824
117.91, 84824
117.911, 84824
117.913, 84824
117.914, 84608
117.915, 84608
117.917, 84608
117.918, 84608
117.919, 84608
117.92, 84608
117.922, 84824
117.923, 84824
117.924, 84824
117.925, 84824
117.926, 84824
117.927, 84824
117.928, 84824
117.93, 84824
117.931, 84392
117.932, 84392
117.933, 84392
117.934, 84392
117.935, 84392
117.936, 84392
117.938, 84392
117.939, 84392
117.94, 84392
117.941, 84392
117.942, 84392
117.943, 84392
117.944, 84392
117.946, 84392
117.947, 84392
117.948, 84176
117.949, 84176
117.95, 84176
117.951, 84176
117.953, 84176
117.954, 84176
117.955, 84176
117.956, 84176
117.957, 84176
117.958, 84176
117.959, 84176
117.961, 84176
117.962, 84176
117.963, 84176
117.964, 84176
117.965, 83960
117.966, 83960
117.967, 83960
117.969, 83960
117.97, 83960
117.971, 83960
117.972, 83960
117.973, 83960
117.974, 83960
117.976, 83960
117.977, 83960
117.978, 83960
117.979, 83960
117.98, 83960
117.982, 83960
117.983, 83960
117.984, 83960
117.985, 83960
117.986, 83960
117.987, 83960
117.988, 83960
117.99, 83960
117.991, 83960
117.992, 83960
117.993, 83960
117.994, 83960
117.995, 83960
117.996, 83960
117.998, 83960
117.999, 83960
118, 83960
118.001, 83960
118.002, 83960
118.003, 83960
118.004, 83960
118.006, 83960
118.007, 84176
118.008, 84176
118.01, 84176
118.019, 84392
118.02, 84392
118.024, 84608
118.025, 84608
118.027, 84608
118.028, 84608
118.029, 84608
118.031, 84608
118.032, 84608
118.033, 84824
118.034, 84824
118.036, 84824
118.037, 84824
118.038, 84824
118.039, 84824
118.04, 84824
118.041, 84824
118.042, 84824
118.044, 84824
118.045, 84824
118.046, 84824
118.047, 84824
118.048, 84824
118.049, 84824
118.05, 84824
118.052, 84824
118.053, 84824
118.054, 84824
118.055, 84824
118.056, 84824
118.057, 84824
118.058, 84608
118.06, 84608
118.061, 84608
118.062, 84608
118.063, 84608
118.064, 84608
118.065, 84608
118.066, 84608
118.068, 84608
118.069, 84608
118.07, 84608
118.071, 84608
118.072, 84608
118.073, 84608
118.074, 84608
118.076, 84392
118.077, 84392
118.078, 84392
118.079, 84392
118.08, 84392
118.081, 84392
118.083, 84392
118.084, 84176
118.085, 84176
118.086, 84176
118.087, 84176
118.088, 84176
118.089, 84176
118.091, 84176
118.092, 84176
118.093, 84176
118.094, 84176
118.095, 84176
118.096, 84176
118.097, 84176
118.099, 84176
118.1, 84176
118.101, 84176
118.102, 84176
118.103, 84176
118.104, 84176
118.105, 84176
118.107, 84176
118.108, 84176
118.109, 84176
118.11, 83960
118.111, 83960
118.112, 83960
118.114, 83960
118.115, 83960
118.116, 83960
118.117, 83960
118.118, 83960
118.119, 83960
118.12, 83960
118.122, 83960
118.123, 83960
118.125, 83960
118.126, 83960
118.127, 83960
118.129, 83960
118.132, 83960
118.133, 83960
118.134, 83960
118.135, 83960
118.137, 83960
118.138, 83960
118.139, 83960
118.14, 83960
118.142, 83960
118.143, 83960
118.144, 83960
118.145, 83960
118.146, 83960
118.147, 83960
118.148, 83960
118.15, 83960
118.151, 83960
118.152, 83960
118.153, 83960
118.154, 83960
118.155, 83960
118.156, 83960
118.158, 83960
118.159, 83960
118.16, 83960
118.161, 84176
118.162, 84176
118.164, 84176
118.165, 84176
118.166, 84176
118.167, 84176
118.168, 84176
118.17, 83960
118.171, 83960
118.172, 83960
118.173, 83960
118.174, 83960
118.175, 83960
118.176, 83960
118.178, 83960
118.179, 83960
118.18, 83960
118.181, 83960
118.182, 83960
118.183, 83960
118.184, 83960
118.186, 83960
118.187, 83960
118.188, 83960
118.189, 83960
118.19, 83960
118.191, 83960
118.192, 83960
118.194, 83960
118.195, 83960
118.196, 83960
118.197, 83960
118.198, 83960
118.199, 83960
118.2, 83960
118.201, 83960
118.203, 83960
118.204, 84176
118.205, 84176
118.206, 84176
118.207, 84176
118.208, 84176
118.209, 84176
118.211, 84176
118.212, 84176
118.213, 84176
118.214, 84176
118.215, 84176
118.216, 84176
118.217, 84176
118.219, 84176
118.22, 84176
118.224, 84176
118.229, 84176
118.23, 84176
118.232, 84176
118.233, 84176
118.234, 84176
118.236, 84176
118.237, 84176
118.238, 84392
118.239, 84392
118.241, 84392
118.242, 84392
118.243, 84392
118.244, 84392
118.246, 84392
118.247, 84392
118.248, 84392
118.249, 84392
118.25, 84392
118.251, 84392
118.252, 84392
118.254, 84392
118.255, 83960
118.256, 83960
118.257, 83960
118.258, 83960
118.259, 83960
118.26, 83960
118.262, 83960
118.263, 83960
118.264, 83960
118.265, 83960
118.266, 83960
118.267, 83960
118.268, 83960
118.27, 83960
118.271, 83960
118.272, 83960
118.273, 83960
118.274, 83960
118.276, 83960
118.277, 83960
118.278, 83960
118.279, 83960
118.28, 83960
118.281, 83960
118.282, 83960
118.284, 83960
118.285, 83960
118.286, 83960
118.287, 83960
118.288, 83960
118.289, 83744
118.29, 83744
118.292, 83744
118.293, 83744
118.294, 83744
118.295, 83744
118.296, 83744
118.297, 83744
118.298, 83744
118.3, 83744
118.301, 83744
118.302, 83744
118.303, 83744
118.304, 83744
118.305, 83960
118.307, 83960
118.308, 83960
118.309, 83960
118.311, 83960
118.312, 83960
118.313, 83960
118.314, 83960
118.315, 83960
118.316, 83960
118.317, 83960
118.319, 83960
118.32, 83960
118.321, 83960
118.322, 83960
118.326, 83960
118.331, 83960
118.332, 84176
118.333, 84176
118.335, 84176
118.336, 84176
118.337, 84176
118.339, 84176
118.34, 84392
118.341, 84392
118.342, 84392
118.344, 84392
118.345, 84392
118.346, 84392
118.347, 84392
118.348, 84608
118.349, 84608
118.35, 84608
118.352, 84608
118.353, 84608
118.354, 84608
118.355, 84608
118.356, 84608
118.357, 84824
118.358, 84824
118.36, 84824
118.361, 84824
118.363, 84824
118.364, 84824
118.365, 84824
118.366, 84824
118.367, 84824
118.368, 84824
118.37, 84824
118.371, 84824
118.372, 84824
118.373, 84824
118.375, 84824
118.376, 84824
118.377, 84824
118.378, 84824
118.379, 84824
118.38, 84824
118.381, 84824
118.383, 84608
118.384, 84608
118.385, 84608
118.386, 84608
118.387, 84608
118.388, 84608
118.389, 84608
118.391, 84608
118.392, 84608
118.393, 84608
118.394, 84608
118.395, 84608
118.396, 84608
118.398, 84608
118.399, 84608
118.4, 84392
118.401, 84392
118.402, 84392
118.404, 84392
118.405, 84392
118.406, 84392
118.407, 84392
118.409, 84392
118.41, 84392
118.411, 84392
118.412, 84392
118.413, 84392
118.414, 84392
118.416, 84392
118.417, 84176
118.418, 84176
118.419, 84176
118.42, 84176
118.421, 84176
118.422, 84176
118.424, 84176
118.425, 84176
118.428, 84176
118.43, 84176
118.434, 84176
118.444, 84392
118.445, 84392
118.446, 84392
118.448, 84392
118.45, 84392
118.451, 84392
118.46, 84392
118.462, 84392
118.463, 84392
118.465, 84392
118.466, 84392
118.467, 84392
118.469, 84608
118.47, 84608
118.471, 84608
118.472, 84608
118.474, 84608
118.475, 84608
118.476, 84608
118.477, 84608
118.479, 84608
118.48, 84608
118.481, 84608
118.482, 84608
118.484, 84608
118.485, 84824
118.486, 84824
118.487, 84824
118.489, 84824
118.49, 84824
118.491, 84824
118.492, 84824
118.494, 84608
118.495, 84608
118.496, 84608
118.498, 84608
118.499, 84608
118.5, 84608
118.501, 84608
118.502, 84608
118.504, 84608
118.505, 84608
118.506, 84608
118.508, 84608
118.509, 84608
118.51, 84608
118.511, 84608
118.513, 84608
118.514, 84608
118.515, 84608
118.516, 84608
118.518, 84608
118.519, 84608
118.52, 84608
118.521, 84608
118.523, 84608
118.524, 84608
118.525, 84608
118.526, 84608
118.528, 84392
118.529, 84392
118.53, 84392
118.531, 84392
118.533, 84392
118.534, 84392
118.535, 84392
118.536, 84392
118.538, 84392
118.539, 84392
118.54, 84392
118.542, 84392
118.543, 84392
118.544, 84392
118.545, 84392
118.546, 84392
118.547, 84392
118.549, 84392
118.55, 84392
118.551, 84392
118.552, 84392
118.553, 83960
118.554, 83960
118.555, 83960
118.557, 83960
118.558, 83960
118.559, 83960
118.56, 83960
118.561, 83960
118.562, 83744
118.563, 83744
118.565, 83744
118.566, 83744
118.567, 83744
118.568, 83744
118.569, 83744
118.57, 83528
118.571, 83528
118.573, 83528
118.574, 83528
118.575, 83528
118.576, 83528
118.577, 83528
118.578, 83528
118.579, 83528
118.581, 83528
118.582, 83528
118.583, 83528
118.584, 83528
118.585, 83528
118.586, 83528
118.587, 83528
118.588, 83528
118.59, 83528
118.591, 83528
118.592, 83528
118.593, 83528
118.594, 83528
118.595, 83528
118.596, 83312
118.598, 83312
118.599, 83312
118.6, 83312
118.601, 83312
118.602, 83312
118.603, 83312
118.604, 83312
118.605, 83312
118.607, 83312
118.608, 83312
118.609, 83312
118.61, 83312
118.612, 83312
118.613, 83528
118.614, 83528
118.615, 83528
118.617, 83528
118.618, 83528
118.619, 83528
118.621, 83528
118.622, 83528
118.623, 83528
118.624, 83528
118.625, 83528
118.626, 83528
118.627, 83528
118.629, 83528
118.63, 83528
118.631, 83528
118.632, 83528
118.633, 83528
118.634, 83528
118.635, 83528
118.637, 83528
118.638, 83528
118.639, 83528
118.64, 83528
118.641, 83528
118.642, 83528
118.643, 83528
118.645, 83528
118.646, 83528
118.647, 83528
118.648, 83528
118.649, 83528
118.65, 83528
118.652, 83528
118.653, 83528
118.654, 83528
118.655, 83528
118.656, 83528
118.657, 83528
118.658, 83528
118.66, 83528
118.661, 83528
118.662, 83528
118.663, 83528
118.664, 83528
118.665, 83528
118.666, 83528
118.668, 83528
118.669, 83528
118.67, 83528
118.671, 83528
118.672, 83528
118.673, 83744
118.674, 83744
118.676, 83744
118.677, 83744
118.678, 83744
118.679, 83744
118.68, 83744
118.682, 83528
118.683, 83528
118.684, 83528
118.685, 83528
118.686, 83528
118.687, 83528
118.688, 83528
118.69, 83528
118.691, 83528
118.692, 83528
118.693, 83528
118.694, 83528
118.695, 83528
118.696, 83528
118.698, 83528
118.699, 83528
118.7, 83528
118.701, 83528
118.702, 83528
118.703, 83528
118.704, 83528
118.706, 83528
118.707, 83528
118.708, 83528
118.709, 83528
118.71, 83528
118.711, 83528
118.712, 83528
118.713, 83528
118.715, 83528
118.716, 83528
118.717, 83528
118.718, 83528
118.719, 83528
118.72, 83528
118.721, 83528
118.723, 83528
118.724, 83528
118.725, 83528
118.726, 83528
118.727, 83528
118.728, 83528
118.729, 83528
118.731, 83528
118.732, 83528
118.733, 83528
118.734, 83528
118.735, 83528
118.736, 83528
118.737, 83528
118.739, 83528
118.74, 83528
118.741, 83528
118.742, 83528
118.743, 83528
118.744, 83528
118.745, 83528
118.747, 83528
118.748, 83528
118.749, 83528
118.75, 83744
118.751, 83744
118.752, 83744
118.753, 83744
118.755, 83744
118.756, 83744
118.757, 83744
118.758, 83744
118.759, 83744
118.76, 83744
118.761, 83744
118.763, 83744
118.764, 83744
118.765, 83744
118.766, 83744
118.767, 83744
118.768, 83744
118.769, 83744
118.771, 83744
118.772, 83744
118.773, 83744
118.774, 83744
118.775, 83960
118.776, 83960
118.777, 83960
118.779, 83960
118.78, 83960
118.781, 83960
118.782, 83960
118.783, 83960
118.784, 83960
118.785, 83960
118.787, 83960
118.788, 83960
118.789, 83960
118.79, 83960
118.791, 83960
118.792, 83744
118.793, 83744
118.795, 83744
118.796, 83744
118.797, 83744
118.798, 83744
118.799, 83744
118.8, 83744
118.801, 83744
118.803, 83744
118.804, 83744
118.805, 83744
118.806, 83744
118.807, 83744
118.808, 83744
118.809, 83744
118.811, 83744
118.812, 83744
118.813, 83744
118.814, 83744
118.815, 83744
118.816, 83744
118.817, 83744
118.819, 83744
118.824, 83744
118.825, 83744
118.826, 83744
118.827, 83744
118.829, 83744
118.83, 83744
118.831, 83744
118.833, 83744
118.834, 83744
118.835, 83744
118.836, 83744
118.837, 83744
118.839, 83744
118.84, 83744
118.841, 83744
118.842, 83744
118.844, 83744
118.845, 83744
118.846, 83744
118.847, 83744
118.848, 83744
118.849, 83744
118.851, 83744
118.852, 83744
118.853, 83744
118.854, 83744
118.855, 83744
118.856, 83744
118.857, 83744
118.859, 83744
118.86, 83744
118.861, 83744
118.862, 83744
118.863, 83744
118.864, 83744
118.865, 83744
118.867, 83744
118.868, 83744
118.869, 83744
118.87, 83744
118.871, 83744
118.872, 83744
118.873, 83744
118.875, 83744
118.876, 83744
118.877, 83744
118.878, 83744
118.879, 83744
118.88, 83744
118.881, 83744
118.883, 83744
118.884, 83744
118.885, 83744
118.886, 83960
118.887, 83960
118.888, 83960
118.89, 83960
118.891, 83960
118.892, 83960
118.893, 83960
118.895, 83960
118.896, 83960
118.897, 83960
118.898, 83960
118.899, 83960
118.9, 83960
118.902, 83960
118.903, 83960
118.904, 83960
118.905, 83960
118.906, 83960
118.908, 83960
118.909, 83960
118.91, 83960
118.911, 83960
118.912, 83960
118.913, 83960
118.914, 83960
118.916, 83960
118.917, 83960
118.918, 83960
118.919, 83960
118.92, 83960
118.921, 83960
118.922, 83960
118.924, 83960
118.925, 83960
118.926, 83960
118.927, 83960
118.928, 83960
118.929, 83960
118.93, 83960
118.931, 83960
118.933, 83960
118.934, 83960
118.935, 83960
118.936, 83960
118.937, 83744
118.938, 83744
118.94, 83744
118.941, 83744
118.942, 83744
118.943, 83744
118.944, 83744
118.945, 83744
118.946, 83744
118.947, 83744
118.949, 83744
118.95, 83744
118.951, 83744
118.952, 83744
118.953, 83744
118.954, 83528
118.956, 83528
118.957, 83528
118.958, 83528
118.959, 83528
118.96, 83528
118.961, 83528
118.962, 83528
118.964, 83528
118.965, 83528
118.966, 83528
118.967, 83528
118.968, 83528
118.982, 83960
118.987, 83960
118.989, 84176
118.99, 84176
118.991, 84176
118.992, 84176
118.994, 84176
118.995, 84176
118.996, 84176
118.998, 84392
118.999, 84392
119, 84392
119.001, 84392
119.002, 84392
119.004, 84392
119.005, 84608
119.007, 84608
119.008, 84608
119.01, 84608
119.011, 84608
119.013, 84608
119.014, 84608
119.015, 84608
119.017, 84608
119.018, 84608
119.019, 84608
119.02, 84608
119.022, 84608
119.023, 84608
119.024, 84608
119.025, 84608
119.026, 84608
119.028, 84608
119.029, 84608
119.03, 84608
119.032, 84608
119.033, 84608
119.034, 84608
119.035, 84608
119.037, 84608
119.038, 84608
119.04, 84608
119.041, 84608
119.042, 84608
119.044, 84608
119.045, 84608
119.046, 84608
119.047, 84608
119.049, 84608
119.05, 84608
119.051, 84608
119.052, 84608
119.053, 84608
119.055, 84608
119.056, 84608
119.057, 84392
119.058, 84392
119.059, 84392
119.06, 84392
119.062, 84392
119.063, 84392
119.064, 84392
119.065, 84176
119.066, 84176
119.068, 84176
119.069, 84176
119.07, 84176
119.072, 84176
119.073, 84176
119.074, 84392
119.076, 84392
119.077, 84392
119.078, 84392
119.079, 84392
119.081, 84392
119.082, 84392
119.084, 84392
119.086, 84392
119.087, 84392
119.088, 84392
119.089, 84392
119.09, 84392
119.092, 84176
119.093, 84176
119.095, 84176
119.096, 84176
119.097, 84176
119.098, 84176
119.1, 83960
119.101, 83960
119.102, 83960
119.104, 83960
119.105, 83960
119.106, 83960
119.107, 83960
119.109, 84176
119.11, 84176
119.111, 84176
119.112, 84176
119.113, 84176
119.115, 84176
119.116, 84176
119.117, 84176
119.118, 84176
119.12, 84176
119.121, 84176
119.122, 84176
119.124, 84176
119.125, 83960
119.126, 83960
119.128, 83960
119.129, 83960
119.13, 83960
119.131, 83960
119.133, 83960
119.134, 84176
119.135, 84176
119.136, 84176
119.138, 84176
119.139, 84176
119.141, 84176
119.142, 84176
119.144, 84176
119.145, 84176
119.146, 84176
119.147, 84176
119.149, 84176
119.151, 84176
119.152, 84176
119.153, 84176
119.154, 84176
119.156, 84176
119.157, 84176
119.158, 84176
119.159, 84176
119.161, 84176
119.162, 84176
119.163, 84176
119.164, 84176
119.165, 84176
119.166, 84176
119.168, 84392
119.169, 84392
119.171, 84392
119.172, 84392
119.173, 84392
119.174, 84392
119.176, 84392
119.177, 84176
119.178, 84176
119.179, 84176
119.181, 84176
119.182, 84176
119.183, 84176
119.184, 84176
119.185, 83960
119.187, 83960
119.188, 83960
119.189, 83960
119.19, 83960
119.191, 83960
119.192, 83960
119.194, 83960
119.195, 83960
119.196, 83960
119.198, 83960
119.199, 83960
119.2, 83960
119.201, 83960
119.202, 83960
119.204, 83960
119.205, 83960
119.206, 83960
119.207, 83960
119.209, 83960
119.21, 83744
119.211, 83744
119.212, 83744
119.214, 83744
119.215, 83744
119.216, 83744
119.217, 83744
119.219, 83528
119.22, 83528
119.221, 83528
119.222, 83528
119.223, 83528
119.224, 83528
119.226, 83528
119.227, 83528
119.228, 83528
119.229, 83528
119.23, 83528
119.231, 83528
119.233, 83528
119.234, 83528
119.235, 83528
119.236, 83744
119.237, 83744
119.238, 83744
119.24, 83744
119.241, 83744
119.242, 83744
119.243, 83744
119.244, 83744
119.245, 83744
119.246, 83744
119.248, 83744
119.249, 83744
119.25, 83744
119.251, 83744
119.252, 83744
119.253, 83744
119.254, 83744
119.256, 83744
119.257, 83744
119.258, 83744
119.259, 83744
119.261, 83744
119.262, 83744
119.263, 83744
119.264, 83744
119.265, 83744
119.266, 83744
119.267, 83744
119.269, 83744
119.27, 83744
119.271, 83744
119.272, 83744
119.273, 83744
119.274, 83744
119.275, 83744
119.277, 83744
119.278, 83744
119.279, 83960
119.28, 83960
119.282, 83960
119.283, 83960
119.284, 83960
119.285, 83960
119.286, 83960
119.287, 83960
119.289, 83960
119.29, 83960
119.291, 83960
119.292, 83960
119.294, 83960
119.295, 83960
119.296, 83960
119.297, 83960
119.299, 83960
119.3, 83960
119.301, 83960
119.302, 83960
119.303, 83960
119.304, 83960
119.306, 83960
119.307, 83960
119.308, 83960
119.309, 83960
119.31, 83960
119.311, 83960
119.313, 84176
119.314, 84176
119.315, 84176
119.316, 84176
119.317, 84176
119.318, 84176
119.32, 84176
119.321, 84176
119.322, 83960
119.323, 83960
119.324, 83960
119.325, 83960
119.326, 83960
119.328, 83960
119.329, 83960
119.33, 83960
119.331, 83960
119.332, 83960
119.334, 83960
119.335, 83960
119.336, 83960
119.337, 83960
119.338, 83960
119.34, 83960
119.341, 83960
119.342, 83960
119.343, 83960
119.344, 83960
119.345, 83960
119.347, 83960
119.348, 83960
119.349, 83960
119.35, 83960
119.351, 83960
119.352, 83960
119.353, 83960
119.355, 83960
119.356, 83960
119.357, 83960
119.358, 83960
119.359, 83960
119.36, 83960
119.362, 83960
119.363, 83960
119.364, 83960
119.365, 83960
119.366, 83960
119.367, 83960
119.369, 83960
119.37, 83960
119.371, 83960
119.372, 83960
119.373, 84176
119.374, 84176
119.375, 84176
119.377, 84176
119.378, 84176
119.379, 84176
119.38, 84176
119.381, 84176
119.382, 84176
119.383, 84176
119.385, 84176
119.386, 84176
119.387, 84176
119.388, 84176
119.389, 84176
119.39, 83960
119.391, 83960
119.393, 83960
119.394, 83960
119.395, 83960
119.396, 83960
119.397, 83960
119.398, 84176
119.4, 84176
119.401, 84176
119.403, 84176
119.404, 84176
119.405, 84176
119.406, 84176
119.407, 84176
119.408, 84176
119.409, 84176
119.411, 84176
119.412, 84176
119.413, 84176
119.414, 84176
119.415, 84176
119.416, 84176
119.418, 84176
119.419, 84176
119.42, 84176
119.421, 84176
119.422, 84176
119.423, 84176
119.424, 84176
119.426, 84176
119.427, 84176
119.428, 84176
119.429, 84176
119.43, 84176
119.432, 84176
119.433, 84176
119.434, 84176
119.435, 84176
119.436, 84176
119.437, 84176
119.439, 84176
119.44, 84176
119.441, 84176
119.442, 84176
119.443, 84176
119.444, 84176
119.445, 84176
119.447, 84176
119.448, 84176
119.449, 84176
119.45, 84176
119.451, 84176
119.452, 84176
119.453, 84176
119.455, 84176
119.456, 84176
119.457, 84176
119.458, 83960
119.459, 83960
119.46, 83960
119.462, 83960
119.463, 83960
119.464, 83960
119.465, 83960
119.466, 83960
119.467, 83960
119.468, 83960
119.47, 83960
119.471, 83960
119.472, 83960
119.473, 83960
119.474, 83960
119.475, 83960
119.476, 83960
119.478, 83960
119.479, 83960
119.48, 83960
119.481, 83960
119.482, 83960
119.483, 83960
119.484, 83960
119.486, 83960
119.487, 83960
119.488, 83960
119.489, 83960
119.49, 83960
119.491, 83960
119.492, 83960
119.494, 83960
119.495, 83960
119.496, 83960
119.497, 83960
119.498, 83960
119.499, 83960
119.5, 83960
119.502, 83960
119.503, 83960
119.504, 83960
119.505, 83960
119.506, 83960
119.507, 83960
119.508, 83960
119.51, 84176
119.511, 84176
119.512, 84176
119.513, 84176
119.514, 84176
119.515, 84176
119.516, 84176
119.518, 84176
119.519, 84176
119.52, 84176
119.521, 84176
119.522, 84176
119.523, 84176
119.524, 84176
119.526, 84176
119.527, 84176
119.528, 84176
119.529, 84176
119.53, 84176
119.531, 84176
119.533, 84176
119.534, 84176
119.535, 84176
119.536, 84176
119.537, 84176
119.538, 84176
119.539, 84176
119.541, 84176
119.542, 84176
119.543, 84176
119.544, 84176
119.545, 84176
119.546, 84176
119.547, 84176
119.549, 84176
119.55, 84176
119.551, 84176
119.552, 84392
119.553, 84392
119.554, 84392
119.555, 84392
119.557, 84392
119.558, 84392
119.559, 84392
119.56, 84176
119.561, 84176
119.562, 84176
119.563, 84176
119.565, 84176
119.566, 84176
119.567, 84176
119.568, 84176
119.569, 84176
119.57, 84176
119.571, 84176
119.573, 84176
119.574, 84176
119.588, 84392
119.59, 84392
119.591, 84392
119.592, 84392
119.593, 84392
119.595, 84392
119.596, 84392
119.6, 84392
119.602, 84392
119.603, 84392
119.605, 84392
119.606, 84392
119.607, 84392
119.608, 84392
119.609, 84392
119.611, 84392
119.612, 84392
119.614, 84392
119.615, 84392
119.616, 84392
119.617, 84392
119.619, 84392
119.62, 84392
119.621, 84392
119.623, 84392
119.624, 84392
119.626, 84392
119.627, 84392
119.628, 84608
119.63, 84608
119.633, 84608
119.635, 84608
119.636, 84608
119.637, 84608
119.638, 84608
119.64, 84608
119.642, 84608
119.644, 84608
119.645, 84608
119.646, 84392
119.648, 84392
119.649, 84392
119.65, 84392
119.652, 84392
119.653, 84392
119.654, 84392
119.655, 84392
119.657, 84392
119.658, 84392
119.659, 84392
119.66, 84392
119.662, 84392
119.663, 84392
119.664, 84392
119.665, 84392
119.666, 84392
119.668, 84392
119.669, 84392
119.67, 84392
119.672, 84392
119.673, 84392
119.674, 84392
119.676, 84392
119.677, 84392
119.678, 84392
119.679, 84392
119.681, 84392
119.682, 84392
119.683, 84392
119.684, 84392
119.686, 84392
119.687, 84392
119.688, 84392
119.689, 84392
119.691, 84392
119.692, 84392
119.693, 84392
119.694, 84392
119.696, 84392
119.697, 84392
119.698, 84392
119.699, 84392
119.701, 84392
119.702, 84392
119.703, 84392
119.704, 84392
119.706, 84392
119.707, 84392
119.708, 84392
119.709, 84392
119.71, 84392
119.712, 84392
119.713, 84392
119.714, 84608
119.715, 84608
119.717, 84608
119.718, 84608
119.719, 84608
119.72, 84608
119.722, 84608
119.723, 84392
119.724, 84392
119.725, 84392
119.726, 84392
119.727, 84392
119.728, 84392
119.73, 84392
119.731, 84392
119.732, 84392
119.733, 84392
119.734, 84392
119.735, 84392
119.736, 84392
119.738, 84392
119.739, 84392
119.74, 84176
119.741, 84176
119.742, 84176
119.743, 84176
119.744, 84176
119.746, 84176
119.747, 84176
119.748, 84176
119.749, 84176
119.75, 84176
119.751, 84176
119.753, 84176
119.754, 84176
119.755, 84176
119.756, 84176
119.757, 84176
119.758, 84176
119.76, 84176
119.761, 84176
119.762, 84176
119.763, 84176
119.764, 84176
119.765, 84176
119.766, 84176
119.768, 84176
119.769, 84176
119.77, 84176
119.771, 84176
119.772, 84176
119.773, 84176
119.774, 84176
119.776, 84176
119.777, 84176
119.778, 84176
119.779, 84176
119.78, 84176
119.781, 84176
119.782, 84176
119.784, 84176
119.785, 84176
119.786, 84176
119.787, 84176
119.788, 84176
119.789, 84176
119.79, 84176
119.791, 84176
119.793, 84176
119.794, 84176
119.795, 84176
119.796, 84176
119.797, 84176
119.798, 84176
119.8, 84176
119.801, 84176
119.802, 84176
119.803, 84176
119.804, 84176
119.805, 84176
119.806, 84176
119.808, 83960
119.809, 83960
119.81, 83960
119.811, 83960
119.812, 83960
119.813, 83960
119.814, 83960
119.815, 83960
119.817, 83960
119.818, 83960
119.819, 83960
119.82, 83960
119.821, 83960
119.822, 83960
119.823, 83960
119.825, 84176
119.826, 84176
119.827, 84176
119.828, 84176
119.829, 84176
119.83, 84176
119.831, 84176
119.833, 84176
119.834, 84176
119.835, 84176
119.836, 84176
119.837, 84176
119.838, 84176
119.839, 84176
119.841, 84176
119.842, 84176
119.843, 84176
119.844, 84176
119.845, 84176
119.846, 84176
119.847, 84176
119.849, 84176
119.85, 84176
119.851, 84392
119.852, 84392
119.853, 84392
119.854, 84392
119.855, 84392
119.857, 84392
119.858, 84392
119.859, 84392
119.86, 84392
119.861, 84392
119.862, 84392
119.863, 84392
119.865, 84392
119.866, 84392
119.867, 84392
119.868, 84392
119.869, 84392
119.87, 84392
119.871, 84392
119.872, 84392
119.874, 84392
119.875, 84392
119.876, 84392
119.877, 84392
119.878, 84392
119.879, 84392
119.88, 84392
119.882, 84392
119.883, 84392
119.884, 84392
119.885, 84392
119.886, 84392
119.887, 84392
119.888, 84392
119.89, 84392
119.891, 84392
119.892, 84392
119.893, 84176
119.894, 84176
119.895, 84176
119.896, 84176
119.897, 84176
119.899, 84176
119.9, 84176
119.901, 84176
119.902, 84176
119.903, 84176
119.904, 84176
119.905, 84176
119.907, 84176
119.908, 84176
119.909, 84176
119.91, 84176
119.911, 84176
119.912, 84176
119.913, 84176
119.915, 84176
119.916, 84176
119.917, 84176
119.918, 84176
119.919, 84176
119.92, 84176
119.921, 84176
119.923, 84176
119.924, 84176
119.925, 84176
119.926, 84176
119.927, 84176
119.928, 84176
119.929, 84176
119.931, 84176
119.932, 84176
119.933, 84176
119.934, 84176
119.935, 84176
119.936, 84176
119.937, 84176
119.939, 84176
119.94, 84176
119.941, 84176
119.942, 84176
119.943, 84176
119.944, 83960
119.945, 83960
119.947, 83960
119.948, 83960
119.949, 83960
119.95, 83960
119.951, 83960
119.952, 83960
119.953, 84176
119.955, 84176
119.956, 84176
119.957, 84176
119.958, 84176
119.959, 84176
119.96, 84176
119.961, 83960
119.963, 83960
119.964, 83960
119.965, 83960
119.966, 83960
119.967, 83960
119.968, 83960
119.969, 83960
119.971, 83960
119.972, 83960
119.973, 83960
119.974, 83960
119.975, 83960
119.976, 83960
119.977, 83960
119.979, 83960
119.98, 83960
119.981, 83960
119.982, 83960
119.983, 83960
119.984, 83960
119.985, 83960
119.987, 83960
119.988, 84176
119.989, 84176
119.99, 84176
119.991, 84176
119.992, 84176
119.993, 84176
119.995, 84176
119.996, 84176
119.997, 84176
119.998, 84176
119.999, 84176
120, 84176
120.002, 84176
120.003, 84176
120.004, 84176
120.005, 84176
120.006, 84176
120.008, 84176
120.009, 84176
120.01, 84176
120.011, 84176
120.013, 84392
120.014, 84392
120.015, 84392
120.016, 84392
120.017, 84392
120.019, 84392
120.02, 84392
120.021, 84392
120.022, 84392
120.023, 84392
120.024, 84392
120.025, 84392
120.027, 84392
120.028, 84392
120.029, 84392
120.03, 84392
120.031, 84392
120.032, 84392
120.034, 84392
120.035, 84392
120.036, 84392
120.037, 84392
120.038, 84392
120.04, 84392
120.041, 84392
120.042, 84392
120.043, 84392
120.044, 84392
120.046, 84392
120.047, 84392
120.048, 84392
120.049, 84392
120.05, 84392
120.051, 84392
120.052, 84392
120.054, 84392
120.055, 84392
120.056, 84176
120.057, 84176
120.058, 84176
120.059, 84176
120.06, 84176
120.062, 84176
120.063, 84176
120.064, 83960
120.065, 83960
120.066, 83960
120.067, 83960
120.069, 83960
120.07, 83960
120.071, 83960
120.072, 83960
120.074, 83960
120.075, 83960
120.076, 83960
120.077, 83960
120.079, 83960
120.08, 83960
120.081, 83744
120.082, 83744
120.083, 83744
120.085, 83744
120.086, 83744
120.087, 83744
120.088, 83744
120.09, 83744
120.091, 83744
120.092, 83744
120.093, 83744
120.094, 83744
120.096, 83744
120.097, 83744
120.098, 83528
120.099, 83528
120.1, 83528
120.102, 83528
120.103, 83528
120.104, 83528
120.105, 83528
120.106, 83744
120.107, 83744
120.109, 83744
120.11, 83744
120.111, 83744
120.112, 83744
120.114, 83744
120.115, 83960
120.116, 83960
120.117, 83960
120.118, 83960
120.12, 83960
120.127, 83960
120.129, 83960
120.13, 83960
120.132, 83960
120.133, 83960
120.135, 83960
120.136, 83960
120.138, 83960
120.139, 83960
120.142, 83960
120.143, 83960
120.145, 83960
120.146, 83960
120.147, 83960
120.148, 83960
120.15, 84176
120.152, 84176
120.153, 84176
120.155, 84176
120.156, 84176
120.158, 84392
120.161, 84392
120.162, 84392
120.164, 84392
120.165, 84392
120.166, 84608
120.168, 84608
120.169, 84608
120.17, 84608
120.171, 84608
120.172, 84608
120.174, 84608
120.175, 84608
120.176, 84608
120.177, 84608
120.179, 84608
120.18, 84608
120.181, 84608
120.183, 84608
120.184, 84608
120.185, 84608
120.189, 84608
120.19, 84608
120.192, 84392
120.193, 84392
120.195, 84392
120.197, 84392
120.198, 84392
120.2, 84392
120.209, 85040
120.211, 85040
120.214, 85040
120.223, 85040
120.226, 85472
120.227, 85472
120.229, 85472
120.23, 85472
120.231, 85472
120.232, 85472
120.234, 85472
120.235, 85472
120.236, 85472
120.237, 85472
120.242, 85472
120.245, 85256
120.246, 85256
120.247, 85256
120.248, 85256
120.25, 85256
120.251, 85256
120.252, 85472
120.253, 85472
120.254, 85472
120.255, 85472
120.256, 85472
120.258, 85472
120.259, 85472
120.26, 85472
120.263, 85472
120.264, 85472
120.271, 85256
120.273, 85256
120.274, 85256
120.276, 85256
120.278, 85256
120.291, 85256
120.293, 85256
120.294, 85256
120.296, 85256
120.298, 85256
120.307, 85040
120.308, 85040
120.31, 85040
120.311, 85040
120.313, 85040
120.314, 85040
120.315, 85040
120.316, 85040
120.318, 85040
120.319, 85040
120.32, 85040
120.322, 85040
120.323, 85040
120.324, 85040
120.326, 85040
120.327, 85040
120.328, 85040
120.329, 85040
120.331, 85040
120.332, 85040
120.334, 85040
120.335, 85040
120.336, 85040
120.338, 85040
120.339, 85040
120.34, 85040
120.342, 85040
120.343, 85040
120.344, 85040
120.345, 85040
120.346, 85040
120.348, 85040
120.349, 85040
120.35, 85040
120.352, 85040
120.353, 85040
120.354, 85040
120.355, 85040
120.357, 85040
120.358, 85040
120.359, 85040
120.36, 85040
120.362, 84824
120.363, 84824
120.365, 84824
120.366, 84824
120.367, 84824
120.369, 84824
120.37, 84824
120.371, 84824
120.372, 84824
120.374, 84824
120.375, 84824
120.376, 84824
120.378, 84824
120.379, 84824
120.38, 85040
120.382, 85040
120.383, 85040
120.384, 85040
120.385, 85040
120.386, 85040
120.388, 84824
120.389, 84824
120.39, 84824
120.391, 84824
120.393, 84824
120.394, 84824
120.395, 84824
120.396, 84824
120.397, 84608
120.399, 84608
120.4, 84608
120.402, 84608
120.403, 84608
120.404, 84608
120.405, 84608
120.407, 84608
120.408, 84608
120.409, 84608
120.41, 84608
120.412, 84608
120.413, 84608
120.414, 84608
120.416, 84608
120.417, 84608
120.418, 84608
120.42, 84608
120.421, 84608
120.422, 84608
120.423, 84608
120.424, 84608
120.425, 84608
120.427, 84608
120.428, 84608
120.429, 84608
120.431, 84608
120.432, 84608
120.433, 84608
120.434, 84608
120.435, 84608
120.437, 84608
120.438, 84608
120.439, 84608
120.44, 84608
120.441, 84608
120.443, 84608
120.444, 84608
120.445, 84608
120.447, 84608
120.448, 84608
120.449, 84608
120.45, 84608
120.451, 84608
120.452, 84608
120.454, 84608
120.455, 84608
120.456, 84608
120.458, 84608
120.459, 84608
120.461, 84608
120.462, 84608
120.464, 84608
120.465, 84608
120.466, 84608
120.467, 84608
120.469, 84608
120.47, 84608
120.471, 84608
120.472, 84608
120.473, 84608
120.474, 84608
120.476, 84608
120.477, 84608
120.478, 84608
120.479, 84608
120.48, 84608
120.482, 84608
120.483, 84608
120.484, 84608
120.485, 84608
120.486, 84608
120.487, 84608
120.489, 84608
120.49, 84608
120.491, 84608
120.492, 84608
120.493, 84608
120.495, 84608
120.496, 84608
120.497, 84608
120.498, 84608
120.5, 84608
120.501, 84608
120.502, 84608
120.503, 84608
120.505, 84608
120.506, 84608
120.508, 84608
120.509, 84608
120.511, 84608
120.512, 84608
120.513, 84608
120.515, 84608
120.516, 84608
120.517, 84608
120.518, 84608
120.519, 84608
120.521, 84608
120.522, 84608
120.523, 84608
120.524, 84392
120.526, 84392
120.527, 84392
120.528, 84392
120.529, 84392
120.53, 84392
120.531, 84392
120.533, 84392
120.534, 84608
120.535, 84608
120.536, 84608
120.538, 84608
120.54, 84608
120.541, 84392
120.543, 84392
120.544, 84392
120.545, 84392
120.546, 84392
120.548, 84392
120.549, 84392
120.55, 84392
120.551, 84392
120.552, 84392
120.553, 84392
120.555, 84392
120.556, 84392
120.557, 84392
120.559, 84392
120.56, 84392
120.561, 84392
120.562, 84392
120.564, 84392
120.565, 84392
120.566, 84392
120.568, 84392
120.569, 84392
120.571, 84392
120.572, 84392
120.574, 84392
120.575, 84392
120.576, 84392
120.577, 84392
120.579, 84392
120.58, 84392
120.581, 84392
120.582, 84392
120.583, 84392
120.585, 84392
120.586, 84392
120.587, 84392
120.588, 84392
120.59, 84392
120.591, 84392
120.592, 84392
120.593, 84392
120.595, 84392
120.596, 84392
120.597, 84392
120.599, 84392
120.6, 84392
120.602, 84392
120.603, 84392
120.604, 84392
120.605, 84392
120.607, 84392
120.608, 84392
120.609, 84392
120.61, 84392
120.611, 84392
120.612, 84392
120.614, 84392
120.615, 84392
120.616, 84392
120.618, 84392
120.619, 84176
120.62, 84176
120.621, 84176
120.622, 84176
120.624, 84176
120.625, 84176
120.626, 84176
120.627, 84392
120.629, 84392
120.63, 84392
120.631, 84392
120.632, 84392
120.633, 84392
120.635, 84392
120.636, 83960
120.637, 83960
120.638, 83960
120.639, 83960
120.641, 83960
120.642, 83960
120.643, 83960
120.645, 83744
120.646, 83744
120.647, 83744
120.648, 83744
120.649, 83744
120.651, 83744
120.653, 83744
120.654, 83744
120.656, 83744
120.657, 83744
120.659, 83744
120.66, 83744
120.662, 83960
120.663, 83960
120.664, 83960
120.665, 83960
120.667, 83960
120.668, 83960
120.669, 83960
120.671, 83960
120.672, 83960
120.673, 83960
120.674, 83960
120.675, 83960
120.676, 83960
120.678, 83960
120.679, 83744
120.68, 83744
120.681, 83744
120.683, 83744
120.684, 83744
120.685, 83744
120.687, 83960
120.688, 83960
120.689, 83960
120.691, 83960
120.692, 83960
120.693, 83960
120.695, 83960
120.696, 83960
120.697, 83960
120.698, 83960
120.7, 83960
120.701, 83960
120.702, 83960
120.704, 83744
120.705, 83744
120.706, 83744
120.707, 83744
120.709, 83744
120.71, 83744
120.711, 83744
120.712, 83528
120.714, 83528
120.715, 83528
120.716, 83528
120.718, 83528
120.719, 83528
120.721, 83744
120.722, 83744
120.724, 83744
120.725, 83744
120.726, 83744
120.728, 83744
120.729, 83528
120.73, 83528
120.732, 83528
120.733, 83528
120.735, 83528
120.736, 83528
120.738, 83528
120.739, 83528
120.74, 83528
120.742, 83528
120.744, 83528
120.746, 83528
120.747, 83960
120.748, 83960
120.749, 83960
120.751, 83960
120.753, 83960
120.754, 83960
120.755, 83744
120.757, 83744
120.758, 83744
120.759, 83744
120.76, 83744
120.761, 83744
120.763, 83744
120.764, 83744
120.765, 83744
120.767, 83744
120.768, 83744
120.769, 83744
120.77, 83744
120.772, 83744
120.773, 83744
120.774, 83744
120.775, 83744
120.776, 83744
120.778, 83744
120.779, 83744
120.781, 83744
120.783, 83744
120.785, 83744
120.789, 83960
120.801, 83960
120.802, 83960
120.803, 83960
120.804, 83960
120.806, 83960
120.807, 84176
120.808, 84176
120.809, 84176
120.811, 84176
120.813, 84176
120.814, 84392
120.816, 84392
120.817, 84392
120.834, 84608
120.835, 84608
120.838, 84608
120.842, 84824
120.845, 84824
120.846, 84824
120.847, 84824
120.849, 85040
120.85, 85040
120.852, 85040
120.853, 85040
120.854, 85040
120.855, 85040
120.857, 85040
120.858, 85040
120.859, 85040
120.86, 85040
120.862, 85040
120.863, 85040
120.864, 85040
120.865, 85040
120.866, 85040
120.867, 85040
120.869, 85040
120.87, 85040
120.871, 85040
120.872, 85040
120.874, 85040
120.875, 85040
120.876, 85040
120.877, 85040
120.878, 85040
120.88, 85040
120.881, 85040
120.882, 85040
120.884, 85040
120.885, 85040
120.887, 85040
120.888, 85040
120.889, 85040
120.891, 85040
120.892, 85040
120.893, 85040
120.894, 85040
120.896, 85040
120.897, 85040
120.899, 85040
120.9, 84824
120.901, 84824
120.903, 84824
120.904, 84824
120.905, 84824
120.907, 84824
120.908, 84824
120.909, 84824
120.91, 84824
120.912, 84824
120.913, 84824
120.915, 84824
120.917, 84824
120.918, 84824
120.919, 84824
120.921, 84824
120.922, 84824
120.923, 84824
120.924, 84824
120.926, 84608
120.927, 84608
120.928, 84608
120.929, 84608
120.931, 84608
120.932, 84608
120.933, 84608
120.934, 84608
120.935, 84608
120.937, 84608
120.939, 84608
120.94, 84608
120.941, 84608
120.943, 84608
120.944, 84608
120.945, 84608
120.947, 84608
120.948, 84608
120.95, 84608
120.951, 84608
120.952, 84608
120.953, 84608
120.955, 84608
120.956, 84608
120.957, 84608
120.959, 84608
120.96, 84392
120.961, 84392
120.962, 84392
120.963, 84392
120.965, 84392
120.966, 84392
120.967, 84392
120.968, 84392
120.97, 84392
120.971, 84392
120.972, 84392
120.973, 84392
120.974, 84392
120.975, 84392
120.977, 84392
120.978, 84392
120.979, 84392
120.98, 84392
120.981, 84392
120.983, 84392
120.984, 84392
120.985, 84176
120.987, 84176
120.988, 84176
120.989, 84176
120.99, 84176
120.991, 84176
120.993, 84176
120.994, 84176
120.996, 84176
120.997, 84176
120.998, 84176
121, 84176
121.001, 84176
121.002, 84176
121.004, 84176
121.005, 84176
121.006, 84176
121.008, 84176
121.009, 84176
121.01, 84176
121.011, 84176
121.013, 84176
121.014, 84176
121.015, 84176
121.017, 84176
121.018, 84176
121.019, 84176
121.021, 84176
121.022, 84176
121.023, 84176
121.03, 84176
121.031, 84176
121.033, 84176
121.034, 84176
121.035, 84176
121.036, 84176
121.037, 83744
121.039, 83744
121.04, 83744
121.041, 83744
121.042, 83744
121.043, 83744
121.044, 83744
121.046, 83744
121.047, 83744
121.049, 83744
121.05, 83744
121.051, 83744
121.052, 83744
121.054, 83744
121.055, 83744
121.056, 83744
121.057, 83744
121.059, 83744
121.06, 83744
121.061, 83744
121.062, 83960
121.064, 83960
121.065, 83960
121.066, 83960
121.067, 83960
121.068, 83960
121.07, 83960
121.071, 83744
121.072, 83744
121.073, 83744
121.074, 83744
121.076, 83744
121.077, 83744
121.078, 83744
121.08, 83744
121.081, 83744
121.082, 83744
121.084, 83744
121.085, 83744
121.086, 83744
121.088, 83960
121.089, 83960
121.09, 83960
121.091, 83960
121.092, 83960
121.093, 83960
121.095, 83960
121.096, 83960
121.097, 83744
121.098, 83744
121.099, 83744
121.1, 83744
121.102, 83744
121.103, 83744
121.104, 83744
121.105, 83744
121.106, 83744
121.107, 83744
121.109, 83744
121.11, 83744
121.111, 83744
121.112, 83744
121.114, 83744
121.115, 83744
121.116, 83744
121.117, 83744
121.119, 83744
121.12, 83744
121.121, 83744
121.122, 83744
121.123, 83744
121.125, 83744
121.126, 83744
121.127, 83744
121.129, 83744
121.13, 83960
121.131, 83960
121.133, 83960
121.134, 83960
121.135, 83960
121.136, 83960
121.138, 83960
121.139, 83960
121.14, 83960
121.141, 83960
121.142, 83960
121.144, 83960
121.145, 83960
121.146, 83960
121.147, 83744
121.149, 83744
121.15, 83744
121.151, 83744
121.152, 83744
121.153, 83744
121.154, 83744
121.156, 83744
121.157, 83744
121.159, 83744
121.16, 83744
121.162, 83744
121.163, 83744
121.165, 83744
121.166, 83744
121.167, 83744
121.168, 83744
121.17, 83744
121.171, 83744
121.172, 83744
121.173, 83744
121.175, 83744
121.176, 83744
121.177, 83744
121.178, 83744
121.179, 83744
121.181, 83744
121.182, 83744
121.183, 83744
121.184, 83744
121.185, 83744
121.187, 83744
121.188, 83744
121.19, 83744
121.191, 83744
121.193, 83744
121.194, 83744
121.196, 83744
121.197, 83744
121.198, 83744
121.2, 83744
121.201, 83744
121.202, 83744
121.203, 83744
121.205, 83744
121.206, 83744
121.207, 83528
121.209, 83528
121.21, 83528
121.211, 83528
121.212, 83528
121.214, 83528
121.215, 83528
121.216, 83744
121.218, 83744
121.219, 83744
121.22, 83744
121.222, 83744
121.223, 83744
121.225, 83744
121.226, 83744
121.227, 83744
121.228, 83744
121.229, 83744
121.231, 83744
121.232, 83744
121.233, 83744
121.234, 83744
121.235, 83744
121.237, 83744
121.238, 83744
121.239, 83744
121.241, 83744
121.242, 83744
121.243, 83744
121.245, 83744
121.246, 83744
121.247, 83744
121.249, 83744
121.25, 83528
121.251, 83528
121.252, 83528
121.254, 83528
121.255, 83528
121.256, 83528
121.257, 83528
121.258, 83096
121.26, 83096
121.261, 83096
121.262, 83096
121.263, 83096
121.265, 83096
121.266, 83096
121.267, 83096
121.268, 83096
121.269, 83096
121.27, 83096
121.272, 83096
121.273, 83096
121.274, 83096
121.276, 83096
121.277, 83096
121.278, 83096
121.28, 83096
121.281, 83096
121.282, 83096
121.283, 83096
121.285, 83312
121.286, 83312
121.287, 83312
121.288, 83312
121.289, 83312
121.29, 83312
121.291, 83312
121.293, 83096
121.294, 83096
121.295, 83096
121.296, 83096
121.297, 83096
121.299, 83096
121.3, 83096
121.301, 83096
121.302, 83096
121.304, 83096
121.305, 83096
121.307, 83096
121.308, 83096
121.309, 83096
121.31, 83312
121.311, 83312
121.313, 83312
121.314, 83312
121.315, 83312
121.316, 83312
121.317, 83312
121.318, 83096
121.319, 83096
121.321, 83096
121.322, 83096
121.323, 83096
121.324, 83096
121.325, 83096
121.326, 83096
121.327, 82664
121.329, 82664
121.33, 82664
121.331, 82664
121.332, 82664
121.333, 82664
121.335, 82664
121.336, 82664
121.337, 82664
121.339, 82664
121.34, 82664
121.341, 82664
121.342, 82664
121.343, 82664
121.344, 83096
121.345, 83096
121.347, 83096
121.348, 83096
121.349, 83096
121.35, 83096
121.351, 83096
121.353, 82880
121.354, 82880
121.355, 82880
121.357, 82880
121.358, 82880
121.359, 82880
121.36, 83096
121.362, 83096
121.363, 83096
121.364, 83096
121.365, 83096
121.367, 83096
121.368, 83096
121.369, 83312
121.37, 83312
121.371, 83312
121.372, 83312
121.374, 83312
121.375, 83312
121.376, 83312
121.377, 83312
121.378, 82880
121.379, 82880
121.381, 82880
121.382, 82880
121.383, 82880
121.384, 82880
121.386, 82880
121.387, 83312
121.388, 83312
121.389, 83312
121.39, 83312
121.391, 83312
121.393, 83312
121.394, 83312
121.395, 83096
121.396, 83096
121.397, 83096
121.399, 83096
121.4, 83096
121.401, 83096
121.402, 83096
121.404, 83312
121.405, 83312
121.406, 83312
121.408, 83312
121.409, 83312
121.41, 83312
121.411, 83312
121.413, 83312
121.414, 83312
121.415, 83312
121.416, 83312
121.417, 83312
121.418, 83312
121.42, 83312
121.421, 83312
121.422, 83312
121.423, 83312
121.424, 83312
121.425, 83312
121.426, 83312
121.428, 83312
121.429, 83096
121.43, 83096
121.432, 83096
121.433, 83096
121.435, 83096
121.436, 83096
121.437, 83096
121.438, 83312
121.439, 83312
121.441, 83312
121.442, 83312
121.443, 83312
121.444, 83312
121.445, 83312
121.446, 83528
121.447, 83528
121.449, 83528
121.45, 83528
121.451, 83528
121.452, 83528
121.453, 83528
121.454, 83528
121.455, 83528
121.457, 83528
121.458, 83528
121.459, 83528
121.46, 83528
121.462, 83528
121.463, 83528
121.464, 83528
121.465, 83528
121.467, 83528
121.468, 83528
121.469, 83528
121.47, 83528
121.472, 83744
121.473, 83744
121.474, 83744
121.475, 83744
121.477, 83744
121.478, 83744
121.479, 83744
121.48, 83744
121.481, 83744
121.482, 83744
121.484, 83744
121.485, 83744
121.486, 83744
121.487, 83744
121.489, 83744
121.49, 83744
121.491, 83744
121.492, 83744
121.494, 83744
121.495, 83744
121.496, 83744
121.497, 83744
121.499, 83744
121.5, 83744
121.501, 83744
121.503, 83744
121.504, 83744
121.505, 83744
121.506, 83744
121.508, 83744
121.509, 83744
121.51, 83744
121.512, 83744
121.513, 83744
121.514, 83744
121.516, 83744
121.517, 83744
121.518, 83744
121.52, 83744
121.521, 83744
121.523, 83744
121.524, 83744
121.525, 83744
121.527, 83744
121.528, 83744
121.529, 83744
121.53, 83744
121.532, 83744
121.533, 83744
121.534, 83744
121.536, 83744
121.538, 83744
121.539, 83744
121.54, 83528
121.542, 83528
121.543, 83528
121.545, 83528
121.546, 83528
121.548, 83528
121.549, 83744
121.55, 83744
121.552, 83744
121.553, 83744
121.554, 83744
121.556, 83744
121.557, 83960
121.558, 83960
121.559, 83960
121.561, 83960
121.562, 83960
121.563, 83960
121.564, 83960
121.565, 83960
121.567, 83960
121.568, 83960
121.569, 83960
121.57, 83960
121.572, 83960
121.573, 83960
121.574, 83960
121.575, 83960
121.577, 83960
121.578, 83960
121.579, 83960
121.58, 83960
121.581, 83960
121.583, 83960
121.584, 83960
121.585, 83960
121.586, 83960
121.588, 83960
121.589, 83960
121.59, 83960
121.592, 83960
121.593, 83960
121.595, 83960
121.596, 83960
121.598, 83960
121.599, 83960
121.601, 83960
121.602, 83960
121.603, 83960
121.605, 83960
121.606, 83960
121.607, 83960
121.608, 83960
121.61, 83960
121.611, 83960
121.612, 83960
121.613, 83960
121.615, 83960
121.616, 83960
121.617, 83960
121.619, 83960
121.62, 83960
121.621, 83960
121.623, 83960
121.624, 83960
121.626, 83960
121.627, 83960
121.629, 83960
121.63, 83960
121.632, 83960
121.633, 83960
121.634, 83960
121.636, 83960
121.637, 83960
121.638, 83960
121.639, 83960
121.641, 83960
121.642, 83960
121.643, 83960
121.644, 83960
121.646, 83960
121.647, 83960
121.648, 83960
121.649, 83960
121.651, 83960
121.652, 83960
121.653, 83960
121.654, 83960
121.656, 83960
121.657, 83960
121.658, 83960
121.66, 83960
121.661, 83960
121.662, 83960
121.663, 83960
121.665, 83960
121.666, 83960
121.667, 83960
121.669, 83960
121.67, 83960
121.671, 83960
121.672, 83960
121.674, 83960
121.675, 83960
121.676, 83960
121.677, 83960
121.678, 83960
121.679, 83960
121.681, 83960
121.682, 83960
121.683, 83960
121.685, 83960
121.686, 83744
121.687, 83744
121.688, 83744
121.69, 83744
121.691, 83744
121.692, 83744
121.693, 83744
121.695, 83744
121.7, 83744
121.701, 83744
121.71, 83960
121.711, 83744
121.713, 83744
121.714, 83744
121.715, 83744
121.716, 83744
121.718, 83744
121.719, 83960
121.72, 83960
121.721, 83960
121.723, 83960
121.724, 83960
121.725, 83960
121.726, 83960
121.728, 83960
121.729, 83960
121.73, 83960
121.731, 83960
121.733, 83960
121.734, 83960
121.735, 83960
121.736, 83960
121.738, 83960
121.739, 83960
121.74, 83960
121.741, 83960
121.742, 83960
121.744, 83960
121.745, 83960
121.746, 83960
121.747, 83960
121.749, 83960
121.75, 83960
121.754, 83960
121.755, 83960
121.757, 83960
121.759, 83960
121.761, 83960
121.762, 83960
121.763, 83960
121.765, 83960
121.766, 83960
121.767, 83960
121.768, 83960
121.77, 83960
121.771, 83744
121.772, 83744
121.773, 83744
121.775, 83744
121.776, 83744
121.777, 83744
121.779, 83744
121.78, 83744
121.782, 83744
121.783, 83744
121.785, 83744
121.786, 83744
121.788, 83744
121.789, 83744
121.79, 83744
121.792, 83744
121.793, 83744
121.794, 83744
121.795, 83744
121.797, 83960
121.798, 83960
121.799, 83960
121.8, 83960
121.802, 83960
121.803, 83960
121.804, 83744
121.805, 83744
121.818, 83744
121.82, 83744
121.821, 83960
121.823, 83960
121.824, 83960
121.825, 83960
121.827, 83960
121.828, 83960
121.829, 83960
121.83, 83960
121.832, 83960
121.833, 83960
121.834, 83960
121.835, 83960
121.837, 83960
121.838, 83960
121.839, 83960
121.84, 83960
121.842, 83960
121.843, 83960
121.844, 83960
121.845, 83960
121.846, 83960
121.848, 83528
121.849, 83528
121.85, 83528
121.851, 83528
121.853, 83528
121.854, 83528
121.855, 83312
121.857, 83312
121.858, 83312
121.859, 83312
121.86, 83312
121.862, 83312
121.863, 83312
121.865, 83096
121.866, 83096
121.868, 83096
121.869, 83096
121.871, 83096
121.872, 83528
121.874, 83528
121.875, 83528
121.876, 83528
121.877, 83528
121.878, 83528
121.879, 83528
121.881, 83528
121.882, 83312
121.883, 83312
121.884, 83312
121.885, 83312
121.886, 83312
121.888, 83312
121.889, 83312
121.89, 83096
121.892, 83096
121.893, 83096
121.895, 83096
121.896, 83096
121.897, 83096
121.899, 83312
121.9, 83312
121.901, 83312
121.902, 83312
121.903, 83312
121.904, 83312
121.906, 83312
121.907, 83096
121.908, 83096
121.909, 83096
121.91, 83096
121.911, 83096
121.912, 83096
121.914, 83096
121.915, 83096
121.916, 82880
121.917, 82880
121.918, 82880
121.919, 82880
121.92, 82880
121.922, 82880
121.923, 82880
121.924, 82880
121.925, 82880
121.926, 82880
121.928, 82880
121.929, 82880
121.93, 82880
121.931, 82880
121.933, 83096
121.934, 83096
121.935, 83096
121.936, 83096
121.937, 83096
121.938, 83096
121.939, 83096
121.941, 83096
121.942, 82880
121.944, 82880
121.945, 82880
121.947, 82880
121.948, 82880
121.949, 83096
121.95, 83096
121.952, 83096
121.953, 83096
121.954, 83096
121.955, 83096
121.957, 83096
121.958, 83312
121.959, 83312
121.96, 83312
121.961, 83312
121.963, 83312
121.964, 83312
121.965, 83312
121.966, 83312
121.967, 83096
121.968, 83096
121.97, 83096
121.971, 83096
121.972, 83096
121.973, 83096
121.975, 83096
121.976, 83096
121.977, 83096
121.978, 83096
121.98, 83096
121.981, 83096
121.982, 83096
121.983, 83096
121.984, 83096
121.985, 83096
121.987, 83096
121.988, 83096
121.989, 83096
121.99, 83096
121.992, 83096
121.993, 82880
121.994, 82880
121.996, 82880
121.997, 82880
121.998, 82880
122, 82880
122.001, 83312
122.002, 83312
122.003, 83312
122.004, 83312
122.006, 83312
122.007, 83312
122.008, 83312
122.009, 83312
122.01, 83312
122.011, 83312
122.012, 83312
122.014, 83312
122.015, 83312
122.016, 83312
122.017, 83312
122.018, 82880
122.02, 82880
122.021, 82880
122.022, 82880
122.024, 82880
122.025, 82880
122.026, 83312
122.028, 83312
122.029, 83312
122.03, 83312
122.031, 83312
122.032, 83312
122.033, 83312
122.034, 83312
122.036, 83528
122.037, 83528
122.038, 83528
122.039, 83528
122.04, 83528
122.041, 83528
122.043, 83528
122.044, 83528
122.045, 83528
122.046, 83528
122.047, 83528
122.049, 83528
122.05, 83528
122.051, 83528
122.052, 83744
122.053, 83744
122.055, 83744
122.056, 83744
122.057, 83744
122.058, 83744
122.06, 83744
122.061, 83744
122.062, 83744
122.063, 83744
122.065, 83744
122.066, 83744
122.067, 83744
122.069, 83744
122.07, 83744
122.071, 83744
122.072, 83744
122.074, 83744
122.075, 83744
122.076, 83744
122.077, 83528
122.078, 83528
122.08, 83528
122.081, 83528
122.082, 83528
122.083, 83528
122.084, 83528
122.085, 83528
122.087, 83744
122.088, 83744
122.089, 83744
122.09, 83744
122.092, 83744
122.093, 83744
122.094, 83744
122.096, 83744
122.097, 83744
122.098, 83744
122.099, 83744
122.1, 83744
122.101, 83744
122.102, 83744
122.104, 83744
122.105, 83744
122.106, 83744
122.107, 83744
122.109, 83744
122.11, 83744
122.111, 83744
122.112, 83744
122.113, 83744
122.115, 83744
122.116, 83744
122.117, 83744
122.118, 83744
122.12, 83744
122.121, 83744
122.122, 83744
122.123, 83744
122.125, 83744
122.126, 83744
122.127, 83744
122.129, 83744
122.13, 83744
122.131, 83744
122.132, 83744
122.133, 83744
122.134, 83744
122.135, 83744
122.137, 83744
122.138, 83744
122.139, 83744
122.141, 83744
122.142, 83744
122.143, 83744
122.144, 83744
122.145, 83744
122.147, 83744
122.148, 83744
122.149, 83744
122.15, 83744
122.151, 83744
122.153, 83744
122.154, 83744
122.155, 83960
122.156, 83960
122.157, 83960
122.159, 83960
122.16, 83960
122.161, 83960
122.162, 83960
122.163, 83960
122.165, 83960
122.166, 83960
122.167, 83960
122.168, 83960
122.17, 83960
122.171, 83960
122.172, 83960
122.173, 83960
122.174, 83960
122.176, 83960
122.177, 83960
122.178, 83960
122.179, 83960
122.18, 83744
122.181, 83744
122.183, 83744
122.184, 83744
122.185, 83744
122.186, 83744
122.187, 83744
122.188, 83960
122.19, 83960
122.191, 83960
122.192, 83960
122.194, 83960
122.195, 83960
122.196, 83960
122.197, 83960
122.198, 83960
122.2, 83960
122.201, 83960
122.202, 83960
122.203, 83960
122.204, 83960
122.206, 83960
122.207, 83960
122.208, 83960
122.209, 83960
122.211, 83960
122.212, 83960
122.213, 83960
122.215, 83960
122.216, 83960
122.217, 83960
122.218, 83960
122.219, 83960
122.221, 83960
122.222, 83960
122.223, 84176
122.224, 84176
122.225, 84176
122.227, 84176
122.228, 84176
122.229, 84176
122.23, 84176
122.231, 84176
122.233, 84176
122.234, 84176
122.235, 84176
122.237, 84176
122.238, 84176
122.239, 84176
122.24, 84176
122.242, 84176
122.243, 84176
122.244, 84176
122.245, 84176
122.246, 84176
122.247, 84176
122.254, 83960
122.255, 83960
122.257, 83960
122.258, 83960
122.259, 83960
122.26, 83960
122.262, 83960
122.263, 83960
122.264, 83960
122.265, 83960
122.266, 83960
122.267, 83960
122.268, 83960
122.27, 83960
122.271, 83960
122.272, 83960
122.273, 83960
122.274, 83744
122.276, 83744
122.277, 83744
122.278, 83744
122.279, 83744
122.28, 83744
122.282, 83744
122.283, 83744
122.284, 83744
122.285, 83744
122.287, 83744
122.288, 83744
122.29, 83744
122.291, 83960
122.292, 83960
122.293, 83960
122.294, 83960
122.296, 83960
122.297, 83960
122.298, 83960
122.299, 83960
122.301, 83960
122.302, 83960
122.303, 83960
122.304, 83960
122.306, 83960
122.307, 83960
122.308, 83960
122.309, 83960
122.31, 83960
122.311, 83960
122.313, 83960
122.314, 83960
122.315, 83960
122.316, 83960
122.318, 83960
122.319, 83960
122.32, 83960
122.321, 83960
122.323, 83960
122.324, 83960
122.325, 83960
122.326, 83960
122.327, 83960
122.329, 83960
122.33, 83960
122.331, 83960
122.333, 83960
122.334, 83960
122.336, 83960
122.337, 83960
122.338, 83960
122.34, 83960
122.341, 83960
122.342, 83960
122.343, 83960
122.344, 83960
122.346, 83960
122.347, 83960
122.348, 83960
122.349, 83960
122.35, 83960
122.352, 83960
122.353, 83960
122.354, 83960
122.355, 83960
122.356, 83960
122.357, 83960
122.359, 83960
122.36, 83960
122.361, 83960
122.362, 83960
122.364, 83960
122.365, 83960
122.366, 83960
122.368, 83960
122.369, 83960
122.37, 83960
122.371, 83960
122.373, 83960
122.374, 83960
122.375, 83960
122.376, 83744
122.377, 83744
122.378, 83744
122.38, 83744
122.381, 83744
122.382, 83744
122.383, 83744
122.385, 83744
122.386, 83744
122.387, 83744
122.388, 83744
122.39, 83744
122.391, 83744
122.393, 83744
122.394, 83744
122.396, 83744
122.397, 83744
122.398, 83744
122.4, 83744
122.401, 83744
122.402, 83744
122.403, 83744
122.405, 83744
122.406, 83744
122.407, 83744
122.408, 83744
122.41, 83744
122.411, 83744
122.412, 83744
122.413, 83744
122.414, 83744
122.416, 83744
122.417, 83744
122.418, 83744
122.419, 83744
122.421, 83744
122.422, 83744
122.423, 83744
122.425, 83744
122.426, 83744
122.427, 83744
122.428, 83744
122.43, 83744
122.431, 83744
122.432, 83744
122.433, 83744
122.434, 83744
122.436, 83960
122.437, 83960
122.438, 83960
122.44, 83960
122.441, 83960
122.442, 83960
122.443, 83960
122.444, 83744
122.445, 83744
122.447, 83744
122.448, 83744
122.449, 83744
122.451, 83744
122.452, 83744
122.453, 83744
122.454, 83744
122.455, 83744
122.457, 83744
122.458, 83744
122.459, 83744
122.46, 83744
122.461, 83744
122.462, 83744
122.464, 83744
122.465, 83744
122.466, 83744
122.467, 83744
122.469, 83744
122.47, 83744
122.471, 83744
122.472, 83744
122.474, 83744
122.475, 83744
122.477, 83744
122.479, 83528
122.48, 83528
122.481, 83528
122.483, 83528
122.484, 83528
122.485, 83528
122.487, 83528
122.488, 83528
122.489, 83528
122.49, 83528
122.491, 83528
122.492, 83528
122.494, 83528
122.495, 83528
122.496, 83312
122.497, 83312
122.498, 83312
122.499, 83312
122.501, 83312
122.502, 83312
122.503, 83312
122.504, 83312
122.506, 83312
122.507, 83312
122.508, 83312
122.509, 83312
122.51, 83312
122.512, 83312
122.513, 83528
122.514, 83528
122.515, 83528
122.516, 83528
122.517, 83528
122.519, 83528
122.52, 83528
122.521, 83096
122.522, 83096
122.523, 83096
122.524, 83096
122.526, 83096
122.527, 83096
122.528, 83096
122.529, 83096
122.53, 83096
122.531, 83096
122.533, 83096
122.534, 83096
122.535, 83096
122.536, 83096
122.538, 83096
122.539, 82880
122.54, 82880
122.541, 82880
122.542, 82880
122.544, 82880
122.545, 82880
122.546, 82880
122.547, 83096
122.548, 83096
122.549, 83096
122.55, 83096
122.552, 83096
122.553, 83096
122.554, 83096
122.555, 83096
122.557, 83096
122.558, 83096
122.559, 83096
122.561, 83096
122.562, 83096
122.563, 83096
122.564, 83312
122.566, 83312
122.567, 83312
122.568, 83312
122.569, 83312
122.57, 83312
122.572, 83312
122.573, 83312
122.574, 83312
122.575, 83312
122.576, 83312
122.577, 83312
122.579, 83312
122.58, 83312
122.581, 83312
122.582, 83312
122.584, 83312
122.585, 83312
122.586, 83312
122.587, 83312
122.589, 83312
122.59, 83312
122.591, 83312
122.592, 83312
122.593, 83312
122.594, 83312
122.596, 83312
122.597, 83312
122.598, 83312
122.599, 83312
122.601, 83312
122.602, 83312
122.603, 83312
122.605, 83312
122.606, 83312
122.607, 83528
122.609, 83528
122.61, 83528
122.611, 83528
122.613, 83528
122.614, 83528
122.615, 83312
122.617, 83312
122.618, 83312
122.619, 83312
122.62, 83312
122.622, 83312
122.623, 83312
122.624, 83312
122.625, 83312
122.626, 83312
122.628, 83312
122.629, 83312
122.631, 83312
122.632, 83096
122.634, 83096
122.635, 83096
122.636, 83096
122.638, 83096
122.639, 83096
122.64, 83096
122.641, 83096
122.643, 83096
122.644, 83096
122.645, 83096
122.646, 83096
122.647, 83096
122.648, 83096
122.65, 83312
122.651, 83312
122.652, 83312
122.653, 83312
122.654, 83312
122.655, 83312
122.656, 83312
122.658, 83312
122.659, 83312
122.66, 83312
122.661, 83312
122.662, 83312
122.663, 83312
122.665, 83312
122.666, 83312
122.667, 83312
122.668, 83312
122.669, 83312
122.671, 83312
122.672, 83312
122.673, 83312
122.674, 83312
122.675, 83312
122.677, 83312
122.678, 83312
122.679, 83312
122.681, 83312
122.682, 83312
122.683, 83312
122.684, 83096
122.686, 83096
122.687, 83096
122.688, 83096
122.689, 83096
122.69, 83096
122.692, 83096
122.693, 83096
122.694, 83096
122.695, 83096
122.697, 83096
122.698, 83096
122.699, 83096
122.7, 83744
122.702, 83744
122.703, 83744
122.704, 83744
122.705, 83744
122.706, 83744
122.708, 83744
122.709, 84176
122.71, 84176
122.711, 84176
122.712, 84176
122.714, 84176
122.715, 84176
122.716, 84176
122.718, 84176
122.719, 84176
122.72, 84176
122.721, 84176
122.722, 84176
122.723, 84176
122.725, 84176
122.726, 84392
122.727, 84392
122.729, 84392
122.73, 84392
122.731, 84392
122.733, 84392
122.734, 84176
122.736, 84176
122.737, 84176
122.738, 84176
122.74, 84176
122.741, 84176
122.742, 84176
122.744, 83960
122.745, 83960
122.746, 83960
122.748, 83960
122.749, 83960
122.75, 83960
122.751, 83960
122.752, 83744
122.753, 83744
122.755, 83744
122.756, 83744
122.758, 83744
122.759, 83744
122.761, 83744
122.762, 83744
122.764, 83744
122.765, 83744
122.767, 83744
122.768, 83960
122.77, 83960
122.771, 83960
122.773, 83960
122.774, 83960
122.778, 83960
122.779, 83960
122.781, 83960
122.782, 83960
122.784, 83960
122.785, 83960
122.792, 83960
122.794, 83960
122.795, 84176
122.796, 84176
122.798, 84176
122.799, 84176
122.8, 84176
122.801, 84176
122.803, 84392
122.804, 84392
122.805, 84392
122.808, 84392
122.809, 84392
122.81, 84392
122.812, 84608
122.813, 84608
122.814, 84608
122.818, 84608
122.819, 84608
122.821, 84608
122.822, 84608
122.824, 84608
122.825, 84608
122.831, 84608
122.832, 84608
122.834, 84608
122.835, 84608
122.837, 84608
122.838, 84608
122.839, 84608
122.841, 84608
122.842, 84608
122.844, 84608
122.848, 84608
122.849, 84608
122.851, 84608
122.852, 84608
122.854, 84608
122.856, 84608
122.858, 84608
122.859, 84608
122.862, 84608
122.864, 84608
122.865, 84608
122.874, 84608
122.875, 84608
122.877, 84608
122.878, 84608
122.879, 84608
122.881, 84608
122.882, 84608
122.883, 84608
122.884, 84608
122.887, 84608
122.888, 84608
122.889, 84608
122.89, 84608
122.891, 84608
122.892, 84608
122.894, 84608
122.895, 84608
122.896, 84608
122.897, 84608
122.898, 84608
122.9, 84608
122.901, 84608
122.902, 84608
122.903, 84608
122.905, 84608
122.906, 84608
122.907, 84608
122.909, 84608
122.91, 84608
122.912, 84608
122.913, 84608
122.915, 84824
122.916, 84824
122.917, 84824
122.919, 84824
122.92, 84824
122.921, 84824
122.922, 84824
122.924, 84824
122.926, 84824
122.927, 84824
122.929, 84824
122.93, 84824
122.931, 84824
122.933, 84824
122.934, 84824
122.936, 84824
122.937, 84824
122.938, 84824
122.94, 84824
122.941, 84824
122.942, 84824
122.943, 84824
122.945, 84824
122.946, 84824
122.947, 84824
122.949, 84824
122.951, 84824
122.952, 84824
122.953, 84824
122.955, 84824
122.956, 84824
122.958, 84824
122.959, 84824
122.96, 84824
122.962, 84824
122.963, 84824
122.964, 84824
122.966, 84824
122.967, 84824
122.969, 84824
122.97, 84824
122.972, 84824
122.973, 84824
122.974, 84824
122.976, 84824
122.977, 84824
122.979, 84824
122.98, 84824
122.982, 84824
122.983, 85040
122.985, 85040
122.987, 85040
122.988, 85040
122.989, 85040
122.991, 85040
122.992, 85040
122.994, 85040
122.995, 85040
122.996, 85040
122.998, 85040
122.999, 85040
123.001, 85040
123.002, 85040
123.003, 85040
123.005, 85040
123.006, 85040
123.008, 85040
123.009, 85040
123.011, 85040
123.012, 85040
123.014, 85040
123.015, 85040
123.017, 85040
123.018, 85040
123.02, 85040
123.021, 85040
123.023, 85040
123.025, 85040
123.026, 85040
123.027, 85040
123.029, 85040
123.03, 85040
123.032, 85040
123.033, 84824
123.034, 84824
123.035, 84824
123.037, 84824
123.038, 84824
123.039, 84824
123.041, 84824
123.042, 84824
123.043, 84824
123.045, 84824
123.046, 84824
123.047, 84824
123.049, 84824
123.051, 84824
123.053, 84824
123.054, 84824
123.056, 84824
123.057, 84824
123.058, 84824
123.059, 84824
123.061, 84824
123.062, 84824
123.063, 84824
123.064, 84824
123.066, 84824
123.067, 84824
123.068, 84824
123.069, 84824
123.07, 84824
123.072, 84824
123.073, 84824
123.074, 84824
123.075, 84824
123.077, 84824
123.078, 84824
123.079, 84824
123.08, 84824
123.082, 84824
123.083, 84824
123.084, 84824
123.085, 84824
123.087, 84824
123.088, 84824
123.089, 84824
123.09, 84824
123.091, 84824
123.093, 84824
123.094, 84392
123.095, 84392
123.096, 84392
123.098, 84392
123.099, 84392
123.1, 84392
123.101, 84176
123.102, 84176
123.104, 84176
123.105, 84176
123.107, 84176
123.108, 84176
123.11, 84176
123.111, 84176
123.113, 84176
123.114, 84176
123.115, 84176
123.117, 84176
123.118, 84176
123.119, 84392
123.121, 84392
123.122, 84392
123.123, 84392
123.124, 84392
123.125, 84392
123.126, 84392
123.127, 84392
123.129, 84392
123.13, 84392
123.131, 84392
123.132, 84392
123.133, 84392
123.134, 84392
123.136, 84176
123.137, 84176
123.139, 84176
123.14, 84176
123.141, 84176
123.143, 84176
123.144, 84392
123.145, 84392
123.146, 84392
123.148, 84392
123.149, 84392
123.15, 84392
123.151, 84392
123.152, 84392
123.153, 84176
123.154, 84176
123.156, 84176
123.157, 84176
123.158, 84176
123.159, 84176
123.16, 84176
123.161, 83960
123.163, 83960
123.164, 83960
123.165, 83960
123.166, 83960
123.167, 83960
123.168, 83960
123.169, 83744
123.171, 83744
123.172, 83744
123.173, 83744
123.175, 83744
123.176, 83744
123.177, 83744
123.179, 84176
123.18, 84176
123.181, 84176
123.182, 84176
123.183, 84176
123.184, 84176
123.186, 84176
123.187, 84608
123.188, 84608
123.189, 84608
123.191, 84608
123.193, 84608
123.194, 84608
123.196, 84608
123.197, 84608
123.198, 84608
123.2, 84608
123.201, 84608
123.202, 84608
123.204, 84824
123.205, 84824
123.206, 84824
123.208, 84824
123.209, 84824
123.21, 84824
123.211, 84824
123.212, 84824
123.213, 84608
123.214, 84608
123.216, 84608
123.217, 84608
123.218, 84608
123.219, 84608
123.22, 84608
123.222, 84608
123.223, 84608
123.225, 84608
123.226, 84608
123.227, 84608
123.228, 84608
123.229, 84608
123.231, 84608
123.232, 84608
123.233, 84608
123.234, 84608
123.235, 84608
123.236, 84608
123.238, 84392
123.239, 84392
123.242, 84392
123.244, 84392
123.246, 84608
123.248, 84608
123.251, 84608
123.253, 84608
123.254, 84608
123.255, 84608
123.257, 84608
123.259, 84608
123.26, 84608
123.262, 84608
123.263, 84608
123.264, 84608
123.266, 84608
123.267, 84608
123.268, 84608
123.269, 84608
123.27, 84608
123.271, 84608
123.273, 84176
123.277, 84176
123.279, 84176
123.28, 84392
123.282, 84392
123.283, 84392
123.284, 84392
123.286, 84392
123.287, 84392
123.288, 84392
123.29, 84608
123.294, 84608
123.295, 84608
123.297, 84608
123.298, 84608
123.299, 84608
123.301, 84608
123.304, 84608
123.305, 84608
123.306, 84824
123.307, 84824
123.309, 84824
123.31, 84824
123.311, 84824
123.313, 84824
123.314, 84824
123.315, 85040
123.319, 85040
123.321, 85040
123.322, 85040
123.323, 84824
123.325, 84824
123.326, 84824
123.327, 84824
123.336, 84824
123.337, 84824
123.339, 84824
123.34, 84824
123.341, 84824
123.343, 84824
123.344, 84824
123.346, 84824
123.347, 84824
123.348, 84824
123.35, 84824
123.351, 84824
123.354, 84824
123.356, 84824
123.357, 84824
123.358, 84824
123.36, 84824
123.361, 84824
123.364, 84824
123.366, 84824
123.367, 84824
123.369, 84824
123.37, 84824
123.372, 84824
123.374, 84824
123.381, 84824
123.382, 84824
123.384, 84824
123.385, 84824
123.386, 84824
123.388, 84824
123.389, 84824
123.39, 84824
123.391, 84824
123.393, 84824
123.394, 84824
123.396, 84824
123.397, 84824
123.399, 84824
123.4, 85040
123.401, 85040
123.403, 85040
123.404, 85040
123.406, 85040
123.407, 85040
123.408, 85040
123.409, 85040
123.41, 85040
123.411, 85040
123.413, 85040
123.414, 85040
123.415, 85040
123.416, 85040
123.417, 85040
123.418, 85040
123.419, 85040
123.42, 85040
123.422, 85040
123.423, 85040
123.424, 85040
123.425, 85040
123.426, 84824
123.427, 84824
123.428, 84824
123.429, 84824
123.43, 84824
123.432, 84824
123.433, 84824
123.434, 84824
123.435, 84824
123.436, 84824
123.437, 84824
123.438, 84824
123.439, 84824
123.441, 84824
123.442, 84824
123.443, 84824
123.444, 84824
123.445, 84824
123.446, 84824
123.447, 84824
123.448, 84824
123.45, 84824
123.451, 84824
123.452, 85040
123.453, 85040
123.454, 85040
123.455, 85040
123.456, 85040
123.457, 85040
123.458, 85040
123.46, 85040
123.461, 85040
123.462, 85040
123.463, 85040
123.464, 85040
123.465, 85040
123.466, 85040
123.467, 85040
123.469, 85040
123.47, 85040
123.471, 85040
123.472, 85040
123.473, 85040
123.474, 85040
123.475, 85040
123.476, 85040
123.478, 85040
123.479, 85040
123.48, 85040
123.481, 85040
123.482, 85040
123.484, 85040
123.485, 85040
123.488, 85040
123.489, 85040
123.491, 85040
123.492, 85040
123.493, 85040
123.495, 84824
123.502, 85040
123.505, 85040
123.507, 85040
123.508, 85040
123.509, 85040
123.511, 85040
123.512, 85040
123.513, 85040
123.515, 85040
123.516, 85040
123.517, 85040
123.519, 85040
123.52, 85040
123.521, 85040
123.522, 85040
123.523, 85040
123.525, 85040
123.526, 85040
123.527, 85040
123.528, 85040
123.529, 85040
123.531, 85040
123.532, 85040
123.533, 85040
123.535, 85040
123.536, 85040
123.537, 85040
123.538, 85040
123.54, 85040
123.541, 85040
123.542, 85040
123.543, 85040
123.545, 85040
123.546, 85040
123.547, 85040
123.549, 85040
123.55, 85040
123.551, 85040
123.553, 85040
123.554, 85040
123.556, 85040
123.557, 85040
123.558, 85040
123.56, 85040
123.561, 85040
123.562, 84824
123.564, 84824
123.565, 84824
123.566, 84824
123.568, 84824
123.569, 84824
123.57, 84824
123.571, 84824
123.573, 84824
123.574, 84824
123.575, 84824
123.577, 84824
123.578, 84824
123.579, 84824
123.581, 84824
123.582, 84824
123.583, 84824
123.584, 84824
123.585, 84824
123.587, 84824
123.588, 84824
123.589, 84824
123.59, 84824
123.592, 84824
123.593, 84824
123.594, 84824
123.596, 84824
123.597, 85040
123.6, 85040
123.607, 84824
123.61, 84824
123.612, 84824
123.614, 84824
123.627, 84608
123.63, 84392
123.634, 84392
123.641, 84176
123.642, 84176
123.645, 84176
123.648, 84176
123.658, 84176
123.661, 84176
123.663, 84176
123.665, 83960
123.667, 83960
123.668, 83960
123.669, 83960
123.683, 83744
123.691, 83528
123.702, 83744
123.706, 83744
123.711, 83744
123.713, 83744
123.715, 83744
123.717, 83744
123.718, 83744
123.72, 83744
123.721, 83744
123.723, 83744
123.724, 83744
123.726, 83744
123.727, 83744
123.728, 83744
123.729, 83744
123.735, 83312
123.742, 83312
123.744, 83312
123.747, 83312
123.763, 83096
123.782, 83096
123.787, 83096
123.788, 83096
123.79, 83096
123.791, 83096
123.792, 83096
123.794, 83096
123.795, 83096
123.796, 83096
123.799, 83096
123.8, 83096
123.801, 83096
123.803, 83096
123.805, 82880
123.818, 82880
123.823, 83096
123.833, 83096
123.843, 82880
123.85, 82880
123.854, 82880
123.861, 82880
123.871, 82880
123.872, 82880
123.874, 82880
123.876, 82880
123.88, 82664
123.883, 82664
123.885, 82664
123.886, 82664
123.888, 82664
123.889, 82664
123.89, 82664
123.892, 82664
123.893, 82664
123.894, 82664
123.896, 82664
123.906, 82664
123.911, 82880
123.915, 82880
123.916, 82880
123.918, 82880
123.919, 82880
123.92, 82880
123.922, 82880
123.931, 82880
123.934, 82880
123.935, 82880
123.936, 82880
123.938, 83096
123.939, 83096
123.941, 83096
123.942, 83096
123.943, 83096
123.945, 83096
123.946, 83096
123.947, 83096
123.949, 83096
123.95, 83096
123.952, 83096
123.953, 83096
123.954, 83096
123.956, 83096
123.957, 83096
123.959, 83096
123.961, 83096
123.963, 83096
123.965, 83312
123.967, 83312
123.969, 83312
123.971, 83312
123.973, 82880
123.974, 82880
123.977, 82880
123.98, 82880
123.982, 82880
123.985, 82880
123.987, 82880
123.989, 83096
123.99, 83096
123.991, 83096
123.993, 83096
123.994, 83096
123.995, 83096
123.996, 83096
123.997, 82880
123.999, 82880
124.007, 83096
124.008, 83096
124.01, 83096
124.011, 83096
124.012, 83096
124.014, 83096
124.015, 83528
124.016, 83528
124.017, 83528
124.019, 83528
124.02, 83528
124.021, 83528
124.022, 83528
124.023, 83528
124.024, 83528
124.025, 83528
124.027, 83528
124.028, 83528
124.029, 83528
124.03, 83528
124.031, 83312
124.033, 83312
124.034, 83312
124.036, 83312
124.037, 83312
124.039, 83312
124.04, 83528
124.042, 83528
124.043, 83528
124.044, 83528
124.045, 83528
124.047, 83528
124.048, 83528
124.049, 83744
124.05, 83744
124.051, 83744
124.052, 83744
124.054, 83744
124.055, 83744
124.056, 83744
124.057, 83960
124.058, 83960
124.059, 83960
124.061, 83960
124.062, 83960
124.063, 83960
124.064, 83960
124.065, 83960
124.066, 83960
124.068, 83960
124.069, 83960
124.07, 83960
124.071, 83960
124.072, 83960
124.073, 83960
124.075, 84392
124.076, 84392
124.077, 84392
124.078, 84392
124.08, 84392
124.081, 84392
124.082, 84392
124.083, 84392
124.085, 84392
124.086, 84392
124.087, 84392
124.088, 84392
124.089, 84392
124.091, 84392
124.092, 84392
124.093, 84392
124.095, 84392
124.096, 84392
124.097, 84392
124.098, 84392
124.099, 84392
124.1, 84392
124.102, 84392
124.103, 84392
124.104, 84392
124.105, 84392
124.107, 84392
124.108, 84392
124.114, 84392
124.116, 84392
124.117, 84392
124.118, 84392
124.119, 84392
124.121, 84392
124.122, 84392
124.123, 84392
124.124, 84392
124.126, 84392
124.127, 84392
124.128, 84392
124.13, 84392
124.131, 84392
124.133, 84392
124.134, 84392
124.135, 84392
124.137, 84392
124.138, 84392
124.139, 84392
124.14, 84392
124.142, 84392
124.143, 84176
124.145, 84176
124.147, 84176
124.149, 84176
124.15, 84176
124.153, 84176
124.163, 83960
124.17, 83744
124.171, 83744
124.175, 83744
124.178, 83744
124.18, 83744
124.188, 83744
124.19, 83744
124.192, 83744
124.193, 83744
124.195, 83960
124.197, 83960
124.198, 83960
124.199, 83960
124.2, 83960
124.203, 83744
124.207, 83744
124.211, 83960
124.213, 83960
124.222, 83960
124.224, 83960
124.225, 83960
124.227, 83960
124.228, 84176
124.229, 84176
124.232, 84176
124.236, 84176
124.238, 84176
124.241, 84176
124.242, 84176
124.244, 84176
124.245, 83960
124.246, 83960
124.249, 83960
124.251, 83960
124.253, 83960
124.255, 83960
124.256, 83960
124.27, 83960
124.271, 83744
124.272, 83744
124.274, 83744
124.275, 83744
124.279, 83960
124.288, 83744
124.297, 83528
124.299, 83528
124.3, 83528
124.302, 83528
124.303, 83528
124.304, 83744
124.306, 83744
124.309, 83744
124.312, 83744
124.314, 83960
124.317, 83960
124.319, 83960
124.335, 84176
124.338, 84176
124.35, 84176
124.352, 84176
124.354, 84176
124.355, 84176
124.357, 84176
124.359, 84176
124.361, 84176
124.363, 84176
124.365, 84176
124.369, 84176
124.371, 84176
124.372, 84176
124.373, 84176
124.389, 83960
124.394, 83960
124.399, 83960
124.404, 83960
124.426, 84176
124.43, 84176
124.434, 83960
124.438, 83960
124.454, 83960
124.456, 83960
124.457, 83960
124.458, 83960
124.46, 83960
124.461, 83960
124.463, 83960
124.465, 83960
124.467, 83960
124.469, 83960
124.47, 83960
124.472, 83960
124.474, 83960
124.476, 83960
124.478, 83960
124.481, 83960
124.483, 83960
124.484, 84176
124.486, 84176
124.487, 84176
124.489, 84176
124.49, 84176
124.491, 84176
124.493, 83960
124.494, 83960
124.496, 83960
124.497, 83960
124.499, 83960
124.5, 83960
124.502, 83744
124.503, 83744
124.505, 83744
124.506, 83744
124.509, 83744
124.51, 83744
124.512, 83744
124.513, 83744
124.515, 83744
124.516, 83744
124.526, 83744
124.53, 83744
124.532, 83744
124.534, 83744
124.539, 83528
124.542, 83528
124.551, 83312
124.553, 83528
124.555, 83528
124.556, 83528
124.562, 83960
124.563, 83960
124.564, 83960
124.566, 83960
124.567, 83960
124.572, 83960
124.573, 83960
124.578, 84176
124.58, 84176
124.581, 84176
124.582, 84176
124.583, 84176
124.584, 84176
124.586, 84176
124.587, 84176
124.588, 84176
124.589, 84176
124.59, 84176
124.591, 84176
124.593, 84176
124.594, 84176
124.595, 84392
124.596, 84392
124.597, 84392
124.598, 84392
124.6, 84392
124.601, 84392
124.602, 84392
124.603, 84392
124.604, 84392
124.605, 84392
124.607, 84392
124.61, 84392
124.611, 84392
124.613, 84392
124.619, 84392
124.62, 83960
124.621, 83960
124.623, 83960
124.625, 83960
124.627, 83960
124.628, 83960
124.629, 83744
124.632, 83744
124.636, 83744
124.639, 83960
124.641, 83960
124.646, 83528
124.656, 83744
124.66, 83744
124.662, 83744
124.667, 83528
124.677, 83528
124.684, 83528
124.687, 83528
124.691, 83312
124.699, 83528
124.702, 83528
124.704, 83528
124.705, 83528
124.706, 83312
124.707, 83312
124.709, 83312
124.71, 83312
124.711, 83312
124.718, 83096
124.724, 83312
124.736, 83312
124.74, 83312
124.744, 83312
124.748, 83312
124.756, 83312
124.76, 83312
124.764, 83312
124.766, 82880
124.767, 82880
124.768, 82880
124.769, 82880
124.771, 82880
124.772, 82880
124.773, 82880
124.779, 82880
124.785, 83096
124.788, 83096
124.789, 83096
124.79, 83096
124.792, 83096
124.793, 83096
124.794, 83096
124.795, 83096
124.797, 83096
124.798, 83096
124.799, 83096
124.815, 83096
124.821, 83096
124.825, 83096
124.827, 83096
124.83, 83096
124.841, 83096
124.848, 83096
124.85, 83096
124.852, 82880
124.858, 82880
124.863, 83096
124.868, 83096
124.869, 83096
124.871, 83096
124.872, 83096
124.873, 83096
124.874, 83096
124.876, 83096
124.877, 82880
124.878, 82880
124.879, 82880
124.882, 82880
124.884, 82880
124.887, 82880
124.891, 82880
124.893, 83096
124.895, 83096
124.896, 83096
124.897, 83096
124.899, 83096
124.9, 83096
124.902, 82880
124.903, 82880
124.904, 82880
124.906, 82880
124.91, 82664
124.913, 82664
124.918, 82664
124.923, 82880
124.942, 82880
124.945, 82880
124.948, 82880
124.95, 82880
124.959, 82880
124.971, 83096
124.973, 83096
124.975, 83096
124.977, 83096
124.978, 83096
124.98, 83096
124.985, 83096
124.994, 82880
125.004, 83096
125.007, 83096
125.009, 83096
125.02, 82880
125.026, 82880
125.036, 82664
125.038, 82664
125.041, 82664
125.055, 82880
125.058, 82880
125.06, 82880
125.062, 82880
125.063, 82880
125.065, 82880
125.067, 82880
125.069, 82880
125.071, 82880
125.072, 82880
125.073, 83312
125.075, 83312
125.076, 83312
125.077, 83312
125.079, 83312
125.08, 83312
125.081, 83312
125.083, 83312
125.084, 83312
125.085, 83312
125.086, 83312
125.088, 83312
125.09, 83744
125.091, 83744
125.093, 83744
125.094, 83744
125.095, 83744
125.097, 83744
125.098, 83960
125.099, 83960
125.101, 83960
125.102, 83960
125.104, 83960
125.105, 83960
125.106, 83960
125.107, 83960
125.109, 83960
125.11, 83960
125.112, 83960
125.113, 83960
125.114, 83960
125.115, 83960
125.117, 83960
125.118, 83960
125.119, 83960
125.121, 83960
125.122, 83960
125.124, 83960
125.125, 83960
125.127, 83960
125.128, 83960
125.13, 83960
125.131, 83960
125.132, 83960
125.134, 83960
125.135, 83960
125.137, 83960
125.138, 83960
125.139, 83960
125.141, 84176
125.142, 84176
125.144, 84176
125.145, 84176
125.147, 84176
125.148, 84176
125.149, 84176
125.151, 84176
125.153, 84176
125.154, 84176
125.156, 84176
125.157, 84176
125.159, 84176
125.16, 84176
125.162, 84176
125.163, 84176
125.165, 84176
125.166, 84176
125.168, 84176
125.169, 84176
125.17, 84176
125.172, 84176
125.173, 84176
125.174, 84176
125.175, 84392
125.176, 84392
125.178, 84392
125.179, 84392
125.181, 84392
125.182, 84392
125.183, 84392
125.185, 84392
125.186, 84392
125.188, 84392
125.189, 84392
125.191, 84392
125.192, 84392
125.193, 84392
125.195, 84392
125.196, 84392
125.197, 84392
125.199, 84392
125.2, 84392
125.201, 84392
125.203, 84392
125.204, 84392
125.206, 84392
125.207, 84392
125.208, 84392
125.21, 84392
125.211, 84392
125.212, 84392
125.214, 84392
125.215, 84392
125.216, 84392
125.218, 84608
125.219, 84608
125.22, 84608
125.222, 84608
125.223, 84608
125.225, 84608
125.226, 84608
125.227, 84608
125.229, 84608
125.23, 84608
125.232, 84608
125.233, 84608
125.234, 84608
125.236, 84608
125.237, 84608
125.238, 84608
125.24, 84608
125.241, 84608
125.243, 84608
125.244, 84608
125.245, 84608
125.247, 84608
125.249, 84608
125.25, 84608
125.252, 84824
125.253, 84824
125.255, 84824
125.256, 84824
125.258, 84824
125.259, 84824
125.26, 84824
125.262, 84824
125.263, 84824
125.265, 84824
125.266, 84824
125.267, 84824
125.269, 84824
125.27, 84824
125.271, 84824
125.273, 84824
125.274, 84824
125.276, 84824
125.277, 84824
125.278, 84824
125.28, 84824
125.281, 84824
125.282, 84824
125.284, 84824
125.285, 84824
125.286, 84824
125.288, 84824
125.289, 84824
125.291, 84824
125.292, 84824
125.293, 84824
125.295, 84824
125.296, 84824
125.298, 84824
125.3, 84824
125.301, 84824
125.303, 84608
125.305, 84608
125.306, 84608
125.308, 84608
125.309, 84608
125.311, 84608
125.312, 84608
125.313, 84608
125.315, 84608
125.316, 84608
125.317, 84608
125.319, 84608
125.32, 84608
125.322, 84608
125.323, 84608
125.325, 84608
125.326, 84608
125.328, 84608
125.329, 84608
125.33, 84608
125.332, 84608
125.334, 84608
125.335, 84608
125.337, 84608
125.338, 84608
125.339, 84608
125.341, 84608
125.342, 84608
125.344, 84608
125.345, 84608
125.346, 84608
125.347, 84608
125.349, 84608
125.35, 84608
125.351, 84608
125.353, 84608
125.354, 84608
125.356, 84608
125.357, 84608
125.359, 84608
125.36, 84608
125.362, 84608
125.363, 84392
125.364, 84392
125.366, 84392
125.368, 84392
125.37, 84392
125.371, 84608
125.373, 84608
125.375, 84608
125.376, 84608
125.378, 84608
125.379, 84608
125.381, 84608
125.382, 84608
125.383, 84608
125.385, 84608
125.386, 84608
125.388, 84608
125.389, 84392
125.391, 84392
125.392, 84392
125.394, 84392
125.395, 84392
125.397, 84392
125.398, 84392
125.4, 84392
125.401, 84392
125.403, 84392
125.405, 84392
125.406, 84392
125.407, 84392
125.409, 84392
125.41, 84392
125.419, 84392
125.421, 84392
125.422, 84392
125.423, 84392
125.425, 84392
125.426, 84392
125.428, 84392
125.429, 84392
125.431, 84392
125.432, 84392
125.433, 84392
125.435, 84392
125.436, 84392
125.438, 84392
125.439, 84176
125.441, 84176
125.442, 84176
125.444, 84176
125.445, 84176
125.447, 84176
125.448, 84392
125.45, 84392
125.451, 84392
125.453, 84392
125.454, 84392
125.455, 84392
125.456, 84176
125.458, 84176
125.459, 84176
125.46, 84176
125.461, 84176
125.463, 84176
125.464, 84176
125.47, 83960
125.472, 83960
125.473, 83960
125.474, 83960
125.475, 83960
125.477, 83960
125.478, 83960
125.479, 83960
125.481, 83960
125.482, 84176
125.483, 84176
125.485, 84176
125.486, 84176
125.487, 84176
125.488, 84176
125.49, 84176
125.491, 84392
125.492, 84392
125.493, 84392
125.494, 84392
125.495, 84392
125.497, 84392
125.498, 84392
125.499, 84392
125.5, 84176
125.501, 84176
125.502, 84176
125.503, 84176
125.505, 84176
125.506, 84176
125.507, 84176
125.509, 84176
125.51, 84176
125.511, 84176
125.512, 84176
125.514, 84176
125.515, 84176
125.516, 84176
125.517, 84608
125.518, 84608
125.519, 84608
125.521, 84608
125.522, 84608
125.523, 84608
125.524, 84608
125.525, 84392
125.526, 84392
125.527, 84392
125.529, 84392
125.53, 84392
125.531, 84392
125.532, 84392
125.533, 84392
125.534, 84176
125.536, 84176
125.537, 84176
125.538, 84176
125.539, 84176
125.54, 84176
125.542, 84392
125.543, 84392
125.544, 84392
125.545, 84392
125.547, 84392
125.548, 84392
125.549, 84392
125.55, 84392
125.551, 84608
125.552, 84608
125.554, 84608
125.555, 84608
125.556, 84608
125.557, 84608
125.558, 84608
125.56, 84176
125.561, 84176
125.562, 84176
125.564, 84176
125.565, 84176
125.566, 84176
125.568, 84824
125.569, 84824
125.57, 84824
125.572, 84824
125.573, 84824
125.574, 84824
125.575, 84824
125.576, 84824
125.577, 84824
125.579, 84824
125.58, 84824
125.581, 84824
125.582, 84824
125.583, 84824
125.584, 84824
125.586, 84608
125.587, 84608
125.588, 84608
125.589, 84608
125.591, 84608
125.592, 84608
125.593, 84608
125.594, 84608
125.595, 84608
125.597, 84608
125.598, 84608
125.599, 84608
125.6, 84608
125.601, 84608
125.602, 84392
125.603, 84392
125.605, 84392
125.606, 84392
125.608, 84392
125.609, 84392
125.611, 84392
125.612, 84392
125.614, 84392
125.615, 84392
125.616, 84392
125.618, 84392
125.619, 84608
125.62, 84608
125.622, 84608
125.623, 84608
125.624, 84608
125.625, 84608
125.626, 84608
125.628, 84392
125.629, 84392
125.63, 84392
125.631, 84392
125.632, 84392
125.633, 84392
125.634, 84392
125.636, 84176
125.637, 84176
125.638, 84176
125.64, 84176
125.641, 84176
125.643, 84176
125.644, 84176
125.645, 84392
125.646, 84392
125.648, 84392
125.649, 84392
125.651, 84392
125.652, 84392
125.653, 84392
125.654, 84392
125.655, 84392
125.657, 84392
125.658, 84392
125.659, 84392
125.66, 84392
125.661, 84608
125.662, 84608
125.664, 84608
125.665, 84608
125.666, 84608
125.668, 84608
125.669, 84608
125.67, 84608
125.671, 84608
125.673, 84608
125.674, 84608
125.675, 84608
125.676, 84608
125.678, 84608
125.679, 84824
125.68, 84824
125.681, 84824
125.683, 84824
125.684, 84824
125.685, 84824
125.686, 84824
125.688, 84824
125.689, 84824
125.69, 84824
125.692, 84824
125.693, 84824
125.694, 84824
125.695, 84824
125.696, 84824
125.698, 84824
125.699, 84824
125.7, 84824
125.701, 84824
125.703, 84824
125.704, 84824
125.705, 84824
125.706, 84824
125.707, 84824
125.709, 84824
125.71, 84824
125.711, 84824
125.712, 84824
125.713, 84824
125.715, 84824
125.716, 84824
125.718, 84824
125.72, 84824
125.721, 84824
125.722, 84608
125.723, 84608
125.725, 84608
125.726, 84608
125.727, 84608
125.728, 84608
125.729, 84608
125.73, 84824
125.732, 84824
125.733, 84824
125.734, 84824
125.735, 84824
125.737, 84824
125.738, 84824
125.739, 84608
125.74, 84608
125.741, 84608
125.743, 84608
125.744, 84608
125.745, 84608
125.746, 84608
125.748, 84608
125.749, 84608
125.75, 84608
125.753, 84608
125.755, 84608
125.757, 84608
125.759, 84608
125.76, 84608
125.762, 84608
125.763, 84608
125.765, 84392
125.766, 84392
125.767, 84392
125.769, 84392
125.77, 84392
125.772, 84392
125.773, 84608
125.774, 84608
125.776, 84608
125.777, 84608
125.778, 84608
125.78, 84608
125.781, 84608
125.782, 84608
125.784, 84608
125.785, 84608
125.787, 84608
125.788, 84608
125.79, 84824
125.791, 84824
125.793, 84824
125.794, 84824
125.796, 84824
125.797, 84824
125.799, 84608
125.8, 84608
125.802, 84608
125.804, 84608
125.806, 84608
125.808, 84608
125.81, 84608
125.811, 84608
125.813, 84608
125.814, 84608
125.815, 84608
125.817, 84608
125.818, 84608
125.819, 84608
125.821, 84608
125.822, 84608
125.823, 84608
125.824, 84608
125.826, 84608
125.827, 84608
125.829, 84608
125.83, 84608
125.831, 84608
125.833, 84608
125.834, 84608
125.835, 84608
125.841, 84608
125.843, 84608
125.844, 84608
125.846, 84608
125.848, 84608
125.849, 84608
125.851, 84608
125.852, 84608
125.853, 84608
125.855, 84608
125.856, 84608
125.858, 84608
125.86, 84608
125.862, 84608
125.863, 84608
125.865, 84608
125.866, 84608
125.867, 84608
125.875, 84824
125.876, 84824
125.878, 84824
125.879, 84824
125.88, 84824
125.881, 84824
125.883, 84824
125.884, 84608
125.885, 84608
125.887, 84608
125.888, 84608
125.889, 84608
125.89, 84608
125.892, 84824
125.893, 84824
125.895, 84824
125.896, 84824
125.898, 84824
125.899, 84824
125.901, 84608
125.902, 84608
125.904, 84608
125.905, 84608
125.907, 84608
125.908, 84608
125.91, 84608
125.911, 84608
125.913, 84608
125.914, 84608
125.917, 84608
125.921, 84608
125.922, 84608
125.923, 84608
125.925, 84608
125.926, 84608
125.927, 84608
125.929, 84608
125.93, 84608
125.931, 84608
125.933, 84608
125.934, 84608
125.939, 84824
125.94, 84824
125.942, 84824
125.943, 84608
125.944, 84608
125.946, 84608
125.948, 84608
125.949, 84608
125.951, 84824
125.953, 84824
125.964, 84608
125.968, 84608
125.976, 84608
125.984, 84824
125.986, 84824
125.994, 84824
126.002, 84824
126.011, 84824
126.012, 84824
126.016, 84824
126.018, 84824
126.022, 84824
126.025, 84824
126.026, 84824
126.036, 84824
126.037, 84824
126.039, 84824
126.04, 84824
126.041, 84824
126.043, 84824
126.044, 84824
126.045, 84824
126.046, 84608
126.047, 84608
126.049, 84608
126.05, 84608
126.053, 84608
126.054, 84824
126.055, 84824
126.057, 84824
126.058, 84824
126.059, 84824
126.06, 84824
126.062, 84824
126.063, 84392
126.064, 84392
126.066, 84392
126.068, 84392
126.069, 84392
126.071, 84392
126.072, 84176
126.073, 84176
126.074, 84176
126.075, 84176
126.077, 84176
126.084, 84176
126.087, 84176
126.089, 84392
126.09, 84392
126.091, 84392
126.093, 84392
126.094, 84392
126.095, 84392
126.096, 84392
126.097, 84392
126.098, 84392
126.1, 84392
126.101, 84392
126.102, 84392
126.112, 83960
126.113, 83960
126.114, 84392
126.115, 84392
126.116, 84392
126.118, 84392
126.119, 84392
126.12, 84392
126.121, 84392
126.122, 84176
126.123, 84176
126.124, 84176
126.125, 84176
126.127, 84176
126.128, 84176
126.129, 84176
126.13, 84176
126.131, 83960
126.132, 83960
126.133, 83960
126.135, 83960
126.136, 83960
126.137, 83960
126.138, 83960
126.139, 83960
126.141, 83960
126.142, 83960
126.143, 83960
126.144, 83960
126.146, 83960
126.147, 83960
126.148, 84176
126.149, 84176
126.15, 84176
126.151, 84176
126.153, 84176
126.154, 84176
126.155, 84176
126.156, 84176
126.157, 83960
126.158, 83960
126.16, 83960
126.161, 83960
126.163, 83960
126.164, 83960
126.165, 84392
126.167, 84392
126.168, 84392
126.17, 84392
126.171, 84392
126.172, 84392
126.173, 84608
126.175, 84608
126.176, 84608
126.177, 84608
126.178, 84608
126.179, 84608
126.18, 84608
126.182, 84608
126.183, 84824
126.184, 84824
126.185, 84824
126.186, 84824
126.187, 84824
126.189, 84824
126.19, 84824
126.191, 84824
126.193, 84824
126.194, 84824
126.195, 84824
126.196, 84824
126.197, 84824
126.198, 84824
126.2, 85040
126.201, 85040
126.202, 85040
126.203, 85040
126.204, 85040
126.206, 85040
126.207, 85040
126.209, 85040
126.21, 85040
126.211, 85040
126.213, 85040
126.214, 85040
126.215, 85040
126.217, 85040
126.218, 85040
126.219, 85040
126.221, 85040
126.222, 85040
126.223, 85040
126.224, 85040
126.226, 84824
126.227, 84824
126.228, 84824
126.229, 84824
126.23, 84824
126.231, 84824
126.232, 84824
126.234, 84392
126.235, 84392
126.236, 84392
126.237, 84392
126.239, 84392
126.24, 84392
126.242, 84392
126.244, 84392
126.245, 84392
126.246, 84392
126.248, 84392
126.249, 84392
126.25, 84392
126.251, 84608
126.252, 84608
126.253, 84608
126.254, 84608
126.256, 84608
126.257, 84608
126.258, 84608
126.259, 84824
126.26, 84824
126.262, 84824
126.263, 84824
126.264, 84824
126.265, 84824
126.266, 84824
126.268, 84824
126.269, 84824
126.27, 84824
126.271, 84824
126.273, 84824
126.274, 84824
126.275, 84824
126.276, 85040
126.277, 85040
126.279, 85040
126.28, 85040
126.281, 85040
126.283, 85040
126.284, 85040
126.285, 85040
126.286, 85040
126.288, 85040
126.289, 85040
126.29, 85040
126.292, 85040
126.293, 85040
126.294, 85040
126.295, 85040
126.297, 85040
126.298, 85040
126.299, 85040
126.301, 85040
126.302, 85040
126.304, 85040
126.305, 85040
126.306, 85040
126.308, 85040
126.309, 85040
126.311, 84824
126.312, 84824
126.314, 84824
126.316, 84824
126.318, 84824
126.319, 84608
126.321, 84608
126.322, 84608
126.323, 84608
126.324, 84608
126.326, 84608
126.327, 84608
126.328, 84608
126.329, 84608
126.331, 84608
126.332, 84608
126.333, 84608
126.334, 84608
126.335, 84608
126.337, 84608
126.338, 84608
126.339, 84608
126.341, 84608
126.342, 84608
126.344, 84608
126.346, 84608
126.348, 84608
126.349, 84608
126.351, 84608
126.352, 84608
126.353, 84392
126.355, 84392
126.356, 84392
126.357, 84392
126.359, 84392
126.36, 84392
126.362, 84392
126.363, 84392
126.365, 84392
126.366, 84392
126.367, 84392
126.369, 84392
126.37, 84608
126.371, 84608
126.373, 84608
126.374, 84608
126.375, 84608
126.377, 84608
126.378, 84608
126.379, 84608
126.381, 84608
126.382, 84608
126.383, 84608
126.385, 84608
126.386, 84608
126.387, 84608
126.389, 84608
126.39, 84608
126.391, 84608
126.393, 84608
126.394, 84608
126.396, 84608
126.397, 84608
126.399, 84608
126.401, 84608
126.402, 84608
126.404, 84608
126.405, 84608
126.406, 84608
126.408, 84608
126.409, 84608
126.41, 84608
126.412, 84608
126.413, 84608
126.415, 84608
126.416, 84608
126.418, 84608
126.42, 84608
126.421, 84392
126.423, 84392
126.424, 84392
126.426, 84392
126.427, 84392
126.431, 84608
126.432, 84608
126.434, 84608
126.435, 84608
126.436, 84608
126.438, 84608
126.439, 84608
126.441, 84608
126.442, 84608
126.444, 84608
126.445, 84608
126.446, 84608
126.448, 84608
126.449, 84608
126.451, 84608
126.452, 84608
126.453, 84608
126.455, 84608
126.456, 84608
126.457, 84608
126.459, 84608
126.46, 84608
126.462, 84608
126.463, 84608
126.465, 84608
126.467, 84608
126.469, 84608
126.47, 84608
126.472, 84608
126.473, 84608
126.475, 84608
126.476, 84608
126.478, 84608
126.48, 84608
126.481, 84608
126.483, 84608
126.484, 84608
126.486, 84608
126.487, 84608
126.488, 84608
126.489, 84608
126.491, 84608
126.492, 84608
126.493, 84608
126.494, 84608
126.496, 84608
126.497, 84608
126.498, 84608
126.499, 84608
126.5, 84608
126.502, 84608
126.503, 84608
126.504, 84608
126.505, 84608
126.506, 84824
126.508, 84824
126.509, 84824
126.51, 84824
126.511, 84824
126.512, 84824
126.513, 84824
126.514, 84824
126.516, 84608
126.517, 84608
126.518, 84608
126.519, 84608
126.521, 84608
126.522, 84608
126.524, 84608
126.525, 84608
126.527, 84608
126.528, 84608
126.53, 84608
126.531, 84608
126.533, 84608
126.535, 84608
126.536, 84608
126.537, 84608
126.538, 84608
126.54, 84608
126.541, 84608
126.543, 84608
126.544, 84608
126.545, 84608
126.546, 84608
126.548, 84608
126.549, 84824
126.55, 84824
126.551, 84824
126.552, 84824
126.554, 84824
126.555, 84824
126.556, 84824
126.558, 84608
126.559, 84608
126.56, 84608
126.561, 84608
126.562, 84608
126.564, 84608
126.565, 84608
126.567, 84608
126.568, 84608
126.57, 84608
126.571, 84608
126.572, 84608
126.574, 84608
126.575, 84824
126.576, 84824
126.578, 84824
126.579, 84824
126.58, 84824
126.581, 84824
126.582, 84824
126.584, 84824
126.585, 84824
126.586, 84824
126.587, 84824
126.588, 84824
126.59, 84824
126.591, 84824
126.592, 84824
126.594, 84824
126.595, 84824
126.597, 84824
126.598, 84824
126.599, 84824
126.601, 84824
126.602, 84824
126.603, 84824
126.605, 84824
126.606, 84824
126.607, 84824
126.609, 84824
126.61, 84824
126.611, 84824
126.612, 84824
126.614, 84824
126.615, 84824
126.616, 84824
126.617, 84824
126.619, 84824
126.62, 84824
126.621, 84824
126.622, 84824
126.624, 84824
126.625, 84824
126.626, 84824
126.628, 84824
126.629, 84824
126.63, 84824
126.632, 84824
126.633, 84824
126.634, 85040
126.636, 85040
126.637, 85040
126.638, 85040
126.639, 85040
126.64, 85040
126.642, 85040
126.643, 84824
126.644, 84824
126.645, 84824
126.646, 84824
126.648, 84824
126.649, 84824
126.65, 84824
126.651, 84824
126.653, 84824
126.654, 84824
126.655, 84824
126.656, 84824
126.657, 84824
126.658, 84824
126.66, 84824
126.661, 84392
126.662, 84392
126.663, 84392
126.664, 84392
126.666, 84392
126.667, 84392
126.668, 84392
126.669, 84392
126.67, 84392
126.672, 84392
126.673, 84392
126.674, 84392
126.676, 84392
126.677, 84392
126.679, 84392
126.68, 84392
126.681, 84392
126.683, 84392
126.684, 84392
126.685, 84608
126.686, 84608
126.688, 84608
126.689, 84608
126.69, 84608
126.691, 84608
126.692, 84608
126.693, 84608
126.695, 84392
126.696, 84392
126.697, 84392
126.698, 84392
126.699, 84392
126.701, 84392
126.702, 84392
126.703, 84176
126.705, 84176
126.706, 84176
126.708, 84176
126.709, 84176
126.71, 84176
126.712, 84392
126.713, 84392
126.714, 84392
126.715, 84392
126.716, 84392
126.717, 84392
126.718, 84392
126.72, 84176
126.721, 84176
126.722, 84176
126.723, 84176
126.724, 84176
126.725, 84176
126.726, 84176
126.728, 84176
126.729, 83960
126.73, 83960
126.731, 83960
126.732, 83960
126.733, 83960
126.734, 83960
126.736, 83960
126.737, 83960
126.738, 83960
126.739, 83960
126.741, 83960
126.742, 83960
126.743, 83960
126.744, 83960
126.746, 84176
126.747, 84176
126.748, 84176
126.749, 84176
126.75, 84176
126.751, 84176
126.753, 84176
126.754, 83960
126.755, 83960
126.757, 83960
126.758, 83960
126.76, 83960
126.761, 83960
126.762, 84392
126.764, 84392
126.765, 84392
126.766, 84392
126.767, 84392
126.769, 84392
126.77, 84392
126.771, 84392
126.772, 84392
126.773, 84392
126.775, 84392
126.776, 84392
126.777, 84392
126.778, 84392
126.779, 84176
126.78, 84176
126.781, 84176
126.783, 84176
126.784, 84176
126.785, 84176
126.787, 84176
126.788, 84392
126.789, 84392
126.791, 84392
126.792, 84392
126.793, 84392
126.794, 84392
126.795, 84392
126.796, 84392
126.798, 84392
126.799, 84392
126.8, 84392
126.801, 84392
126.803, 84392
126.804, 84392
126.805, 84392
126.807, 84392
126.808, 84392
126.809, 84392
126.811, 84392
126.812, 84392
126.813, 84824
126.814, 84824
126.816, 84824
126.817, 84824
126.818, 84824
126.82, 84824
126.821, 84824
126.822, 84824
126.823, 84824
126.824, 84824
126.825, 84824
126.826, 84824
126.828, 84824
126.829, 84824
126.83, 84824
126.832, 84392
126.833, 84392
126.834, 84392
126.835, 84392
126.837, 84392
126.838, 84392
126.839, 84608
126.84, 84608
126.841, 84608
126.842, 84608
126.843, 84608
126.845, 84608
126.846, 84608
126.847, 84608
126.848, 84392
126.849, 84392
126.85, 84392
126.851, 84392
126.853, 84392
126.854, 84392
126.855, 84392
126.856, 84392
126.857, 84392
126.858, 84392
126.859, 84392
126.861, 84392
126.862, 84392
126.863, 84392
126.864, 84392
126.865, 84392
126.866, 84392
126.867, 84392
126.868, 84392
126.87, 84392
126.871, 84392
126.872, 84392
126.873, 84608
126.874, 84608
126.875, 84608
126.876, 84608
126.878, 84608
126.879, 84608
126.88, 84608
126.881, 84608
126.882, 84392
126.883, 84392
126.884, 84392
126.885, 84392
126.887, 84392
126.888, 84392
126.889, 84392
126.89, 84392
126.891, 84392
126.892, 84392
126.893, 84392
126.895, 84392
126.896, 84392
126.897, 84392
126.898, 84392
126.899, 84392
126.9, 84392
126.901, 84392
126.903, 84392
126.904, 84392
126.905, 84392
126.906, 84392
126.907, 84392
126.908, 84392
126.909, 84392
126.91, 84392
126.912, 84392
126.913, 84392
126.914, 84392
126.915, 84392
126.916, 84608
126.917, 84608
126.918, 84608
126.92, 84608
126.921, 84608
126.922, 84608
126.923, 84608
126.924, 84608
126.925, 84608
126.926, 84608
126.927, 84608
126.929, 84608
126.93, 84608
126.931, 84608
126.932, 84608
126.933, 84608
126.935, 84608
126.936, 84608
126.937, 84608
126.938, 84608
126.939, 84608
126.941, 84608
126.942, 84392
126.943, 84392
126.944, 84392
126.945, 84392
126.947, 84392
126.948, 84392
126.949, 84392
126.95, 84392
126.951, 84392
126.952, 84392
126.954, 84392
126.955, 84392
126.956, 84392
126.957, 84392
126.958, 84392
126.959, 84392
126.96, 84392
126.962, 84392
126.963, 84392
126.964, 84392
126.965, 84392
126.966, 84392
126.967, 84392
126.969, 84392
126.97, 84392
126.971, 84392
126.972, 84392
126.973, 84392
126.974, 84392
126.976, 84392
126.977, 84392
126.978, 84392
126.979, 84392
126.98, 84392
126.981, 84392
126.983, 84392
126.984, 84392
126.985, 84392
126.986, 84392
126.987, 84392
126.989, 84392
126.99, 84392
126.991, 84392
126.992, 84392
126.993, 84608
126.994, 84608
126.996, 84608
126.997, 84608
126.998, 84608
126.999, 84608
127, 84608
127.003, 84608
127.005, 84608
127.006, 84608
127.007, 84608
127.009, 84608
127.01, 84608
127.011, 84608
127.012, 84608
127.013, 84608
127.014, 84608
127.016, 84608
127.017, 84608
127.018, 84824
127.019, 84824
127.02, 84824
127.022, 84824
127.023, 84824
127.025, 84824
127.026, 84824
127.027, 84608
127.028, 84608
127.03, 84608
127.031, 84608
127.032, 84608
127.033, 84608
127.034, 84608
127.035, 84608
127.037, 84608
127.038, 84608
127.04, 84608
127.042, 84608
127.043, 84608
127.045, 84608
127.046, 84608
127.048, 84608
127.049, 84608
127.05, 84608
127.052, 84608
127.053, 84824
127.054, 84824
127.055, 84824
127.056, 84824
127.058, 84824
127.059, 84824
127.06, 84824
127.061, 84824
127.062, 84824
127.063, 84824
127.064, 84824
127.066, 84824
127.067, 84824
127.068, 84824
127.069, 84824
127.07, 84824
127.071, 84824
127.072, 84824
127.074, 84824
127.075, 84824
127.076, 84824
127.077, 84824
127.078, 84608
127.079, 84608
127.08, 84608
127.082, 84608
127.083, 84608
127.084, 84608
127.085, 84608
127.086, 84608
127.087, 84392
127.088, 84392
127.09, 84392
127.091, 84392
127.092, 84392
127.093, 84392
127.094, 84392
127.095, 84392
127.096, 84392
127.098, 84392
127.099, 84392
127.1, 84392
127.101, 84392
127.102, 84392
127.103, 84176
127.104, 84176
127.106, 84176
127.107, 84176
127.108, 84176
127.109, 84176
127.11, 84176
127.111, 84176
127.112, 84176
127.114, 84176
127.115, 84176
127.116, 84176
127.117, 84176
127.118, 84176
127.119, 84176
127.12, 83960
127.122, 83960
127.123, 83960
127.124, 83960
127.125, 83960
127.126, 83960
127.127, 83960
127.128, 83960
127.13, 83960
127.131, 83960
127.132, 83960
127.133, 83960
127.134, 83960
127.135, 83960
127.136, 83960
127.138, 83960
127.139, 83960
127.14, 83960
127.141, 83960
127.142, 83960
127.143, 83960
127.145, 83960
127.146, 83960
127.147, 83960
127.148, 83960
127.149, 83960
127.15, 83960
127.151, 83960
127.153, 83960
127.154, 83960
127.155, 83960
127.156, 83960
127.157, 83960
127.158, 83960
127.159, 83960
127.161, 83960
127.162, 83960
127.163, 83960
127.166, 83960
127.167, 83960
127.169, 83960
127.176, 83960
127.177, 83960
127.181, 84176
127.183, 84176
127.184, 84176
127.185, 84176
127.186, 84176
127.188, 84176
127.189, 84176
127.19, 84176
127.191, 84176
127.193, 84176
127.194, 84176
127.195, 84176
127.196, 84176
127.197, 84176
127.198, 84176
127.199, 84176
127.201, 84176
127.202, 84176
127.203, 84176
127.204, 84176
127.205, 84176
127.206, 84176
127.207, 84176
127.209, 84176
127.21, 84176
127.211, 84176
127.212, 84176
127.213, 84176
127.214, 84176
127.215, 84176
127.217, 84176
127.218, 84176
127.219, 84176
127.22, 84176
127.221, 84176
127.222, 84176
127.224, 84176
127.225, 84176
127.226, 84176
127.227, 84176
127.228, 84176
127.229, 84176
127.23, 84176
127.232, 84176
127.233, 84176
127.234, 84176
127.235, 84176
127.236, 84176
127.237, 84176
127.238, 84176
127.24, 84176
127.241, 84176
127.242, 84176
127.243, 84176
127.244, 84176
127.245, 84176
127.247, 84176
127.248, 84176
127.249, 83960
127.25, 83960
127.251, 83960
127.252, 83960
127.253, 83960
127.255, 83960
127.256, 83960
127.257, 83960
127.258, 83960
127.259, 83960
127.26, 83960
127.262, 83960
127.263, 83960
127.264, 83960
127.265, 83960
127.266, 83960
127.267, 83960
127.269, 83960
127.27, 83960
127.271, 83960
127.272, 83960
127.273, 83960
127.274, 83960
127.275, 83960
127.277, 83960
127.278, 83960
127.279, 83960
127.28, 83960
127.281, 83960
127.282, 83960
127.284, 84176
127.285, 84176
127.286, 84176
127.287, 84176
127.288, 84176
127.289, 84176
127.29, 84176
127.292, 84176
127.293, 84176
127.294, 84176
127.295, 84176
127.296, 84176
127.297, 84176
127.298, 84176
127.3, 84176
127.301, 84392
127.304, 84392
127.308, 84176
127.31, 84176
127.312, 84176
127.313, 84176
127.314, 84176
127.315, 84176
127.317, 84392
127.318, 84392
127.319, 84392
127.321, 84392
127.322, 84392
127.323, 84392
127.325, 84392
127.326, 84392
127.327, 84392
127.328, 84392
127.329, 84392
127.33, 84392
127.331, 84392
127.333, 84392
127.334, 84392
127.335, 84392
127.336, 84392
127.337, 84392
127.338, 84392
127.339, 84392
127.341, 84392
127.342, 84392
127.343, 84392
127.344, 84392
127.345, 84392
127.346, 84392
127.347, 84392
127.349, 84392
127.35, 84392
127.351, 84392
127.352, 84392
127.353, 84392
127.354, 84392
127.356, 84392
127.357, 84392
127.358, 84392
127.359, 84392
127.36, 84392
127.361, 84392
127.362, 84392
127.364, 84392
127.365, 84392
127.366, 84392
127.367, 84392
127.368, 84392
127.369, 84392
127.371, 84392
127.372, 84392
127.373, 84392
127.375, 84392
127.376, 84392
127.378, 84392
127.38, 84392
127.381, 84392
127.383, 84392
127.384, 84392
127.385, 84608
127.387, 84608
127.388, 84608
127.389, 84608
127.391, 84608
127.392, 84608
127.393, 84608
127.394, 84392
127.395, 84392
127.397, 84392
127.398, 84392
127.399, 84392
127.4, 84392
127.402, 84392
127.403, 83960
127.404, 83960
127.405, 83960
127.406, 83960
127.407, 83960
127.409, 83960
127.41, 83960
127.411, 83960
127.412, 83960
127.413, 83960
127.415, 83960
127.416, 83960
127.417, 83960
127.418, 83960
127.42, 83744
127.421, 83744
127.422, 83744
127.423, 83744
127.425, 83744
127.426, 83744
127.427, 83744
127.428, 83744
127.429, 83744
127.43, 83744
127.431, 83744
127.433, 83744
127.434, 83744
127.435, 83744
127.436, 83744
127.437, 83528
127.438, 83528
127.439, 83528
127.441, 83528
127.442, 83528
127.443, 83528
127.444, 83528
127.445, 83528
127.446, 83528
127.447, 83528
127.449, 83528
127.45, 83528
127.451, 83528
127.452, 83528
127.453, 83528
127.454, 83744
127.455, 83744
127.457, 83744
127.458, 83744
127.459, 83744
127.46, 83744
127.461, 83744
127.462, 83744
127.463, 83744
127.465, 83744
127.466, 83744
127.467, 83744
127.468, 83744
127.469, 83744
127.47, 83744
127.471, 83744
127.473, 83744
127.474, 83744
127.475, 83744
127.476, 83744
127.477, 83744
127.478, 83744
127.479, 83744
127.481, 83744
127.482, 83744
127.483, 83744
127.484, 83744
127.485, 83744
127.486, 83744
127.488, 83960
127.489, 83960
127.49, 83960
127.491, 83960
127.492, 83960
127.493, 83960
127.495, 83960
127.498, 83960
127.499, 83960
127.504, 83960
127.505, 84392
127.507, 84392
127.508, 84392
127.509, 84392
127.51, 84392
127.512, 84392
127.513, 84392
127.514, 84608
127.515, 84608
127.516, 84608
127.518, 84608
127.519, 84608
127.52, 84608
127.521, 84608
127.522, 84608
127.523, 84608
127.524, 84608
127.526, 84608
127.527, 84608
127.528, 84608
127.529, 84608
127.53, 84608
127.531, 84608
127.532, 84608
127.534, 84608
127.535, 84608
127.536, 84608
127.537, 84608
127.538, 84608
127.539, 84392
127.54, 84392
127.542, 84392
127.543, 84392
127.544, 84392
127.545, 84392
127.546, 84392
127.548, 84392
127.549, 84392
127.55, 84392
127.551, 84392
127.552, 84392
127.553, 84392
127.554, 84392
127.556, 84392
127.557, 84392
127.558, 84392
127.559, 84392
127.56, 84392
127.561, 84392
127.562, 84392
127.564, 84392
127.565, 84392
127.566, 84392
127.567, 84392
127.568, 84392
127.569, 84392
127.57, 84392
127.572, 84392
127.573, 84392
127.574, 84392
127.575, 84392
127.576, 84392
127.577, 84392
127.578, 84392
127.58, 84392
127.581, 84392
127.582, 84176
127.583, 84176
127.584, 84176
127.585, 84176
127.586, 84176
127.588, 84176
127.589, 84176
127.59, 84176
127.591, 84176
127.592, 84176
127.593, 84176
127.594, 84176
127.596, 84176
127.597, 84176
127.598, 84176
127.599, 84176
127.6, 84176
127.601, 84176
127.602, 84176
127.604, 84176
127.605, 84176
127.606, 84176
127.607, 83960
127.608, 83960
127.609, 83960
127.61, 83960
127.612, 83960
127.613, 83960
127.617, 84176
127.621, 84176
127.623, 84176
127.631, 84176
127.633, 84392
127.634, 84392
127.635, 84392
127.636, 84392
127.639, 84392
127.641, 84392
127.644, 84392
127.645, 84392
127.65, 84608
127.651, 84608
127.653, 84608
127.655, 84608
127.656, 84608
127.658, 84608
127.659, 84608
127.661, 84608
127.662, 84608
127.663, 84608
127.665, 84608
127.666, 84608
127.667, 84392
127.669, 84392
127.67, 84392
127.672, 84392
127.673, 84392
127.674, 84392
127.676, 84392
127.677, 84392
127.678, 84392
127.68, 84392
127.681, 84392
127.682, 84392
127.683, 84392
127.685, 84392
127.686, 84392
127.687, 84392
127.689, 84392
127.69, 84392
127.691, 84392
127.692, 84608
127.694, 84608
127.695, 84608
127.696, 84608
127.697, 84608
127.699, 84608
127.7, 84608
127.701, 84608
127.703, 84608
127.704, 84608
127.705, 84608
127.706, 84608
127.708, 84608
127.709, 84608
127.71, 84608
127.711, 84608
127.712, 84608
127.714, 84608
127.715, 84608
127.716, 84608
127.718, 84608
127.719, 84608
127.72, 84608
127.721, 84608
127.723, 84608
127.724, 84608
127.725, 84608
127.726, 84608
127.728, 84608
127.729, 84608
127.73, 84608
127.731, 84608
127.733, 84608
127.734, 84608
127.735, 84608
127.736, 84608
127.738, 84608
127.739, 84608
127.74, 84608
127.741, 84608
127.742, 84608
127.744, 84608
127.745, 84608
127.746, 84608
127.747, 84608
127.748, 84608
127.75, 84608
127.751, 84608
127.752, 84608
127.753, 84608
127.754, 84608
127.755, 84608
127.757, 84608
127.758, 84608
127.759, 84608
127.76, 84608
127.761, 84608
127.762, 84608
127.764, 84608
127.765, 84608
127.766, 84608
127.767, 84608
127.768, 84608
127.77, 84608
127.771, 84608
127.772, 84608
127.773, 84608
127.774, 84608
127.776, 84608
127.777, 84608
127.778, 84608
127.779, 84608
127.78, 84608
127.781, 84608
127.783, 84608
127.784, 84608
127.785, 84608
127.786, 84392
127.787, 84392
127.789, 84392
127.79, 84392
127.791, 84392
127.792, 84392
127.793, 84392
127.795, 84176
127.796, 84176
127.797, 84176
127.798, 84176
127.799, 84176
127.8, 84176
127.802, 84176
127.803, 84176
127.804, 84176
127.805, 84176
127.806, 84176
127.808, 84176
127.809, 84176
127.81, 84176
127.812, 83960
127.813, 83960
127.814, 83960
127.816, 83960
127.817, 83960
127.818, 83960
127.819, 83960
127.821, 83960
127.822, 83960
127.823, 83960
127.824, 83960
127.825, 83960
127.827, 83960
127.828, 83960
127.829, 83960
127.83, 83960
127.832, 83960
127.833, 83960
127.834, 83960
127.835, 83960
127.837, 83960
127.838, 83960
127.847, 83960
127.849, 83960
127.85, 83960
127.852, 83960
127.854, 83960
127.856, 83960
127.857, 83960
127.859, 83960
127.86, 83960
127.861, 83960
127.862, 83960
127.864, 84176
127.865, 84176
127.866, 84176
127.867, 84176
127.869, 84176
127.87, 84176
127.872, 84176
127.873, 84176
127.874, 84176
127.875, 84176
127.877, 84176
127.879, 84176
127.881, 84176
127.883, 84176
127.884, 84176
127.886, 84176
127.888, 84176
127.889, 84176
127.891, 84176
127.893, 84176
127.895, 84176
127.897, 84392
127.899, 84392
127.9, 84392
127.902, 84392
127.903, 84392
127.914, 84176
127.917, 84176
127.918, 84176
127.92, 84176
127.921, 84176
127.922, 84176
127.924, 84176
127.925, 84176
127.926, 84176
127.928, 84176
127.929, 84176
127.93, 84176
127.931, 84176
127.933, 84176
127.934, 84176
127.935, 84176
127.936, 84176
127.938, 84176
127.939, 84176
127.94, 83960
127.942, 83960
127.943, 83960
127.946, 83960
127.95, 84176
127.952, 84176
127.954, 84176
127.962, 84176
127.964, 84176
127.965, 84176
127.966, 84176
127.968, 84176
127.969, 84176
127.97, 84176
127.971, 84176
127.973, 84176
127.974, 84176
127.975, 84176
127.976, 84176
127.978, 84176
127.979, 84176
127.98, 84176
127.982, 84176
127.983, 84176
127.985, 84176
127.986, 84176
127.988, 84176
127.989, 84176
127.99, 84176
127.992, 84176
127.993, 84176
127.994, 84176
127.996, 84176
127.997, 84176
127.998, 84176
128, 84392
128.001, 84392
128.002, 84392
128.003, 84392
128.005, 84392
128.006, 84392
128.008, 84392
128.009, 84392
128.01, 84392
128.011, 84392
128.013, 84392
128.014, 84392
128.015, 84392
128.017, 84392
128.018, 84392
128.019, 84392
128.021, 84392
128.022, 84392
128.023, 84392
128.024, 84392
128.026, 84392
128.027, 84392
128.028, 84392
128.029, 84392
128.031, 84392
128.032, 84392
128.033, 84392
128.034, 84392
128.036, 84392
128.037, 84392
128.039, 84392
128.04, 84392
128.041, 84392
128.043, 84392
128.044, 84392
128.046, 84392
128.047, 84392
128.048, 84392
128.05, 84392
128.051, 84392
128.053, 84392
128.054, 84392
128.056, 84392
128.057, 84392
128.058, 84392
128.059, 84392
128.061, 84392
128.062, 84392
128.063, 84392
128.064, 84392
128.065, 84392
128.067, 84392
128.068, 84392
128.069, 84392
128.07, 84392
128.071, 84392
128.072, 84392
128.074, 84392
128.075, 84392
128.076, 84392
128.077, 84176
128.078, 84176
128.079, 84176
128.08, 84176
128.082, 84176
128.083, 84176
128.084, 84176
128.085, 84176
128.086, 84176
128.087, 84176
128.088, 84176
128.09, 84176
128.091, 84176
128.092, 84176
128.093, 84176
128.094, 84176
128.095, 84176
128.096, 84176
128.098, 84176
128.099, 84176
128.1, 84176
128.101, 84176
128.102, 83960
128.103, 83960
128.104, 83960
128.106, 83960
128.107, 83960
128.108, 83960
128.109, 83960
128.11, 83960
128.111, 84176
128.113, 84176
128.114, 84176
128.115, 84176
128.116, 84176
128.117, 84176
128.118, 84176
128.119, 84176
128.121, 84176
128.122, 84176
128.123, 84176
128.124, 84176
128.125, 84176
128.126, 84176
128.128, 83960
128.129, 83960
128.13, 83960
128.131, 83960
128.132, 83960
128.133, 83960
128.134, 83960
128.136, 83960
128.137, 83960
128.138, 83960
128.139, 83960
128.14, 83960
128.141, 83960
128.143, 83960
128.144, 83960
128.145, 83960
128.146, 83960
128.147, 83960
128.148, 83960
128.149, 83960
128.151, 83960
128.152, 83960
128.153, 83960
128.154, 83960
128.155, 83960
128.156, 83960
128.157, 83960
128.159, 83960
128.16, 83960
128.161, 83960
128.162, 83960
128.163, 83960
128.164, 83960
128.165, 83960
128.167, 83960
128.168, 83960
128.169, 83960
128.17, 83960
128.171, 83960
128.172, 83960
128.173, 83960
128.175, 83960
128.176, 83960
128.177, 83960
128.178, 83960
128.179, 83960
128.18, 83960
128.182, 83960
128.183, 83960
128.184, 83960
128.185, 83960
128.186, 83960
128.187, 83960
128.188, 83960
128.19, 83960
128.191, 83960
128.192, 83960
128.193, 83960
128.194, 83960
128.195, 83960
128.197, 83960
128.198, 83960
128.199, 83960
128.2, 83960
128.201, 83960
128.202, 83960
128.204, 83960
128.205, 83960
128.206, 83960
128.207, 83960
128.208, 83960
128.209, 83960
128.21, 83960
128.212, 83960
128.213, 83960
128.214, 83960
128.215, 83960
128.216, 83960
128.217, 83960
128.219, 83960
128.22, 83960
128.221, 83960
128.222, 84176
128.223, 84176
128.224, 84176
128.226, 84176
128.227, 84176
128.228, 84176
128.229, 84176
128.23, 84392
128.232, 84392
128.233, 84392
128.234, 84392
128.235, 84392
128.236, 84392
128.237, 84392
128.238, 84392
128.24, 84392
128.241, 84392
128.242, 84392
128.243, 84392
128.244, 84392
128.245, 84392
128.246, 84392
128.248, 84392
128.249, 84392
128.25, 84392
128.251, 84392
128.252, 84392
128.253, 84392
128.255, 84392
128.256, 84392
128.257, 84392
128.258, 84392
128.259, 84392
128.26, 84392
128.261, 84392
128.263, 84392
128.264, 84392
128.265, 84392
128.266, 84392
128.267, 84392
128.268, 84392
128.269, 84392
128.271, 84392
128.272, 84392
128.273, 84392
128.274, 84392
128.275, 84392
128.276, 84392
128.278, 84392
128.279, 84392
128.28, 84392
128.281, 84176
128.282, 84176
128.283, 84176
128.284, 84176
128.286, 84176
128.287, 84176
128.288, 84176
128.289, 84176
128.29, 84392
128.291, 84392
128.292, 84392
128.294, 84392
128.295, 84392
128.296, 84392
128.297, 84392
128.298, 84176
128.299, 84176
128.301, 84176
128.302, 84176
128.303, 84176
128.304, 84176
128.305, 84176
128.306, 84176
128.307, 84176
128.309, 84176
128.31, 84176
128.311, 84176
128.312, 84176
128.313, 84176
128.314, 84176
128.315, 84176
128.317, 84176
128.318, 84176
128.319, 84176
128.32, 84176
128.321, 84176
128.323, 84176
128.324, 83960
128.325, 83960
128.326, 83960
128.328, 83960
128.329, 83960
128.33, 83960
128.332, 83960
128.333, 83960
128.334, 83960
128.335, 83960
128.336, 83960
128.337, 83960
128.339, 83960
128.34, 83960
128.341, 83960
128.342, 83960
128.343, 83960
128.344, 83960
128.346, 83960
128.347, 83960
128.348, 83960
128.349, 83744
128.351, 83744
128.352, 83744
128.353, 83744
128.354, 83744
128.355, 83744
128.357, 83744
128.358, 83744
128.359, 83960
128.36, 83960
128.361, 83960
128.362, 83960
128.364, 83960
128.365, 83960
128.366, 83960
128.367, 83960
128.368, 83960
128.37, 83960
128.371, 83960
128.377, 84176
128.379, 84176
128.38, 84176
128.382, 84176
128.383, 84176
128.385, 84176
128.386, 84176
128.387, 84176
128.388, 84176
128.39, 84176
128.391, 84176
128.392, 84392
128.394, 84392
128.395, 84392
128.396, 84392
128.398, 84392
128.399, 84392
128.401, 84392
128.402, 84392
128.403, 84392
128.405, 84392
128.406, 84392
128.408, 84392
128.409, 84608
128.41, 84608
128.412, 84608
128.413, 84608
128.414, 84608
128.416, 84608
128.418, 84392
128.419, 84392
128.42, 84392
128.422, 84392
128.423, 84392
128.424, 84392
128.426, 84392
128.427, 84392
128.428, 84392
128.429, 84392
128.446, 84392
128.448, 84392
128.449, 84392
128.451, 84392
128.452, 84608
128.453, 84608
128.455, 84608
128.456, 84608
128.457, 84608
128.459, 84608
128.46, 84608
128.461, 84392
128.462, 84392
128.464, 84392
128.465, 84392
128.466, 84392
128.467, 84392
128.469, 84392
128.47, 84392
128.471, 84392
128.472, 84392
128.474, 84392
128.475, 84392
128.476, 84392
128.477, 84392
128.479, 84392
128.48, 84392
128.481, 84392
128.483, 84392
128.484, 84392
128.485, 84392
128.486, 84392
128.488, 84392
128.489, 84392
128.49, 84392
128.492, 84392
128.493, 84392
128.494, 84392
128.496, 84392
128.497, 84392
128.498, 84392
128.499, 84392
128.501, 84392
128.502, 84392
128.503, 84176
128.504, 84176
128.505, 84176
128.506, 84176
128.508, 84176
128.509, 84176
128.51, 84176
128.511, 84176
128.512, 84176
128.513, 84176
128.514, 84176
128.516, 84176
128.517, 84176
128.518, 84176
128.519, 84176
128.52, 83960
128.521, 83960
128.522, 83960
128.523, 83960
128.525, 83960
128.526, 83960
128.527, 83960
128.528, 83960
128.529, 84176
128.53, 84176
128.531, 84176
128.533, 84176
128.534, 84176
128.535, 84176
128.536, 84176
128.537, 84176
128.538, 84176
128.539, 84176
128.541, 84176
128.542, 84176
128.543, 84176
128.544, 84176
128.545, 84176
128.546, 84176
128.547, 84176
128.549, 84176
128.55, 84176
128.551, 84176
128.552, 84176
128.553, 84176
128.554, 84176
128.555, 84176
128.557, 84176
128.558, 84176
128.559, 84176
128.56, 84176
128.561, 84176
128.562, 84176
128.563, 84176
128.564, 84176
128.566, 84176
128.567, 84176
128.568, 84176
128.569, 84176
128.57, 84176
128.571, 84176
128.572, 84176
128.574, 84176
128.575, 84176
128.576, 84176
128.577, 84176
128.578, 84176
128.579, 84176
128.58, 84176
128.581, 84176
128.583, 84176
128.584, 84176
128.585, 84176
128.586, 84176
128.587, 84176
128.588, 84176
128.589, 84176
128.591, 84176
128.592, 84176
128.593, 84176
128.594, 84176
128.595, 84176
128.596, 84176
128.597, 83960
128.599, 83960
128.6, 83960
128.601, 83960
128.602, 83960
128.603, 83960
128.604, 83960
128.605, 83744
128.607, 83744
128.608, 83744
128.609, 83744
128.61, 83744
128.611, 83744
128.612, 83744
128.613, 83744
128.615, 83744
128.616, 83744
128.617, 83744
128.618, 83744
128.619, 83744
128.62, 83744
128.621, 83744
128.623, 83744
128.624, 83744
128.625, 83744
128.626, 83744
128.627, 83744
128.628, 83744
128.629, 83744
128.631, 83744
128.632, 83744
128.633, 83744
128.634, 83744
128.635, 83744
128.636, 83744
128.637, 83744
128.639, 83744
128.64, 83744
128.641, 83744
128.642, 83744
128.643, 83744
128.644, 83744
128.645, 83744
128.647, 83744
128.648, 83744
128.649, 83744
128.65, 83744
128.651, 83744
128.652, 83744
128.653, 83744
128.655, 83744
128.656, 83744
128.657, 83744
128.658, 83744
128.659, 83744
128.66, 83744
128.661, 83744
128.663, 83744
128.664, 83744
128.665, 83744
128.666, 83744
128.667, 83744
128.668, 83744
128.669, 83744
128.671, 83744
128.672, 83744
128.673, 83744
128.674, 83960
128.675, 83960
128.676, 83960
128.677, 83960
128.679, 83960
128.68, 83960
128.681, 83960
128.682, 83960
128.683, 83960
128.684, 83960
128.685, 83960
128.687, 83960
128.688, 83960
128.689, 83960
128.69, 83960
128.691, 83960
128.692, 83960
128.693, 83960
128.695, 83960
128.696, 83960
128.697, 83960
128.698, 83960
128.699, 84176
128.7, 84176
128.701, 84176
128.703, 84176
128.704, 84176
128.705, 84176
128.706, 84176
128.707, 84176
128.708, 84392
128.709, 84392
128.711, 84392
128.712, 84392
128.713, 84392
128.714, 84392
128.715, 84392
128.716, 84176
128.717, 84176
128.719, 84176
128.72, 84176
128.721, 84176
128.722, 84176
128.723, 84176
128.724, 84176
128.726, 84176
128.728, 84176
128.729, 84176
128.73, 84176
128.731, 84176
128.732, 84176
128.733, 84176
128.735, 84176
128.736, 84176
128.737, 84176
128.738, 84176
128.739, 84176
128.74, 84176
128.741, 84176
128.743, 84176
128.744, 84176
128.745, 84176
128.746, 84176
128.747, 84176
128.748, 84176
128.749, 84176
128.751, 84176
128.752, 84176
128.753, 84176
128.754, 84176
128.755, 84176
128.756, 84176
128.758, 84176
128.759, 84176
128.76, 84176
128.761, 84176
128.762, 84176
128.763, 84176
128.765, 84176
128.766, 84176
128.767, 84176
128.768, 84392
128.769, 84392
128.77, 84392
128.771, 84392
128.773, 84392
128.774, 84392
128.775, 84392
128.776, 84392
128.777, 84392
128.778, 84392
128.779, 84392
128.781, 84392
128.782, 84392
128.783, 84392
128.784, 84392
128.785, 84392
128.786, 84392
128.787, 84392
128.789, 84392
128.79, 84392
128.791, 84392
128.792, 84392
128.793, 84176
128.794, 84176
128.795, 84176
128.797, 84176
128.798, 84176
128.799, 84176
128.8, 84176
128.801, 84176
128.802, 84392
128.804, 84392
128.805, 84392
128.806, 84392
128.807, 84392
128.808, 84392
128.809, 84392
128.811, 84176
128.812, 84176
128.813, 84176
128.814, 84176
128.816, 84176
128.817, 84176
128.818, 84176
128.819, 84176
128.821, 84176
128.822, 84176
128.823, 84176
128.825, 84176
128.826, 84176
128.827, 84176
128.828, 84176
128.83, 84176
128.831, 84176
128.832, 84176
128.833, 84176
128.835, 84176
128.836, 84176
128.837, 84176
128.839, 84176
128.84, 84176
128.841, 84176
128.842, 84176
128.844, 84176
128.845, 84176
128.846, 84176
128.847, 84176
128.849, 84176
128.85, 84176
128.851, 84176
128.852, 84176
128.854, 84176
128.855, 84176
128.856, 84176
128.857, 84176
128.858, 84176
128.86, 84176
128.861, 84176
128.862, 84176
128.863, 84176
128.865, 84176
128.866, 84176
128.867, 84176
128.868, 84176
128.87, 84176
128.871, 83960
128.872, 83960
128.873, 83960
128.874, 83960
128.875, 83960
128.877, 83960
128.878, 83960
128.879, 83960
128.88, 83960
128.882, 83960
128.883, 83960
128.884, 83960
128.885, 83960
128.887, 83960
128.888, 83960
128.889, 83960
128.89, 83960
128.892, 83960
128.893, 83960
128.894, 83960
128.895, 83744
128.897, 83744
128.898, 83744
128.899, 83744
128.9, 83744
128.901, 83744
128.903, 83744
128.904, 83744
128.905, 83744
128.907, 83744
128.908, 83744
128.909, 83744
128.91, 83744
128.912, 83744
128.922, 83960
128.924, 83960
128.926, 83960
128.928, 83960
128.929, 84176
128.931, 84176
128.933, 84176
128.934, 84176
128.936, 84176
128.937, 84176
128.939, 84392
128.94, 84392
128.941, 84392
128.942, 84392
128.944, 84392
128.945, 84392
128.946, 84392
128.947, 84392
128.949, 84392
128.95, 84392
128.951, 84392
128.953, 84392
128.954, 84392
128.956, 84608
128.957, 84608
128.958, 84608
128.96, 84608
128.961, 84608
128.962, 84608
128.963, 84608
128.965, 84608
128.966, 84608
128.967, 84608
128.968, 84608
128.969, 84608
128.971, 84608
128.972, 84608
128.973, 84824
128.974, 84824
128.975, 84824
128.976, 84824
128.977, 84824
128.979, 84824
128.98, 84824
128.981, 84608
128.982, 84608
128.983, 84608
128.984, 84608
128.985, 84608
128.987, 84608
128.988, 84608
128.989, 84608
128.99, 84392
128.991, 84392
128.992, 84392
128.993, 84392
128.995, 84392
128.996, 84392
128.997, 84392
128.998, 84392
128.999, 84392
129.001, 84392
129.003, 84392
129.004, 84392
129.006, 84392
129.007, 84824
129.008, 84824
129.009, 84824
129.01, 84824
129.012, 84824
129.013, 84824
129.014, 84824
129.015, 85040
129.016, 85040
129.018, 85040
129.019, 85040
129.021, 85040
129.022, 85040
129.023, 85040
129.025, 85040
129.026, 85040
129.027, 85040
129.029, 85040
129.03, 85040
129.031, 85040
129.033, 85040
129.034, 85040
129.035, 85040
129.036, 85040
129.038, 85040
129.039, 85040
129.04, 85040
129.041, 85256
129.043, 85256
129.044, 85256
129.045, 85256
129.046, 85256
129.047, 85256
129.049, 85256
129.05, 85256
129.051, 85256
129.052, 85256
129.054, 85256
129.055, 85256
129.056, 85256
129.057, 85256
129.059, 85256
129.06, 85256
129.061, 85256
129.063, 85256
129.064, 85256
129.065, 85256
129.066, 85256
129.068, 85256
129.069, 85256
129.07, 85256
129.071, 85256
129.073, 85256
129.074, 85256
129.076, 85256
129.077, 85256
129.078, 85256
129.08, 85256
129.081, 85256
129.082, 85256
129.083, 85256
129.085, 85256
129.086, 85256
129.087, 85256
129.088, 85256
129.09, 85256
129.091, 85256
129.092, 85040
129.094, 85040
129.095, 85040
129.096, 85040
129.097, 85040
129.098, 85040
129.1, 85040
129.101, 84824
129.102, 84824
129.103, 84824
129.104, 84824
129.106, 84824
129.107, 84824
129.108, 84824
129.109, 84824
129.11, 84824
129.111, 84824
129.113, 84824
129.114, 84824
129.116, 84824
129.117, 84824
129.118, 84608
129.12, 84608
129.121, 84608
129.122, 84608
129.123, 84608
129.125, 84608
129.126, 84608
129.127, 84608
129.129, 84608
129.13, 84608
129.131, 84608
129.132, 84608
129.134, 84608
129.135, 84608
129.136, 84608
129.137, 84608
129.138, 84608
129.139, 84608
129.141, 84608
129.142, 84608
129.143, 84608
129.145, 84608
129.146, 84608
129.147, 84608
129.148, 84608
129.15, 84608
129.151, 84608
129.152, 84608
129.153, 84608
129.155, 84608
129.156, 84608
129.157, 84608
129.158, 84608
129.159, 84608
129.16, 84608
129.162, 84608
129.163, 84608
129.164, 84608
129.165, 84608
129.166, 84608
129.168, 84608
129.169, 84392
129.17, 84392
129.171, 84392
129.173, 84392
129.174, 84392
129.175, 84392
129.176, 84392
129.177, 84608
129.178, 84608
129.18, 84608
129.181, 84608
129.182, 84608
129.183, 84608
129.185, 84608
129.186, 84392
129.187, 84392
129.188, 84392
129.19, 84392
129.191, 84392
129.192, 84392
129.193, 84392
129.194, 84392
129.196, 84392
129.197, 84392
129.198, 84392
129.199, 84392
129.201, 84392
129.202, 84392
129.203, 84392
129.204, 84392
129.205, 84392
129.207, 84392
129.208, 84392
129.209, 84392
129.21, 84392
129.212, 84392
129.213, 84392
129.215, 84392
129.216, 84392
129.217, 84392
129.218, 84392
129.219, 84392
129.221, 84392
129.222, 84392
129.223, 84392
129.224, 84392
129.225, 84392
129.227, 84392
129.228, 84392
129.229, 84176
129.23, 84176
129.231, 84176
129.233, 84176
129.234, 84176
129.235, 84176
129.236, 84176
129.238, 84392
129.239, 84392
129.24, 84392
129.241, 84392
129.243, 84392
129.244, 84392
129.245, 84392
129.246, 84176
129.248, 84176
129.249, 84176
129.25, 84176
129.251, 84176
129.253, 84176
129.254, 84176
129.255, 84176
129.256, 84176
129.258, 84176
129.259, 84176
129.26, 84176
129.261, 84176
129.262, 84176
129.264, 84176
129.265, 84176
129.266, 84176
129.267, 84176
129.269, 84176
129.27, 84176
129.272, 84176
129.273, 84176
129.274, 84176
129.276, 84176
129.277, 84176
129.278, 84176
129.279, 84176
129.281, 84176
129.282, 84176
129.283, 84176
129.284, 84176
129.285, 84176
129.287, 84176
129.288, 84176
129.289, 84176
129.29, 84176
129.292, 84176
129.293, 84176
129.294, 84176
129.295, 84176
129.296, 83960
129.298, 83960
129.299, 83960
129.3, 83960
129.301, 83960
129.302, 83960
129.304, 83960
129.305, 84176
129.306, 84176
129.307, 84176
129.308, 84176
129.31, 84176
129.311, 84176
129.312, 84176
129.313, 84176
129.314, 83960
129.316, 83960
129.317, 83960
129.319, 83960
129.32, 83960
129.322, 83960
129.323, 84176
129.324, 84176
129.325, 84176
129.327, 84176
129.328, 84176
129.329, 84176
129.33, 84176
129.331, 83960
129.332, 83960
129.334, 83960
129.335, 83960
129.337, 83960
129.338, 83960
129.339, 83960
129.34, 83960
129.341, 83960
129.342, 83960
129.344, 83960
129.345, 83960
129.346, 83960
129.348, 83960
129.349, 83960
129.351, 83960
129.352, 83960
129.353, 83960
129.355, 83960
129.356, 83960
129.357, 83960
129.359, 83960
129.36, 83960
129.361, 83960
129.362, 83960
129.363, 83960
129.365, 83960
129.366, 83960
129.367, 83960
129.368, 83960
129.37, 83960
129.371, 83960
129.372, 83960
129.373, 83960
129.374, 83960
129.376, 83960
129.378, 83960
129.379, 83960
129.381, 83960
129.382, 83744
129.384, 83744
129.385, 83744
129.386, 83744
129.388, 83744
129.389, 83744
129.391, 83960
129.392, 83960
129.394, 83960
129.395, 83960
129.396, 83960
129.398, 83960
129.399, 83960
129.401, 83960
129.402, 83960
129.404, 83960
129.405, 83960
129.406, 83960
129.407, 83960
129.409, 83960
129.41, 83960
129.411, 83960
129.413, 83960
129.414, 83960
129.415, 83960
129.417, 83960
129.418, 83960
129.419, 83960
129.421, 83960
129.422, 83960
129.423, 83960
129.425, 83960
129.426, 83960
129.427, 83960
129.429, 83960
129.43, 83960
129.432, 83960
129.433, 83744
129.434, 83744
129.436, 83744
129.437, 83744
129.438, 83744
129.44, 83744
129.441, 83744
129.442, 83312
129.444, 83312
129.445, 83312
129.446, 83312
129.448, 83312
129.449, 83312
129.45, 83312
129.452, 83312
129.453, 83312
129.454, 83312
129.456, 83312
129.457, 83312
129.458, 83312
129.46, 83312
129.461, 83312
129.462, 83312
129.464, 83312
129.465, 83312
129.467, 83312
129.468, 83744
129.469, 83744
129.471, 83744
129.472, 83744
129.473, 83744
129.475, 83744
129.476, 83312
129.477, 83312
129.478, 83312
129.48, 83312
129.481, 83312
129.482, 83312
129.484, 83312
129.485, 83312
129.486, 83312
129.488, 83312
129.489, 83312
129.49, 83312
129.492, 83312
129.493, 83528
129.494, 83528
129.496, 83528
129.497, 83528
129.499, 83528
129.5, 83528
129.501, 83096
129.503, 83096
129.504, 83096
129.505, 83096
129.507, 83096
129.508, 83096
129.509, 83096
129.511, 82880
129.512, 82880
129.513, 82880
129.515, 82880
129.516, 82880
129.517, 82880
129.518, 82880
129.52, 82880
129.521, 82880
129.523, 82880
129.524, 82880
129.525, 82880
129.527, 83096
129.528, 83096
129.53, 83096
129.531, 83096
129.532, 83096
129.534, 83096
129.535, 82880
129.537, 82880
129.538, 82880
129.54, 82880
129.541, 82880
129.543, 82880
129.544, 83096
129.545, 83096
129.546, 83096
129.548, 83096
129.549, 83096
129.55, 83096
129.551, 83096
129.553, 83528
129.554, 83528
129.555, 83528
129.557, 83528
129.558, 83528
129.56, 83528
129.561, 83528
129.562, 83528
129.563, 83528
129.565, 83528
129.566, 83528
129.568, 83528
129.569, 83528
129.57, 83312
129.572, 83312
129.573, 83312
129.574, 83312
129.576, 83312
129.577, 83312
129.578, 83096
129.58, 83096
129.581, 83096
129.582, 83096
129.584, 83096
129.585, 83096
129.586, 83096
129.587, 83096
129.589, 83096
129.59, 83096
129.591, 83096
129.593, 83096
129.594, 83096
129.595, 83528
129.597, 83528
129.598, 83528
129.6, 83528
129.601, 83528
129.602, 83528
129.604, 83312
129.605, 83312
129.607, 83312
129.608, 83312
129.609, 83312
129.61, 83312
129.612, 83312
129.613, 83096
129.614, 83096
129.616, 83096
129.617, 83096
129.618, 83096
129.619, 83096
129.621, 83528
129.622, 83528
129.623, 83528
129.625, 83528
129.626, 83528
129.627, 83528
129.629, 83528
129.63, 83744
129.631, 83744
129.633, 83744
129.634, 83744
129.635, 83744
129.637, 83744
129.638, 83744
129.639, 83744
129.641, 83744
129.642, 83744
129.643, 83744
129.645, 83744
129.646, 83744
129.647, 83960
129.648, 83960
129.65, 83960
129.651, 83960
129.653, 83960
129.654, 83960
129.655, 84176
129.657, 84176
129.658, 84176
129.659, 84176
129.66, 84176
129.661, 84176
129.663, 84176
129.664, 83960
129.665, 83960
129.667, 83960
129.668, 83960
129.669, 83960
129.671, 83960
129.672, 83960
129.673, 84176
129.675, 84176
129.676, 84176
129.678, 84176
129.679, 84176
129.681, 83960
129.682, 83960
129.683, 83960
129.684, 83960
129.686, 83960
129.687, 83960
129.688, 83960
129.69, 83960
129.691, 83960
129.693, 83960
129.694, 83960
129.696, 83960
129.697, 83960
129.698, 83960
129.7, 83960
129.701, 83960
129.703, 83960
129.704, 83960
129.706, 83960
129.707, 84176
129.708, 84176
129.71, 84176
129.711, 84176
129.712, 84176
129.713, 84176
129.714, 84176
129.716, 84176
129.717, 84176
129.718, 84176
129.719, 84176
129.721, 84176
129.722, 84176
129.723, 83960
129.725, 83960
129.726, 83960
129.727, 83960
129.728, 83960
129.729, 83960
129.731, 83960
129.732, 83960
129.733, 83960
129.734, 83960
129.736, 83960
129.737, 83960
129.738, 83960
129.739, 83960
129.741, 84176
129.742, 84176
129.743, 84176
129.745, 84176
129.746, 84176
129.748, 84176
129.749, 83960
129.751, 83960
129.752, 83960
129.754, 83960
129.755, 83960
129.756, 83960
129.758, 84176
129.759, 84176
129.76, 84176
129.761, 84176
129.763, 84176
129.764, 84176
129.765, 84176
129.766, 84176
129.768, 84176
129.769, 84176
129.77, 84176
129.772, 84176
129.773, 84176
129.774, 84176
129.776, 84176
129.777, 84176
129.779, 84176
129.78, 84176
129.782, 84176
129.783, 84176
129.785, 84176
129.786, 84176
129.787, 84176
129.789, 84176
129.79, 84176
129.791, 84176
129.792, 84176
129.794, 84176
129.795, 84176
129.796, 84176
129.797, 84176
129.799, 84176
129.8, 84176
129.801, 84176
129.802, 84176
129.804, 84176
129.805, 84176
129.806, 84176
129.807, 84176
129.809, 84176
129.81, 84176
129.811, 84176
129.812, 84176
129.814, 84176
129.815, 84176
129.816, 84176
129.817, 84176
129.819, 84176
129.82, 84176
129.821, 84176
129.829, 83744
129.83, 83744
129.832, 83744
129.833, 83744
129.834, 83528
129.836, 83528
129.837, 83528
129.838, 83528
129.839, 83528
129.841, 83528
129.842, 83528
129.843, 83312
129.844, 83312
129.846, 83312
129.847, 83312
129.848, 83312
129.849, 83312
129.851, 83312
129.852, 83528
129.854, 83528
129.855, 83528
129.857, 83528
129.858, 83528
129.86, 83744
129.861, 83744
129.863, 83744
129.864, 83744
129.866, 83744
129.867, 83744
129.869, 83960
129.87, 83960
129.871, 83960
129.873, 83960
129.874, 83960
129.875, 83960
129.877, 83960
129.878, 83960
129.879, 83960
129.88, 83960
129.881, 83960
129.883, 83960
129.884, 83960
129.885, 83960
129.886, 83960
129.888, 83960
129.889, 83960
129.89, 83960
129.891, 83960
129.892, 83960
129.894, 83960
129.895, 83960
129.896, 83960
129.897, 83960
129.899, 83960
129.9, 83960
129.901, 83960
129.902, 83960
129.904, 83960
129.905, 83960
129.906, 83960
129.907, 83960
129.909, 83960
129.91, 83960
129.912, 83960
129.914, 83960
129.915, 83960
129.916, 83960
129.918, 83960
129.919, 83960
129.92, 83960
129.921, 83960
129.923, 83960
129.924, 83960
129.925, 83960
129.926, 83960
129.928, 83960
129.929, 83960
129.93, 83960
129.931, 83960
129.933, 83960
129.934, 83960
129.935, 83960
129.937, 83960
129.939, 83960
129.94, 83960
129.942, 83960
129.943, 83960
129.945, 83960
129.946, 83960
129.947, 83960
129.948, 83960
129.95, 83960
129.951, 83960
129.952, 83960
129.953, 83960
129.955, 83960
129.956, 83960
129.957, 83960
129.958, 83960
129.96, 83960
129.974, 83960
129.976, 83960
129.977, 83960
129.978, 83960
129.98, 83960
129.981, 83960
129.982, 83960
129.983, 83960
129.985, 83960
129.986, 83960
129.987, 83960
129.988, 83960
129.99, 83960
129.991, 83960
129.992, 83960
129.993, 83960
129.994, 83960
129.996, 83960
129.997, 83960
129.998, 83960
129.999, 83960
130, 83960
130.002, 83960
130.003, 83960
130.004, 83960
130.006, 83960
130.007, 83960
130.008, 83960
130.009, 83960
130.011, 83960
130.012, 83960
130.013, 83960
130.014, 83960
130.016, 83960
130.017, 83960
130.018, 83960
130.02, 83960
130.021, 83960
130.022, 83744
130.023, 83744
130.024, 83744
130.025, 83744
130.027, 83744
130.028, 83744
130.029, 83744
130.031, 83312
130.032, 83312
130.033, 83312
130.034, 83312
130.036, 83312
130.037, 83312
130.038, 83312
130.039, 83312
130.041, 83312
130.043, 83312
130.044, 83312
130.045, 83312
130.047, 83312
130.048, 83528
130.055, 83528
130.057, 83744
130.058, 83744
130.059, 83744
130.06, 83744
130.062, 83744
130.063, 83744
130.064, 83744
130.065, 83312
130.066, 83312
130.067, 83312
130.068, 83312
130.07, 83312
130.071, 83312
130.073, 83312
130.074, 83312
130.075, 83312
130.077, 83312
130.078, 83312
130.079, 83312
130.08, 83312
130.081, 83312
130.082, 83744
130.084, 83744
130.085, 83744
130.086, 83744
130.087, 83744
130.088, 83744
130.089, 83744
130.091, 83312
130.092, 83312
130.093, 83312
130.094, 83312
130.095, 83312
130.096, 83312
130.097, 83312
130.099, 83312
130.1, 83096
130.101, 83096
130.102, 83096
130.103, 83096
130.104, 83096
130.106, 83096
130.107, 83096
130.108, 83096
130.11, 83096
130.111, 83096
130.112, 83096
130.113, 83096
130.114, 83096
130.115, 83096
130.117, 83312
130.118, 83312
130.119, 83312
130.12, 83312
130.121, 83312
130.123, 83312
130.124, 83312
130.126, 83312
130.128, 83312
130.129, 83312
130.131, 83312
130.132, 83312
130.134, 83096
130.135, 83096
130.136, 83096
130.137, 83096
130.139, 83096
130.14, 83096
130.141, 83096
130.142, 83096
130.144, 83096
130.145, 83096
130.146, 83096
130.148, 83096
130.149, 83096
130.15, 83096
130.151, 83096
130.152, 83096
130.153, 83096
130.154, 83096
130.156, 83096
130.157, 83096
130.158, 83096
130.159, 82880
130.16, 82880
130.162, 82880
130.163, 82880
130.164, 82880
130.165, 82880
130.167, 82880
130.168, 83096
130.169, 83096
130.17, 83096
130.171, 83096
130.172, 83096
130.173, 83096
130.174, 83096
130.176, 83096
130.177, 83096
130.178, 83096
130.179, 83096
130.181, 83096
130.182, 83096
130.184, 83096
130.185, 83096
130.186, 83096
130.188, 83096
130.189, 83096
130.19, 83096
130.191, 83096
130.193, 83528
130.194, 83528
130.195, 83528
130.196, 83528
130.197, 83528
130.198, 83528
130.199, 83528
130.201, 83528
130.202, 83096
130.203, 83096
130.204, 83096
130.205, 83096
130.206, 83096
130.208, 83096
130.209, 83096
130.21, 83096
130.212, 83096
130.213, 83096
130.214, 83096
130.215, 83096
130.217, 83096
130.218, 83096
130.219, 83528
130.22, 83528
130.221, 83528
130.222, 83528
130.223, 83528
130.225, 83528
130.226, 83528
130.227, 83744
130.228, 83744
130.229, 83744
130.23, 83744
130.232, 83744
130.233, 83744
130.234, 83744
130.235, 83744
130.237, 83744
130.238, 83744
130.239, 83744
130.24, 83744
130.241, 83744
130.242, 83744
130.244, 83744
130.245, 83960
130.246, 83960
130.247, 83960
130.248, 83960
130.25, 83960
130.251, 83960
130.252, 83960
130.253, 83960
130.255, 83960
130.256, 83960
130.257, 83960
130.258, 83960
130.259, 83960
130.26, 83960
130.262, 83960
130.263, 83960
130.264, 83960
130.265, 83960
130.266, 83960
130.268, 83960
130.269, 83960
130.27, 83960
130.271, 83960
130.272, 83960
130.274, 83960
130.275, 83960
130.276, 83960
130.278, 83960
130.279, 83960
130.281, 83960
130.282, 83960
130.283, 83960
130.284, 83960
130.286, 83960
130.287, 83960
130.288, 83960
130.289, 83960
130.29, 83960
130.291, 83960
130.293, 83960
130.294, 83960
130.295, 83960
130.296, 83960
130.298, 83960
130.299, 83960
130.3, 83960
130.301, 83960
130.302, 83960
130.304, 84176
130.305, 84176
130.306, 84176
130.307, 84176
130.309, 84176
130.31, 84176
130.312, 84176
130.313, 84176
130.314, 84176
130.315, 84176
130.316, 84176
130.318, 84176
130.319, 84176
130.32, 84176
130.321, 84176
130.322, 84176
130.323, 84176
130.325, 84176
130.326, 84176
130.327, 84176
130.328, 84176
130.33, 84176
130.331, 84176
130.332, 84176
130.333, 84176
130.334, 84176
130.336, 84176
130.337, 84176
130.338, 84176
130.339, 84176
130.34, 84176
130.341, 84176
130.343, 84176
130.344, 84176
130.345, 84176
130.346, 84176
130.347, 84176
130.349, 84176
130.35, 84176
130.351, 84176
130.352, 84176
130.354, 84176
130.355, 84176
130.356, 84176
130.357, 84176
130.358, 84176
130.36, 84176
130.361, 84176
130.362, 84176
130.363, 84176
130.365, 84176
130.366, 84176
130.367, 84176
130.368, 84176
130.369, 84176
130.37, 84176
130.372, 84176
130.373, 84176
130.374, 84176
130.375, 84176
130.376, 84176
130.378, 84176
130.379, 84176
130.38, 84176
130.382, 84176
130.383, 84176
130.384, 84176
130.385, 84176
130.386, 84176
130.388, 84176
130.389, 84176
130.39, 84176
130.391, 84176
130.392, 84176
130.393, 84176
130.395, 84176
130.396, 84176
130.397, 83960
130.398, 83960
130.4, 83960
130.401, 83960
130.402, 83960
130.403, 83960
130.404, 83960
130.406, 83960
130.407, 83744
130.408, 83744
130.409, 83744
130.41, 83744
130.411, 83744
130.413, 83744
130.414, 83744
130.415, 83528
130.416, 83528
130.417, 83528
130.418, 83528
130.42, 83528
130.421, 83528
130.423, 83528
130.424, 83744
130.425, 83744
130.426, 83744
130.427, 83744
130.428, 83744
130.43, 83744
130.431, 83744
130.432, 83744
130.433, 83744
130.434, 83744
130.436, 83744
130.437, 83744
130.438, 83744
130.44, 83744
130.441, 83744
130.442, 83744
130.443, 83744
130.444, 83744
130.445, 83744
130.446, 83744
130.448, 83744
130.449, 83960
130.45, 83960
130.452, 83960
130.453, 83960
130.454, 83960
130.455, 83960
130.456, 83960
130.457, 83960
130.459, 83960
130.46, 83960
130.461, 83960
130.462, 83960
130.463, 83960
130.465, 83960
130.466, 83960
130.467, 83960
130.468, 83960
130.469, 83960
130.47, 83960
130.472, 83960
130.473, 83960
130.474, 83960
130.475, 83960
130.477, 83960
130.478, 83960
130.479, 83960
130.481, 83960
130.482, 83960
130.483, 83960
130.484, 83960
130.486, 83960
130.487, 83960
130.488, 83960
130.489, 83960
130.49, 83960
130.491, 83960
130.493, 83960
130.494, 83960
130.495, 83960
130.496, 83960
130.497, 83960
130.498, 83960
130.5, 83960
130.501, 83960
130.502, 83960
130.503, 83960
130.504, 83960
130.506, 83960
130.507, 83960
130.508, 83960
130.509, 83960
130.51, 83960
130.512, 83960
130.513, 83960
130.514, 83960
130.515, 83960
130.517, 83960
130.518, 83960
130.519, 83960
130.52, 83960
130.521, 83960
130.522, 83960
130.524, 83960
130.526, 83960
130.527, 83960
130.528, 83960
130.53, 83960
130.531, 83960
130.532, 83960
130.533, 83960
130.535, 83960
130.536, 83960
130.537, 83960
130.538, 83960
130.539, 83960
130.541, 83960
130.542, 83960
130.543, 83744
130.544, 83744
130.546, 83744
130.547, 83744
130.548, 83744
130.549, 83744
130.551, 83744
130.552, 83960
130.553, 83960
130.555, 83960
130.556, 83960
130.558, 83960
130.559, 83960
130.56, 83744
130.562, 83744
130.563, 83744
130.564, 83744
130.566, 83744
130.567, 83744
130.568, 83744
130.569, 83744
130.57, 83744
130.572, 83744
130.573, 83744
130.574, 83744
130.575, 83744
130.577, 83744
130.578, 83744
130.579, 83744
130.58, 83744
130.581, 83744
130.582, 83744
130.584, 83744
130.585, 83744
130.586, 83744
130.588, 83744
130.589, 83744
130.59, 83744
130.591, 83744
130.593, 83744
130.594, 83744
130.595, 83744
130.596, 83744
130.597, 83744
130.598, 83744
130.6, 83744
130.601, 83744
130.602, 83744
130.603, 83744
130.605, 83744
130.606, 83744
130.607, 83744
130.608, 83744
130.61, 83744
130.611, 83960
130.612, 83960
130.614, 83960
130.615, 83960
130.616, 83960
130.618, 83960
130.62, 83960
130.621, 83960
130.622, 83960
130.623, 83960
130.624, 83960
130.626, 83960
130.627, 83960
130.628, 83744
130.629, 83744
130.631, 83744
130.632, 83744
130.633, 83744
130.634, 83744
130.636, 83744
130.637, 83744
130.638, 83744
130.639, 83744
130.64, 83744
130.642, 83744
130.643, 83744
130.644, 83744
130.645, 83744
130.646, 83744
130.648, 83744
130.649, 83744
130.65, 83744
130.651, 83744
130.652, 83744
130.653, 83528
130.655, 83528
130.656, 83528
130.657, 83528
130.658, 83528
130.66, 83528
130.661, 83528
130.662, 83312
130.663, 83312
130.664, 83312
130.666, 83312
130.667, 83312
130.669, 83312
130.67, 83312
130.671, 83312
130.673, 83312
130.674, 83312
130.676, 83312
130.677, 83312
130.678, 83312
130.679, 83528
130.681, 83528
130.682, 83528
130.683, 83528
130.684, 83528
130.685, 83528
130.687, 83528
130.688, 83528
130.689, 83528
130.69, 83528
130.691, 83528
130.692, 83528
130.693, 83528
130.695, 83528
130.696, 83528
130.697, 83528
130.698, 83528
130.699, 83528
130.701, 83528
130.702, 83528
130.703, 83528
130.704, 83744
130.706, 83744
130.707, 83744
130.708, 83744
130.709, 83744
130.71, 83744
130.712, 83744
130.713, 83744
130.714, 83744
130.715, 83744
130.716, 83744
130.717, 83744
130.718, 83744
130.72, 83744
130.721, 83744
130.722, 83744
130.723, 83744
130.724, 83744
130.725, 83744
130.726, 83744
130.728, 83744
130.729, 83744
130.73, 83744
130.731, 83744
130.732, 83744
130.734, 83744
130.735, 83744
130.737, 83744
130.738, 83744
130.739, 83744
130.74, 83744
130.741, 83744
130.742, 83744
130.743, 83744
130.745, 83744
130.746, 83744
130.747, 83744
130.748, 83528
130.749, 83528
130.751, 83528
130.752, 83528
130.754, 83528
130.755, 83528
130.757, 83528
130.758, 83528
130.759, 83528
130.761, 83528
130.762, 83528
130.763, 83528
130.765, 83528
130.766, 83528
130.767, 83528
130.768, 83528
130.769, 83528
130.771, 83528
130.772, 83528
130.773, 83744
130.774, 83744
130.775, 83744
130.776, 83744
130.777, 83744
130.779, 83744
130.78, 83744
130.781, 83744
130.782, 83528
130.783, 83528
130.785, 83528
130.786, 83528
130.787, 83528
130.789, 83528
130.79, 83528
130.791, 83528
130.792, 83528
130.793, 83528
130.795, 83528
130.796, 83528
130.797, 83528
130.798, 83528
130.799, 83528
130.808, 83528
130.81, 83528
130.811, 83528
130.812, 83528
130.814, 83528
130.815, 83528
130.816, 83312
130.817, 83312
130.819, 83312
130.82, 83312
130.822, 83312
130.823, 83312
130.824, 83096
130.825, 83096
130.827, 83096
130.828, 83096
130.829, 83096
130.83, 83096
130.831, 83096
130.832, 83096
130.834, 82880
130.835, 82880
130.836, 82880
130.838, 82880
130.839, 82880
130.841, 82880
130.842, 83096
130.843, 83096
130.845, 83096
130.846, 83096
130.847, 83096
130.848, 83096
130.85, 83096
130.851, 83096
130.852, 83096
130.853, 83096
130.854, 83096
130.856, 83096
130.857, 83096
130.859, 83312
130.86, 83312
130.861, 83312
130.862, 83312
130.864, 83312
130.865, 83312
130.866, 83312
130.867, 83312
130.869, 83312
130.87, 83312
130.871, 83312
130.872, 83312
130.874, 83312
130.875, 83312
130.876, 83312
130.877, 83312
130.878, 83312
130.882, 83312
130.883, 83312
130.886, 83096
130.891, 83096
130.893, 83312
130.894, 83312
130.895, 83312
130.896, 83312
130.897, 83312
130.899, 83312
130.9, 83312
130.901, 83312
130.902, 83312
130.904, 83312
130.905, 83312
130.906, 83312
130.907, 83312
130.908, 83312
130.91, 83096
130.911, 83096
130.912, 83096
130.913, 83096
130.915, 83096
130.916, 83096
130.917, 83096
130.918, 83528
130.919, 83528
130.92, 83528
130.921, 83528
130.923, 83528
130.924, 83528
130.925, 83528
130.927, 84392
130.928, 84392
130.929, 84392
130.93, 84392
130.932, 84392
130.933, 84392
130.934, 84392
130.936, 83744
130.937, 83744
130.938, 83744
130.94, 83744
130.942, 83744
130.943, 83744
130.944, 84176
130.945, 84176
130.946, 84176
130.948, 84176
130.949, 84176
130.951, 84176
130.953, 84176
130.954, 84176
130.955, 84176
130.956, 84176
130.958, 84176
130.959, 84176
130.96, 84176
130.962, 84824
130.963, 84824
130.964, 84824
130.966, 84824
130.967, 84824
130.97, 85256
130.972, 85256
130.973, 85256
130.975, 85256
130.976, 85256
130.978, 85040
130.979, 85040
130.981, 85040
130.982, 85040
130.984, 85040
130.986, 85040
130.987, 84608
130.988, 84608
130.99, 84608
130.991, 84608
130.993, 84608
130.994, 84608
130.995, 84392
130.997, 84392
130.998, 84392
130.999, 84392
131.001, 84392
131.002, 84392
131.003, 84392
131.005, 84392
131.006, 84392
131.008, 84392
131.009, 84392
131.01, 84392
131.012, 84392
131.013, 84392
131.015, 84392
131.016, 84392
131.018, 84392
131.02, 84392
131.021, 84392
131.022, 84392
131.024, 84392
131.025, 84392
131.027, 84392
131.029, 84608
131.03, 84608
131.032, 84608
131.033, 84608
131.035, 84608
131.036, 84608
131.038, 84608
131.039, 84608
131.041, 84608
131.042, 84608
131.044, 84608
131.045, 84608
131.046, 84608
131.048, 84608
131.049, 84608
131.051, 84608
131.052, 84608
131.054, 84608
131.055, 84608
131.057, 84608
131.058, 84608
131.06, 84608
131.061, 84608
131.062, 84608
131.063, 84608
131.065, 84608
131.066, 84608
131.067, 84608
131.068, 84608
131.069, 84608
131.071, 84608
131.072, 84608
131.073, 84608
131.074, 84608
131.075, 84608
131.076, 84608
131.077, 84608
131.079, 84608
131.08, 84608
131.081, 84608
131.082, 84608
131.084, 84608
131.085, 84608
131.086, 84608
131.087, 84608
131.089, 84608
131.09, 84608
131.091, 84608
131.092, 84608
131.093, 84608
131.094, 84608
131.096, 84608
131.097, 84608
131.098, 84608
131.099, 84608
131.101, 84608
131.102, 84608
131.103, 84608
131.104, 84608
131.105, 84608
131.106, 84608
131.107, 84608
131.109, 84608
131.11, 84608
131.111, 84608
131.112, 84608
131.113, 84608
131.115, 84608
131.116, 84608
131.117, 84608
131.118, 84608
131.119, 84608
131.12, 84608
131.121, 84608
131.123, 84608
131.124, 84608
131.125, 84608
131.126, 84608
131.127, 84608
131.128, 84608
131.129, 84608
131.13, 84608
131.132, 84608
131.133, 84608
131.134, 84608
131.135, 84608
131.136, 84608
131.137, 84608
131.138, 84608
131.139, 84608
131.14, 84608
131.142, 84608
131.143, 84608
131.144, 84608
131.145, 84608
131.146, 84608
131.147, 84608
131.148, 84392
131.149, 84392
131.15, 84392
131.152, 84392
131.153, 84392
131.154, 84392
131.155, 84392
131.156, 84392
131.157, 84608
131.158, 84608
131.159, 84608
131.16, 84608
131.162, 84608
131.163, 84608
131.164, 84608
131.165, 84608
131.166, 84608
131.167, 84608
131.168, 84608
131.169, 84608
131.171, 84608
131.172, 84608
131.173, 84608
131.174, 84608
131.175, 84608
131.176, 84608
131.177, 84608
131.178, 84608
131.179, 84608
131.181, 84608
131.182, 84608
131.183, 84608
131.184, 84608
131.185, 84608
131.186, 84608
131.187, 84608
131.188, 84608
131.189, 84608
131.191, 84608
131.192, 84608
131.193, 84608
131.194, 84608
131.195, 84608
131.196, 84608
131.197, 84608
131.198, 84608
131.2, 84608
131.201, 84608
131.202, 84608
131.203, 84608
131.204, 84608
131.205, 84608
131.206, 84608
131.207, 84608
131.208, 84824
131.21, 84824
131.211, 84824
131.212, 84824
131.213, 84824
131.214, 84824
131.215, 84824
131.216, 84824
131.217, 84824
131.219, 84824
131.22, 84824
131.221, 84824
131.222, 84824
131.223, 84824
131.224, 84824
131.225, 84824
131.226, 84824
131.227, 84824
131.229, 84824
131.23, 84824
131.231, 84824
131.232, 84824
131.233, 84824
131.234, 84824
131.235, 84824
131.236, 84824
131.237, 84824
131.239, 84824
131.24, 84824
131.241, 84824
131.242, 84824
131.243, 85040
131.244, 85040
131.245, 85040
131.246, 85040
131.247, 85040
131.249, 85040
131.25, 85040
131.251, 84824
131.252, 84824
131.253, 84824
131.254, 84824
131.255, 84824
131.256, 84824
131.257, 84824
131.259, 84824
131.26, 85040
131.261, 85040
131.262, 85040
131.263, 85040
131.264, 85040
131.265, 85040
131.266, 85040
131.267, 85040
131.269, 84824
131.27, 84824
131.271, 84824
131.272, 84824
131.273, 84824
131.274, 84824
131.275, 84824
131.276, 84824
131.277, 84824
131.279, 84824
131.28, 84824
131.281, 84824
131.282, 84824
131.283, 84824
131.284, 84824
131.285, 84608
131.286, 84608
131.287, 84608
131.289, 84608
131.29, 84608
131.291, 84608
131.292, 84608
131.293, 84392
131.295, 84392
131.296, 84392
131.297, 84392
131.298, 84392
131.3, 84392
131.302, 84392
131.303, 84176
131.308, 84176
131.311, 84608
131.313, 84608
131.314, 84608
131.315, 84608
131.317, 84608
131.318, 84608
131.319, 84824
131.32, 84824
131.321, 84824
131.323, 84824
131.324, 84824
131.325, 84824
131.326, 84824
131.327, 84824
131.33, 84824
131.335, 84824
131.337, 84824
131.338, 84824
131.339, 84824
131.341, 84824
131.342, 84824
131.343, 84824
131.344, 84824
131.345, 84824
131.346, 84824
131.347, 84824
131.349, 84824
131.35, 84824
131.351, 84824
131.352, 84824
131.353, 84824
131.354, 84824
131.355, 84824
131.357, 84824
131.358, 84824
131.359, 84824
131.36, 84824
131.361, 84824
131.362, 84824
131.363, 84824
131.365, 84824
131.366, 84824
131.367, 84824
131.369, 84824
131.37, 84824
131.371, 84608
131.372, 84608
131.373, 84608
131.375, 84608
131.376, 84608
131.377, 84608
131.378, 84608
131.379, 84824
131.38, 84824
131.382, 84824
131.383, 84824
131.385, 84824
131.39, 84608
131.393, 84608
131.396, 84608
131.397, 84608
131.398, 84608
131.399, 84608
131.401, 84608
131.402, 84608
131.403, 84608
131.404, 84608
131.405, 84392
131.406, 84392
131.407, 84392
131.409, 84392
131.41, 84392
131.414, 84176
131.416, 84176
131.417, 84176
131.418, 84176
131.419, 84176
131.42, 84176
131.421, 84176
131.423, 84176
131.424, 84176
131.425, 84176
131.426, 84176
131.427, 84176
131.437, 83960
131.439, 84176
131.44, 84176
131.441, 84176
131.443, 84176
131.444, 84176
131.445, 84176
131.446, 84176
131.447, 84608
131.448, 84608
131.45, 84608
131.451, 84608
131.452, 84608
131.453, 84608
131.454, 84608
131.455, 84608
131.456, 84608
131.458, 84608
131.46, 84608
131.461, 84608
131.463, 84608
131.464, 84392
131.466, 84392
131.467, 84392
131.468, 84392
131.47, 84392
131.471, 84392
131.472, 84392
131.473, 84608
131.474, 84608
131.475, 84608
131.477, 84608
131.478, 84608
131.479, 84608
131.48, 84608
131.481, 84608
131.483, 84608
131.484, 84608
131.485, 84608
131.486, 84608
131.487, 84608
131.489, 84608
131.49, 84608
131.491, 84608
131.493, 84608
131.494, 84608
131.495, 84608
131.497, 84608
131.498, 84608
131.499, 84824
131.5, 84824
131.502, 84824
131.503, 84824
131.504, 84824
131.505, 84824
131.506, 84824
131.508, 84824
131.509, 84824
131.51, 84824
131.512, 84824
131.513, 84824
131.514, 84824
131.515, 84824
131.517, 84824
131.518, 84824
131.519, 84824
131.52, 84824
131.522, 84824
131.523, 84824
131.524, 84824
131.525, 84824
131.526, 84824
131.527, 84824
131.529, 84824
131.53, 84824
131.531, 84824
131.532, 84608
131.534, 84608
131.535, 84608
131.536, 84608
131.537, 84608
131.538, 84608
131.54, 84608
131.541, 84608
131.542, 84608
131.543, 84608
131.544, 84608
131.545, 84608
131.547, 84608
131.548, 84608
131.549, 84608
131.55, 84608
131.552, 84608
131.553, 84608
131.554, 84608
131.555, 84608
131.557, 84608
131.558, 84608
131.559, 84608
131.56, 84608
131.561, 84608
131.562, 84608
131.564, 84608
131.565, 84608
131.566, 84608
131.567, 84608
131.569, 84608
131.57, 84608
131.571, 84608
131.573, 84608
131.574, 84608
131.575, 84608
131.576, 84608
131.577, 84608
131.579, 84608
131.58, 84608
131.581, 84608
131.582, 84608
131.583, 84608
131.585, 84608
131.586, 84608
131.587, 84608
131.588, 84608
131.59, 84608
131.591, 84608
131.592, 84608
131.593, 84608
131.594, 84608
131.596, 84608
131.597, 84608
131.598, 84608
131.599, 84608
131.601, 84608
131.602, 84608
131.603, 84608
131.604, 84608
131.605, 84608
131.607, 84608
131.608, 84608
131.609, 84824
131.61, 84824
131.612, 84824
131.613, 84824
131.614, 84824
131.615, 84824
131.617, 84824
131.618, 84824
131.619, 84824
131.62, 84824
131.622, 84824
131.623, 84824
131.625, 84824
131.626, 84824
131.627, 84608
131.628, 84608
131.63, 84608
131.631, 84608
131.632, 84608
131.633, 84608
131.635, 84824
131.636, 84824
131.637, 84824
131.639, 84824
131.64, 84824
131.641, 84824
131.642, 84824
131.643, 84824
131.645, 84824
131.646, 84824
131.647, 84824
131.648, 84824
131.649, 84824
131.651, 84824
131.652, 84824
131.653, 84824
131.654, 84824
131.655, 84824
131.657, 84824
131.658, 84824
131.659, 84824
131.66, 84824
131.661, 84824
131.663, 84824
131.664, 84824
131.665, 84824
131.666, 84824
131.668, 84824
131.669, 84824
131.67, 84824
131.671, 84824
131.672, 84824
131.674, 84824
131.675, 84824
131.676, 84824
131.677, 84824
131.678, 84824
131.68, 84824
131.681, 84824
131.682, 84824
131.683, 84824
131.684, 84824
131.686, 84824
131.687, 84824
131.688, 84824
131.69, 84824
131.691, 84824
131.692, 84824
131.694, 84824
131.695, 84824
131.696, 84824
131.697, 84824
131.698, 84824
131.7, 84824
131.701, 84824
131.702, 84824
131.703, 84824
131.704, 84824
131.705, 84824
131.707, 84824
131.708, 84824
131.709, 84824
131.71, 84824
131.711, 84824
131.713, 84824
131.714, 84824
131.715, 84824
131.716, 84824
131.717, 84824
131.719, 84824
131.72, 84824
131.721, 84824
131.722, 84824
131.723, 84824
131.724, 84824
131.726, 84824
131.727, 84824
131.728, 84824
131.73, 84824
131.731, 84824
131.732, 84824
131.733, 84824
131.735, 84824
131.736, 84824
131.737, 84824
131.738, 84824
131.739, 84824
131.741, 84824
131.742, 84824
131.743, 84824
131.744, 84824
131.746, 84824
131.747, 84824
131.748, 84824
131.749, 84824
131.752, 84824
131.758, 84824
131.759, 84824
131.761, 84824
131.762, 84824
131.763, 84608
131.765, 84608
131.767, 84608
131.769, 84608
131.77, 84608
131.772, 84176
131.774, 84176
131.776, 84176
131.778, 84176
131.78, 84176
131.782, 84176
131.784, 84176
131.786, 84176
131.788, 84176
131.789, 83960
131.791, 83960
131.792, 83960
131.794, 83960
131.796, 83960
131.798, 83960
131.8, 83960
131.801, 83960
131.803, 83960
131.805, 84176
131.808, 84176
131.811, 83960
131.82, 83960
131.821, 83960
131.822, 83960
131.824, 83960
131.825, 83960
131.827, 83960
131.828, 83960
131.831, 83744
131.834, 83744
131.84, 83528
131.849, 83528
131.851, 83528
131.853, 83528
131.855, 83528
131.866, 83960
131.868, 83960
131.87, 83960
131.874, 83960
131.881, 83960
131.883, 84176
131.884, 84176
131.888, 84176
131.891, 83960
131.893, 83960
131.894, 83960
131.895, 83960
131.897, 83960
131.898, 83960
131.9, 83960
131.901, 83960
131.902, 83960
131.904, 83960
131.906, 83960
131.91, 83960
131.915, 83960
131.919, 83960
131.921, 83960
131.923, 83960
131.924, 83960
131.926, 83960
131.927, 83960
131.928, 83960
131.93, 83960
131.931, 83960
131.932, 83960
131.934, 83744
131.936, 83744
131.938, 83744
131.939, 83744
131.941, 83744
131.954, 83528
131.963, 83312
131.965, 83312
131.979, 83528
131.982, 83528
131.984, 83528
131.987, 83528
131.989, 83528
131.991, 83528
131.992, 83528
131.993, 83312
131.995, 83312
131.996, 83312
131.997, 83312
131.999, 83312
132.001, 83312
132.003, 83744
132.005, 83744
132.006, 83744
132.008, 83744
132.01, 83744
132.011, 83744
132.013, 83744
132.014, 83744
132.016, 83744
132.017, 83744
132.019, 83744
132.02, 83744
132.025, 83744
132.029, 83744
132.031, 83744
132.032, 83744
132.034, 83744
132.035, 83744
132.037, 83528
132.038, 83528
132.054, 83312
132.059, 83312
132.062, 83312
132.065, 83312
132.069, 83312
132.077, 83312
132.078, 83312
132.08, 83312
132.081, 83312
132.082, 83312
132.084, 83312
132.085, 83312
132.087, 83312
132.089, 83312
132.09, 83312
132.092, 83312
132.093, 83312
132.094, 83312
132.096, 83312
132.097, 83312
132.098, 83312
132.1, 83312
132.101, 83312
132.102, 83312
132.103, 83312
132.105, 83096
132.106, 83096
132.107, 83096
132.108, 83096
132.11, 83096
132.111, 83096
132.112, 83096
132.114, 83096
132.115, 83096
132.116, 83096
132.117, 83096
132.119, 83096
132.12, 83096
132.121, 83312
132.122, 83312
132.124, 83312
132.125, 83312
132.126, 83312
132.127, 83312
132.129, 83312
132.13, 83312
132.131, 83312
132.132, 83312
132.133, 83312
132.134, 83312
132.136, 83312
132.137, 83312
132.138, 83312
132.14, 83312
132.141, 83312
132.142, 83312
132.144, 83312
132.152, 83096
132.154, 83096
132.155, 82880
132.157, 82880
132.158, 82880
132.16, 82880
132.162, 82880
132.163, 82880
132.164, 82664
132.165, 82664
132.167, 82664
132.176, 82880
132.178, 82880
132.18, 82880
132.181, 83096
132.182, 83096
132.183, 83096
132.184, 83096
132.186, 83096
132.187, 83096
132.188, 83096
132.189, 83096
132.19, 83096
132.192, 83096
132.196, 83096
132.206, 83528
132.208, 83528
132.209, 83528
132.21, 83528
132.212, 83528
132.216, 83528
132.219, 83528
132.221, 83528
132.222, 83528
132.223, 83528
132.224, 83744
132.225, 83744
132.227, 83744
132.228, 83744
132.229, 83744
132.23, 83744
132.231, 83744
132.234, 83528
132.236, 83528
132.238, 83528
132.241, 83960
132.243, 83960
132.248, 83960
132.249, 83960
132.251, 83960
132.252, 83960
132.254, 83960
132.255, 83960
132.257, 83960
132.258, 83960
132.26, 83960
132.261, 83960
132.263, 83960
132.264, 83960
132.265, 83960
132.267, 84176
132.268, 84176
132.269, 84176
132.27, 84176
132.271, 84176
132.273, 84176
132.274, 84176
132.275, 83960
132.277, 83960
132.278, 83960
132.279, 83960
132.281, 83960
132.282, 83960
132.283, 83744
132.285, 83744
132.286, 83744
132.287, 83744
132.289, 83744
132.29, 83744
132.291, 83744
132.293, 84392
132.294, 84392
132.295, 84392
132.296, 84392
132.298, 84392
132.299, 84392
132.301, 84608
132.302, 84608
132.303, 84608
132.305, 84608
132.306, 84608
132.307, 84608
132.308, 84608
132.31, 84608
132.311, 84608
132.312, 84608
132.314, 84608
132.315, 84608
132.316, 84608
132.318, 84608
132.319, 84608
132.32, 84608
132.322, 84608
132.323, 84608
132.324, 84608
132.326, 84608
132.327, 84824
132.328, 84824
132.33, 84824
132.331, 84824
132.333, 84824
132.335, 84392
132.338, 84392
132.341, 84392
132.344, 84392
132.347, 84392
132.349, 84392
132.35, 84392
132.351, 84176
132.353, 84176
132.354, 84176
132.355, 84176
132.356, 84176
132.358, 84176
132.359, 84176
132.36, 84176
132.362, 84176
132.363, 84176
132.365, 84176
132.367, 84176
132.368, 83960
132.37, 83960
132.372, 83960
132.373, 83960
132.374, 83960
132.375, 83960
132.376, 83960
132.378, 83744
132.379, 83744
132.38, 83744
132.381, 83744
132.383, 83744
132.384, 83744
132.386, 83744
132.388, 83744
132.389, 83744
132.392, 83744
132.395, 83528
132.397, 83528
132.401, 83528
132.403, 83528
132.404, 83528
132.406, 83528
132.41, 83528
132.411, 83312
132.413, 83312
132.414, 83312
132.416, 83312
132.417, 83312
132.418, 83312
132.42, 83312
132.421, 83312
132.422, 83312
132.423, 83312
132.425, 83312
132.426, 83312
132.428, 83312
132.43, 83312
132.432, 83312
132.434, 83312
132.439, 83312
132.44, 83312
132.441, 83312
132.443, 83312
132.446, 83312
132.45, 83312
132.453, 83312
132.454, 83528
132.457, 83528
132.464, 83528
132.469, 83528
132.475, 83096
132.478, 83096
132.485, 83096
132.491, 83528
132.501, 83528
132.504, 83528
132.508, 83528
132.51, 83528
132.512, 83528
132.517, 83528
132.522, 83528
132.524, 83528
132.528, 83528
132.533, 83528
132.536, 83528
132.538, 83528
132.546, 83528
132.548, 83528
132.549, 83744
132.56, 83528
132.562, 83528
132.568, 83744
132.571, 83744
132.583, 83744
132.585, 83744
132.587, 83744
132.59, 83744
132.594, 83744
132.596, 83744
132.597, 83744
132.598, 83744
132.599, 83744
132.603, 83744
132.61, 83744
132.624, 83960
132.627, 83960
132.63, 83960
132.633, 83744
132.636, 83744
132.638, 83744
132.639, 83744
132.641, 83744
132.647, 83528
132.655, 83744
132.658, 83744
132.661, 83744
132.663, 83744
132.664, 83744
132.666, 83744
132.668, 83744
132.67, 83744
132.684, 83744
132.687, 83744
132.69, 83744
132.693, 83528
132.695, 83528
132.696, 83528
132.698, 83528
132.7, 83528
132.701, 83744
132.703, 83744
132.704, 83744
132.707, 83744
132.708, 83744
132.711, 83744
132.712, 83744
132.714, 83744
132.716, 83744
132.719, 83744
132.723, 83744
132.727, 83744
132.729, 83744
132.73, 83744
132.731, 83744
132.733, 83744
132.735, 83744
132.737, 83744
132.739, 83744
132.741, 83744
132.743, 83744
132.745, 83528
132.746, 83528
132.748, 83528
132.75, 83528
132.751, 83528
132.753, 83744
132.754, 83744
132.756, 83744
132.757, 83744
132.759, 83744
132.76, 83744
132.762, 83960
132.763, 83960
132.765, 83960
132.766, 83960
132.768, 83960
132.769, 84176
132.771, 84176
132.772, 84176
132.774, 84176
132.775, 84176
132.777, 84176
132.779, 84176
132.78, 84176
132.782, 84176
132.783, 84176
132.785, 84176
132.787, 84392
132.788, 84392
132.79, 84392
132.791, 84392
132.793, 84392
132.794, 84392
132.796, 84392
132.797, 84392
132.799, 84392
132.8, 84392
132.802, 84392
132.803, 84392
132.805, 84392
132.806, 84392
132.808, 84392
132.809, 84392
132.811, 84392
132.813, 84608
132.814, 84608
132.816, 84608
132.817, 84608
132.819, 84608
132.82, 84608
132.821, 84392
132.822, 84392
132.824, 84392
132.825, 84392
132.826, 84392
132.828, 84392
132.829, 84392
132.83, 84608
132.832, 84608
132.833, 84608
132.835, 84608
132.836, 84608
132.838, 84608
132.839, 84608
132.841, 84608
132.843, 84608
132.844, 84608
132.853, 84608
132.854, 84608
132.856, 84176
132.858, 84176
132.861, 84392
132.868, 84392
132.873, 83960
132.876, 83960
132.88, 83960
132.882, 84176
132.884, 84176
132.885, 84176
132.886, 84176
132.888, 84176
132.903, 83744
132.905, 83744
132.909, 83744
132.914, 83744
132.916, 83744
132.92, 83744
132.936, 83744
132.942, 83744
132.944, 83744
132.945, 83744
132.947, 83744
132.951, 83744
132.958, 83528
132.96, 83528
132.962, 83528
132.964, 83528
132.967, 83744
132.971, 83744
132.98, 83528
132.986, 83528
132.989, 83528
132.991, 83528
132.993, 83528
132.995, 83528
133.006, 83528
133.009, 83528
133.01, 83528
133.012, 83528
133.014, 83528
133.016, 83528
133.02, 83528
133.023, 83528
133.034, 83744
133.036, 83744
133.037, 83744
133.038, 83744
133.043, 83528
133.053, 83312
133.055, 83312
133.058, 83312
133.06, 83528
133.061, 83528
133.067, 83528
133.069, 83744
133.071, 83744
133.073, 83744
133.077, 83528
133.078, 83528
133.08, 83528
133.081, 83528
133.084, 83312
133.087, 83312
133.088, 83312
133.09, 83312
133.091, 83312
133.092, 83312
133.094, 83312
133.095, 83312
133.096, 83312
133.098, 83096
133.113, 83312
133.115, 83312
133.116, 83312
133.117, 83312
133.119, 83312
133.12, 83312
133.121, 83312
133.122, 83312
133.123, 83312
133.125, 83312
133.126, 83312
133.127, 83312
133.132, 83312
133.14, 83312
133.151, 83528
133.156, 83528
133.165, 83528
133.172, 83528
133.174, 83528
133.176, 83528
133.177, 83528
133.18, 83744
133.185, 83744
133.186, 83744
133.188, 83744
133.189, 83312
133.197, 83312
133.208, 83312
133.211, 83312
133.212, 83312
133.213, 83528
133.215, 83528
133.218, 83312
133.227, 83312
133.228, 83312
133.23, 83312
133.239, 83312
133.244, 83312
133.258, 83312
133.262, 83312
133.265, 83528
133.275, 83744
133.277, 83744
133.278, 83744
133.28, 83744
133.281, 83744
133.285, 83744
133.286, 83744
133.288, 83744
133.29, 83744
133.292, 83744
133.297, 83528
133.302, 83528
133.306, 83528
133.307, 83528
133.315, 83528
133.32, 83744
133.322, 83744
133.323, 83744
133.326, 84176
133.327, 84176
133.328, 84176
133.332, 84176
133.338, 84392
133.339, 84392
133.341, 84392
133.342, 84824
133.346, 84824
133.348, 84824
133.349, 84824
133.356, 85040
133.358, 84824
133.36, 84824
133.361, 84824
133.371, 84824
133.374, 84824
133.376, 84824
133.377, 84824
133.386, 84824
133.387, 84824
133.389, 84824
133.39, 84824
133.391, 84824
133.392, 84824
133.394, 84824
133.395, 84824
133.396, 84824
133.398, 84824
133.399, 84824
133.4, 84824
133.401, 84824
133.402, 84824
133.404, 84824
133.405, 84824
133.406, 84824
133.407, 84824
133.408, 84824
133.409, 84824
133.411, 84824
133.412, 84824
133.414, 84824
133.415, 84824
133.416, 84824
133.417, 84824
133.419, 84824
133.42, 84824
133.421, 84824
133.422, 84824
133.423, 84824
133.425, 84824
133.426, 84824
133.427, 84608
133.428, 84608
133.43, 84608
133.431, 84608
133.432, 84608
133.433, 84608
133.434, 84608
133.436, 84608
133.437, 84608
133.438, 84608
133.44, 84608
133.441, 84608
133.442, 84608
133.443, 84608
133.445, 84608
133.446, 84608
133.447, 84608
133.449, 84608
133.45, 84608
133.451, 84608
133.453, 84608
133.454, 84608
133.455, 84608
133.456, 84608
133.457, 84608
133.458, 84608
133.46, 84608
133.461, 84608
133.462, 84608
133.463, 84608
133.465, 84608
133.466, 84608
133.467, 84608
133.468, 84608
133.469, 84608
133.47, 84608
133.472, 84608
133.473, 84608
133.474, 84608
133.475, 84608
133.476, 84608
133.478, 84608
133.479, 84608
133.481, 84608
133.482, 84608
133.483, 84608
133.484, 84608
133.485, 84608
133.487, 84608
133.488, 84608
133.489, 84608
133.49, 84608
133.492, 84608
133.493, 84608
133.494, 84608
133.495, 84608
133.497, 84608
133.498, 84608
133.499, 84608
133.5, 84608
133.502, 84608
133.503, 84608
133.504, 84608
133.505, 84608
133.507, 84608
133.508, 84608
133.509, 84608
133.51, 84608
133.512, 84608
133.513, 84824
133.514, 84824
133.516, 84824
133.517, 84824
133.519, 84824
133.52, 84824
133.522, 84824
133.523, 84824
133.525, 84824
133.526, 84824
133.528, 84824
133.529, 84824
133.531, 84824
133.532, 84824
133.534, 84824
133.535, 84824
133.537, 84824
133.538, 84824
133.539, 84824
133.541, 84824
133.542, 84824
133.543, 84824
133.544, 84824
133.545, 84824
133.547, 84608
133.548, 84608
133.549, 84608
133.55, 84608
133.551, 84608
133.553, 84608
133.554, 84608
133.555, 84608
133.557, 84608
133.558, 84608
133.559, 84608
133.561, 84608
133.563, 84608
133.564, 84608
133.566, 84608
133.567, 84608
133.569, 84608
133.57, 84608
133.572, 84608
133.573, 84608
133.574, 84608
133.576, 84608
133.577, 84608
133.579, 84608
133.58, 84608
133.581, 84608
133.582, 84608
133.584, 84608
133.585, 84608
133.586, 84608
133.587, 84608
133.588, 84608
133.59, 84608
133.591, 84608
133.592, 84608
133.593, 84608
133.594, 84608
133.595, 84608
133.597, 84608
133.598, 84608
133.6, 84608
133.601, 84608
133.602, 84608
133.604, 84608
133.605, 84608
133.607, 84608
133.608, 84608
133.61, 84608
133.611, 84608
133.612, 84608
133.614, 84608
133.615, 84608
133.616, 84608
133.618, 84608
133.619, 84608
133.621, 84608
133.622, 84608
133.624, 84608
133.625, 84608
133.627, 84608
133.628, 84608
133.63, 84608
133.632, 84608
133.633, 84608
133.635, 84608
133.637, 84608
133.638, 84608
133.64, 84608
133.641, 84608
133.643, 84608
133.644, 84608
133.645, 84608
133.647, 84608
133.648, 84608
133.649, 84608
133.651, 84608
133.652, 84608
133.654, 84608
133.655, 84608
133.657, 84608
133.658, 84608
133.659, 84608
133.661, 84608
133.662, 84608
133.664, 84608
133.665, 84608
133.667, 84608
133.668, 84608
133.669, 84608
133.671, 84608
133.672, 84608
133.673, 84608
133.675, 84608
133.676, 84608
133.678, 84608
133.679, 84608
133.68, 84608
133.682, 84608
133.683, 84608
133.685, 84608
133.686, 84608
133.688, 84608
133.69, 84608
133.691, 84608
133.692, 84608
133.694, 84608
133.695, 84608
133.697, 84608
133.698, 84608
133.7, 84608
133.701, 84608
133.702, 84608
133.704, 84608
133.705, 84608
133.706, 84608
133.708, 84608
133.709, 84608
133.71, 84608
133.712, 84608
133.713, 84608
133.714, 84608
133.716, 84608
133.717, 84608
133.718, 84608
133.72, 84608
133.721, 84608
133.722, 84608
133.723, 84608
133.725, 84608
133.726, 84608
133.728, 84608
133.731, 84608
133.733, 84608
133.734, 84608
133.735, 84608
133.737, 84608
133.738, 84608
133.74, 84608
133.742, 84608
133.746, 84392
133.748, 84392
133.749, 84392
133.75, 84392
133.752, 84392
133.753, 84392
133.754, 84392
133.756, 84392
133.757, 84392
133.758, 84392
133.76, 84392
133.761, 84392
133.763, 84392
133.764, 84392
133.766, 84392
133.767, 84392
133.769, 84176
133.77, 84176
133.772, 84176
133.774, 84176
133.776, 84176
133.777, 84176
133.778, 84176
133.779, 84176
133.78, 84176
133.781, 84176
133.783, 84176
133.784, 84176
133.785, 84176
133.786, 84392
133.787, 84392
133.788, 84392
133.789, 84392
133.791, 84392
133.792, 84392
133.793, 84392
133.794, 84392
133.795, 84392
133.796, 84392
133.798, 84392
133.799, 84392
133.8, 84392
133.801, 84392
133.806, 84392
133.807, 84392
133.809, 84392
133.81, 84392
133.811, 84608
133.812, 84608
133.814, 84608
133.815, 84608
133.816, 84608
133.817, 84608
133.818, 84608
133.82, 84608
133.822, 84608
133.829, 84608
133.831, 84608
133.832, 84608
133.838, 84608
133.839, 84608
133.84, 84608
133.841, 84608
133.842, 84608
133.844, 84608
133.845, 84608
133.846, 84608
133.847, 84608
133.848, 84608
133.849, 84608
133.851, 84608
133.856, 84824
133.857, 84824
133.858, 84824
133.859, 84824
133.861, 84824
133.862, 84824
133.863, 84824
133.864, 84824
133.865, 84824
133.866, 84824
133.867, 84824
133.869, 84824
133.871, 84824
133.872, 84824
133.873, 84824
133.875, 84824
133.876, 84824
133.877, 84824
133.879, 84824
133.88, 84824
133.881, 84824
133.883, 84824
133.884, 84824
133.885, 84824
133.887, 84824
133.888, 84608
133.889, 84608
133.89, 84608
133.891, 84608
133.892, 84608
133.893, 84608
133.895, 84608
133.896, 84608
133.897, 84176
133.898, 84176
133.9, 84176
133.902, 84176
133.903, 84176
133.905, 84392
133.906, 84392
133.908, 84392
133.909, 84392
133.91, 84392
133.911, 84392
133.913, 84392
133.914, 84608
133.915, 84608
133.916, 84608
133.917, 84608
133.918, 84608
133.919, 84608
133.921, 84608
133.922, 84824
133.923, 84824
133.924, 84824
133.925, 84824
133.926, 84824
133.928, 84824
133.929, 84824
133.93, 84824
133.931, 84824
133.932, 84824
133.934, 84824
133.935, 84824
133.936, 84824
133.938, 84824
133.939, 85040
133.94, 85040
133.941, 85040
133.943, 85040
133.945, 85040
133.946, 85040
133.948, 85040
133.949, 85040
133.95, 85040
133.952, 85040
133.953, 85040
133.954, 85040
133.956, 85040
133.957, 85040
133.958, 85040
133.96, 85040
133.961, 85040
133.962, 85040
133.964, 85040
133.965, 85040
133.966, 85040
133.968, 85040
133.969, 85040
133.97, 85040
133.972, 85040
133.973, 84824
133.975, 84824
133.976, 84824
133.977, 84824
133.978, 84824
133.98, 84824
133.982, 84824
133.983, 84824
133.985, 84824
133.986, 84824
133.987, 84824
133.989, 84824
133.99, 84608
133.991, 84608
133.993, 84608
133.994, 84608
133.995, 84608
133.997, 84608
133.998, 84608
133.999, 84824
134.001, 84824
134.002, 84824
134.004, 84824
134.006, 84824
134.007, 84824
134.009, 84824
134.01, 84824
134.012, 84824
134.013, 84824
134.015, 84824
134.016, 84608
134.018, 84608
134.019, 84608
134.021, 84608
134.022, 84608
134.023, 84608
134.025, 84608
134.026, 84608
134.027, 84608
134.029, 84608
134.03, 84608
134.031, 84608
134.033, 84608
134.034, 84608
134.035, 84608
134.037, 84608
134.038, 84608
134.04, 84608
134.041, 84608
134.043, 84608
134.044, 84608
134.046, 84608
134.047, 84608
134.048, 84608
134.05, 84608
134.051, 84608
134.052, 84608
134.054, 84608
134.055, 84608
134.057, 84608
134.058, 84608
134.059, 84608
134.06, 84608
134.062, 84608
134.063, 84608
134.07, 84608
134.071, 84608
134.073, 84608
134.074, 84608
134.075, 84608
134.076, 84392
134.077, 84392
134.078, 84392
134.08, 84392
134.081, 84392
134.082, 84392
134.084, 83960
134.085, 83960
134.086, 83960
134.087, 83960
134.088, 83960
134.09, 83960
134.091, 83960
134.092, 83960
134.093, 84176
134.094, 84176
134.096, 84176
134.097, 84176
134.098, 84176
134.099, 84176
134.101, 84176
134.102, 84392
134.103, 84392
134.104, 84392
134.105, 84392
134.106, 84392
134.108, 84392
134.109, 84392
134.11, 84392
134.112, 84392
134.113, 84392
134.115, 84392
134.116, 84392
134.118, 84392
134.119, 84392
134.121, 84392
134.122, 84392
134.124, 84392
134.125, 84392
134.127, 84392
134.128, 84392
134.129, 84392
134.13, 84392
134.132, 84392
134.133, 84392
134.134, 84392
134.136, 84608
134.137, 84608
134.138, 84608
134.14, 84608
134.141, 84608
134.142, 84608
134.144, 84608
134.145, 84608
134.146, 84608
134.148, 84608
134.149, 84608
134.15, 84608
134.152, 84608
134.153, 84608
134.154, 84608
134.155, 84608
134.157, 84608
134.158, 84608
134.159, 84608
134.161, 84608
134.162, 84608
134.163, 84608
134.165, 84608
134.166, 84608
134.168, 84608
134.169, 84824
134.171, 84824
134.172, 84824
134.174, 84824
134.175, 84824
134.176, 84824
134.178, 84824
134.179, 84824
134.181, 84824
134.182, 84824
134.184, 84824
134.185, 84824
134.187, 84824
134.189, 84824
134.191, 84824
134.193, 84824
134.194, 84824
134.196, 84824
134.197, 84824
134.198, 84824
134.2, 84824
134.201, 84824
134.202, 84824
134.204, 84608
134.205, 84608
134.206, 84608
134.208, 84608
134.21, 84608
134.211, 84608
134.212, 84608
134.214, 84608
134.215, 84608
134.217, 84608
134.218, 84608
134.219, 84608
134.221, 84824
134.222, 84824
134.223, 84824
134.225, 84824
134.226, 84824
134.228, 84824
134.229, 84824
134.23, 84824
134.232, 84824
134.233, 84824
134.234, 84824
134.236, 84824
134.237, 84824
134.239, 84824
134.24, 84824
134.242, 84824
134.243, 84824
134.245, 84824
134.246, 84608
134.248, 84608
134.249, 84608
134.251, 84608
134.252, 84608
134.254, 84608
134.256, 84608
134.257, 84608
134.259, 84608
134.26, 84608
134.262, 84608
134.263, 84608
134.265, 84608
134.266, 84608
134.267, 84608
134.269, 84608
134.27, 84608
134.272, 84608
134.273, 84608
134.274, 84608
134.278, 84608
134.279, 84608
134.281, 84608
134.282, 84608
134.283, 84608
134.285, 84608
134.29, 84608
134.292, 84608
134.294, 84608
134.295, 84608
134.296, 84608
134.298, 84608
134.306, 84608
134.308, 84608
134.309, 84608
134.311, 84608
134.312, 84608
134.314, 84608
134.315, 84608
134.316, 84608
134.318, 84608
134.319, 84608
134.32, 84608
134.322, 84608
134.323, 84392
134.324, 84392
134.326, 84392
134.327, 84392
134.328, 84392
134.329, 84392
134.331, 84392
134.332, 83960
134.333, 83960
134.335, 83960
134.336, 83960
134.337, 83960
134.338, 83960
134.34, 83960
134.341, 83960
134.35, 83960
134.351, 83960
134.353, 83960
134.354, 83960
134.355, 83960
134.356, 83960
134.357, 84176
134.358, 84176
134.36, 84176
134.361, 84176
134.362, 84176
134.363, 84176
134.364, 84176
134.365, 83960
134.366, 83960
134.368, 83960
134.369, 83960
134.378, 83960
134.379, 83960
134.381, 83960
134.382, 83960
134.383, 84176
134.384, 84176
134.385, 84176
134.386, 84176
134.387, 84176
134.389, 84176
134.39, 84176
134.391, 83960
134.392, 83960
134.393, 83960
134.394, 83960
134.396, 83960
134.397, 83960
134.398, 83960
134.399, 83960
134.4, 83960
134.401, 83960
134.402, 83960
134.404, 83960
134.405, 83960
134.406, 83960
134.407, 83960
134.408, 83960
134.409, 83960
134.411, 83960
134.412, 83960
134.413, 83960
134.414, 83960
134.415, 83960
134.417, 84392
134.418, 84392
134.419, 84392
134.42, 84392
134.421, 84392
134.422, 84392
134.423, 84392
134.425, 84392
134.426, 84176
134.427, 84176
134.429, 84176
134.43, 84176
134.432, 84176
134.433, 84176
134.434, 84608
134.436, 84608
134.437, 84608
134.438, 84608
134.439, 84608
134.441, 84608
134.442, 84608
134.443, 84824
134.444, 84824
134.445, 84824
134.446, 84824
134.447, 84824
134.449, 84824
134.45, 84824
134.451, 84392
134.452, 84392
134.453, 84392
134.454, 84392
134.456, 84392
134.457, 84392
134.458, 84392
134.46, 84608
134.461, 84608
134.462, 84608
134.463, 84608
134.464, 84608
134.465, 84608
134.467, 84608
134.468, 84608
134.469, 84608
134.47, 84608
134.471, 84608
134.472, 84608
134.474, 84608
134.475, 84608
134.477, 84608
134.478, 84608
134.479, 84608
134.481, 84608
134.482, 84608
134.483, 84608
134.485, 84608
134.486, 84824
134.487, 84824
134.488, 84824
134.489, 84824
134.491, 84824
134.492, 84824
134.493, 84824
134.494, 84824
134.495, 84824
134.496, 84824
134.497, 84824
134.499, 84824
134.5, 84824
134.501, 84824
134.502, 84608
134.503, 84608
134.505, 84608
134.506, 84608
134.507, 84608
134.509, 84608
134.51, 84608
134.511, 84824
134.513, 84824
134.514, 84824
134.515, 84824
134.516, 84824
134.517, 84824
134.519, 84824
134.52, 85040
134.521, 85040
134.522, 85040
134.523, 85040
134.524, 85040
134.525, 85040
134.527, 85040
134.528, 85040
134.529, 85040
134.53, 85040
134.531, 85040
134.532, 85040
134.534, 85040
134.535, 85040
134.536, 85040
134.537, 85040
134.538, 85040
134.54, 85040
134.541, 85040
134.542, 85040
134.543, 85040
134.545, 85256
134.546, 85256
134.547, 85256
134.548, 85256
134.55, 85256
134.551, 85256
134.552, 85256
134.554, 85256
134.555, 85256
134.556, 85256
134.558, 85256
134.559, 85256
134.56, 85256
134.561, 85040
134.563, 85040
134.564, 85040
134.566, 85040
134.567, 85040
134.568, 85040
134.569, 85040
134.57, 85040
134.571, 85040
134.573, 85040
134.574, 85040
134.575, 85040
134.576, 85040
134.578, 85040
134.579, 84824
134.58, 84824
134.582, 84824
134.583, 84824
134.584, 84824
134.585, 84824
134.586, 84824
134.587, 84824
134.589, 84824
134.59, 84824
134.591, 84824
134.592, 84824
134.593, 84824
134.595, 84824
134.596, 84824
134.597, 84824
134.599, 84824
134.6, 84824
134.601, 84824
134.603, 84824
134.604, 85040
134.606, 85040
134.607, 85040
134.608, 85040
134.61, 85040
134.611, 85040
134.612, 85040
134.614, 84824
134.615, 84824
134.616, 84824
134.618, 84824
134.619, 84824
134.621, 84824
134.622, 84824
134.623, 84824
134.625, 84824
134.626, 84824
134.627, 84824
134.629, 84824
134.63, 84824
134.632, 84824
134.633, 84824
134.634, 84824
134.636, 84824
134.637, 84824
134.639, 84824
134.64, 84824
134.642, 84824
134.643, 84824
134.645, 84824
134.646, 84824
134.647, 84824
134.649, 84824
134.65, 84824
134.652, 84824
134.653, 84824
134.655, 84824
134.656, 84608
134.658, 84608
134.659, 84608
134.66, 84608
134.662, 84608
134.663, 84608
134.665, 84608
134.666, 84608
134.667, 84608
134.669, 84608
134.67, 84608
134.671, 84608
134.673, 84824
134.674, 84824
134.675, 84824
134.676, 84824
134.678, 84824
134.679, 84824
134.681, 84824
134.682, 84608
134.683, 84608
134.684, 84608
134.686, 84608
134.687, 84608
134.688, 84608
134.689, 84608
134.691, 84608
134.692, 84608
134.694, 84608
134.695, 84608
134.697, 84608
134.698, 84608
134.699, 84608
134.701, 84608
134.702, 84608
134.704, 84608
134.705, 84608
134.707, 84608
134.709, 84608
134.71, 84608
134.711, 84608
134.713, 84608
134.714, 84608
134.715, 84392
134.717, 84392
134.718, 84392
134.72, 84392
134.721, 84392
134.723, 84392
134.724, 84608
134.726, 84608
134.727, 84608
134.728, 84608
134.73, 84608
134.731, 84608
134.732, 84608
134.733, 84608
134.735, 84608
134.736, 84608
134.737, 84608
134.739, 84608
134.74, 84608
134.741, 84392
134.743, 84392
134.744, 84392
134.745, 84392
134.746, 84392
134.748, 84392
134.749, 84392
134.75, 84392
134.752, 84392
134.753, 84392
134.755, 84392
134.756, 84392
134.757, 84392
134.759, 84392
134.76, 84392
134.762, 84392
134.764, 84392
134.766, 84392
134.767, 84392
134.769, 84392
134.77, 84392
134.771, 84392
134.773, 84392
134.774, 84392
134.775, 84608
134.776, 84608
134.778, 84608
134.779, 84608
134.78, 84608
134.782, 84608
134.783, 84608
134.784, 84392
134.786, 84392
134.788, 84392
134.789, 84392
134.791, 84392
134.792, 84392
134.794, 84392
134.795, 84392
134.797, 84392
134.798, 84392
134.8, 84392
134.801, 84608
134.803, 84608
134.804, 84608
134.806, 84608
134.807, 84608
134.808, 84608
134.809, 84608
134.811, 84608
134.812, 84608
134.813, 84608
134.815, 84608
134.816, 84608
134.817, 84608
134.819, 84608
134.82, 84608
134.822, 84608
134.823, 84608
134.825, 84608
134.826, 84608
134.828, 84608
134.829, 84608
134.834, 84608
134.836, 84608
134.837, 84608
134.838, 84608
134.84, 84608
134.841, 84608
134.842, 84608
134.844, 84608
134.845, 84608
134.847, 84608
134.848, 84608
134.85, 84608
134.851, 84608
134.852, 84608
134.854, 84608
134.855, 84608
134.856, 84608
134.858, 84608
134.859, 84608
134.861, 84608
134.862, 84608
134.864, 84608
134.865, 84608
134.866, 84608
134.868, 84608
134.869, 84824
134.87, 84824
134.872, 84824
134.873, 84824
134.874, 84824
134.876, 84824
134.877, 84608
134.879, 84608
134.88, 84608
134.882, 84608
134.883, 84608
134.885, 84608
134.886, 84608
134.888, 84608
134.889, 84608
134.89, 84608
134.892, 84608
134.893, 84608
134.895, 84824
134.896, 84824
134.897, 84824
134.898, 84824
134.899, 84824
134.901, 84824
134.902, 84824
134.903, 84608
134.904, 84608
134.905, 84608
134.907, 84608
134.908, 84608
134.909, 84608
134.91, 84608
134.911, 84608
134.913, 84608
134.914, 84608
134.915, 84608
134.916, 84608
134.918, 84608
134.919, 84608
134.92, 84392
134.921, 84392
134.922, 84392
134.924, 84392
134.925, 84392
134.926, 84392
134.927, 84392
134.929, 83960
134.93, 83960
134.931, 83960
134.932, 83960
134.934, 83960
134.935, 83960
134.936, 83960
134.937, 84392
134.939, 84392
134.94, 84392
134.941, 84392
134.943, 84392
134.944, 84392
134.945, 84392
134.947, 84392
134.948, 84392
134.949, 84392
134.951, 84392
134.952, 84392
134.953, 84392
134.954, 84392
134.956, 84392
134.957, 84392
134.958, 84392
134.959, 84392
134.96, 84392
134.961, 84392
134.963, 84392
134.964, 84176
134.965, 84176
134.966, 84176
134.967, 84176
134.969, 84176
134.97, 84176
134.971, 84176
134.972, 84176
134.974, 84176
134.975, 84176
134.976, 84176
134.978, 84176
134.979, 84176
134.98, 84392
134.981, 84392
134.982, 84392
134.983, 84392
134.985, 84392
134.986, 84392
134.987, 84392
134.988, 84392
134.989, 84176
134.99, 84176
134.991, 84176
134.993, 84176
134.994, 84176
134.995, 84176
134.996, 84176
134.997, 83960
134.998, 83960
135, 83960
135.001, 83960
135.002, 83960
135.003, 83960
135.004, 83960
135.006, 83960
135.007, 83960
135.008, 83960
135.01, 83960
135.011, 83960
135.012, 83960
135.013, 83960
135.014, 84176
135.015, 84176
135.016, 84176
135.018, 84176
135.019, 84176
135.02, 84176
135.021, 84176
135.022, 83960
135.024, 83960
135.025, 83960
135.027, 83960
135.029, 83960
135.031, 84392
135.032, 84392
135.034, 84392
135.035, 84392
135.037, 84392
135.038, 84392
135.039, 84608
135.041, 84608
135.042, 84608
135.043, 84608
135.044, 84608
135.046, 84608
135.047, 84608
135.048, 84608
135.049, 84392
135.05, 84392
135.051, 84392
135.052, 84392
135.054, 84392
135.055, 84392
135.056, 84392
135.057, 84392
135.059, 84392
135.06, 84392
135.061, 84392
135.062, 84392
135.063, 84392
135.064, 84392
135.066, 84608
135.067, 84608
135.068, 84608
135.069, 84608
135.07, 84608
135.071, 84608
135.072, 84608
135.074, 84608
135.076, 84608
135.077, 84608
135.079, 84608
135.08, 84608
135.081, 84608
135.083, 84824
135.084, 84824
135.085, 84824
135.086, 84824
135.088, 84824
135.089, 84824
135.09, 84824
135.091, 85040
135.092, 85040
135.093, 85040
135.095, 85040
135.096, 85040
135.097, 85040
135.098, 85040
135.099, 84608
135.1, 84608
135.102, 84608
135.103, 84608
135.104, 84608
135.106, 84608
135.107, 84608
135.108, 84824
135.11, 84824
135.111, 84824
135.112, 84824
135.113, 84824
135.114, 84824
135.116, 84824
135.117, 85040
135.118, 85040
135.119, 85040
135.12, 85040
135.121, 85040
135.123, 85040
135.124, 85040
135.125, 85256
135.127, 85256
135.128, 85256
135.129, 85256
135.13, 85256
135.132, 85256
135.133, 85256
135.134, 85040
135.136, 85040
135.137, 85040
135.138, 85040
135.139, 85040
135.141, 85040
135.142, 85256
135.143, 85256
135.145, 85256
135.146, 85256
135.148, 85256
135.149, 85256
135.15, 85256
135.151, 85256
135.153, 85256
135.154, 85256
135.156, 85256
135.157, 85256
135.159, 85040
135.16, 85040
135.162, 85040
135.163, 85040
135.165, 85040
135.167, 85040
135.168, 85040
135.17, 85040
135.171, 85040
135.172, 85040
135.173, 85040
135.175, 85040
135.176, 84824
135.177, 84824
135.179, 84824
135.18, 84824
135.181, 84824
135.183, 84824
135.184, 84824
135.185, 84824
135.187, 84824
135.188, 84824
135.189, 84824
135.191, 84824
135.192, 84824
135.193, 84824
135.195, 84824
135.196, 84824
135.197, 84824
135.198, 84824
135.199, 84824
135.201, 84824
135.202, 84824
135.203, 84824
135.205, 84824
135.206, 84824
135.208, 84824
135.209, 84824
135.21, 84824
135.212, 84824
135.213, 84824
135.214, 84824
135.216, 84824
135.217, 84824
135.218, 84824
135.219, 84608
135.221, 84608
135.222, 84608
135.223, 84608
135.225, 84608
135.226, 84608
135.228, 84824
135.229, 84824
135.231, 84824
135.232, 84824
135.233, 84824
135.235, 84824
135.236, 84608
135.237, 84608
135.239, 84608
135.24, 84608
135.242, 84608
135.243, 84608
135.244, 84608
135.246, 84608
135.247, 84608
135.249, 84608
135.25, 84608
135.252, 84608
135.253, 84608
135.255, 84608
135.256, 84608
135.257, 84608
135.259, 84608
135.26, 84608
135.262, 84608
135.263, 84608
135.264, 84608
135.266, 84608
135.267, 84608
135.269, 84608
135.27, 84608
135.272, 84608
135.273, 84608
135.275, 84608
135.276, 84608
135.277, 84608
135.279, 84608
135.28, 84608
135.282, 84608
135.283, 84608
135.285, 84608
135.286, 84608
135.288, 84608
135.289, 84608
135.29, 84608
135.292, 84608
135.293, 84608
135.294, 84608
135.295, 84608
135.297, 84608
135.298, 84608
135.299, 84608
135.3, 84608
135.302, 84608
135.303, 84608
135.304, 84392
135.305, 84392
135.306, 84392
135.308, 84392
135.31, 84392
135.312, 84392
135.313, 84392
135.315, 84392
135.316, 84392
135.317, 84392
135.319, 84392
135.32, 84392
135.321, 84392
135.322, 84392
135.324, 84392
135.325, 84392
135.327, 84392
135.328, 84392
135.33, 84392
135.331, 84392
135.333, 84392
135.334, 84392
135.335, 84392
135.337, 84392
135.338, 84392
135.339, 84392
135.341, 84392
135.342, 84392
135.343, 84392
135.344, 84392
135.346, 84392
135.35, 84392
135.352, 84392
135.353, 84392
135.355, 84392
135.356, 84392
135.357, 84392
135.359, 84392
135.369, 84392
135.371, 84392
135.372, 84392
135.373, 84392
135.375, 84392
135.376, 84392
135.377, 84392
135.379, 84392
135.38, 84392
135.382, 84392
135.383, 84392
135.384, 84392
135.386, 84392
135.388, 84392
135.389, 84392
135.391, 84392
135.392, 84392
135.393, 84392
135.395, 84392
135.396, 84392
135.398, 84392
135.4, 84392
135.401, 84392
135.404, 84392
135.405, 84392
135.407, 84392
135.415, 84392
135.417, 84392
135.418, 84392
135.42, 84392
135.421, 84392
135.422, 84392
135.424, 84392
135.425, 84392
135.426, 84392
135.428, 84392
135.429, 84392
135.431, 84392
135.435, 84392
135.436, 84392
135.437, 84392
135.439, 84392
135.44, 84392
135.441, 84608
135.443, 84608
135.444, 84608
135.446, 84608
135.448, 84608
135.459, 84608
135.461, 84608
135.462, 84608
135.463, 84608
135.465, 84608
135.466, 84608
135.467, 84608
135.468, 84608
135.469, 84608
135.471, 84608
135.472, 84608
135.473, 84608
135.475, 84608
135.476, 84608
135.477, 84608
135.478, 84608
135.479, 84608
135.481, 84608
135.482, 84608
135.483, 84608
135.485, 84608
135.487, 84608
135.488, 84608
135.49, 84608
135.491, 84608
135.492, 84608
135.494, 84608
135.495, 84608
135.497, 84608
135.498, 84608
135.499, 84608
135.501, 84608
135.502, 84608
135.503, 84608
135.505, 84608
135.506, 84608
135.507, 84608
135.508, 84608
135.509, 84608
135.511, 84608
135.512, 84608
135.513, 84608
135.515, 84608
135.516, 84608
135.517, 84608
135.518, 84608
135.519, 84608
135.52, 84608
135.522, 84608
135.523, 84608
135.524, 84608
135.525, 84608
135.527, 84608
135.528, 84608
135.529, 84608
135.53, 84608
135.532, 84608
135.533, 84608
135.534, 84608
135.535, 84392
135.536, 84392
135.538, 84392
135.539, 84392
135.541, 84392
135.542, 84392
135.543, 84392
135.545, 84392
135.546, 84392
135.547, 84392
135.549, 84392
135.55, 84392
135.551, 84392
135.553, 84608
135.554, 84608
135.555, 84608
135.556, 84608
135.557, 84608
135.558, 84608
135.559, 84608
135.561, 84176
135.562, 84176
135.563, 84176
135.564, 84176
135.565, 84176
135.567, 84176
135.568, 84176
135.569, 83960
135.571, 83960
135.572, 83960
135.573, 83960
135.575, 83960
135.576, 83960
135.577, 84176
135.579, 84176
135.58, 84176
135.581, 84176
135.582, 84176
135.583, 84176
135.584, 84176
135.585, 84176
135.587, 83960
135.588, 83960
135.589, 83960
135.59, 83960
135.591, 83960
135.592, 83960
135.593, 83960
135.595, 83960
135.596, 83960
135.597, 83960
135.598, 83960
135.599, 83960
135.6, 83960
135.601, 83960
135.603, 83744
135.604, 83744
135.605, 83744
135.607, 83744
135.608, 83744
135.609, 83744
135.611, 83744
135.612, 83960
135.613, 83960
135.614, 83960
135.615, 83960
135.616, 83960
135.618, 83960
135.619, 83960
135.62, 83744
135.621, 83744
135.623, 83744
135.624, 83744
135.626, 83744
135.627, 83744
135.629, 83960
135.63, 83960
135.632, 83960
135.633, 83960
135.634, 83960
135.635, 83960
135.637, 84392
135.638, 84392
135.639, 84392
135.64, 84392
135.642, 84392
135.643, 84392
135.644, 84392
135.645, 84392
135.646, 84608
135.647, 84608
135.649, 84608
135.65, 84608
135.651, 84608
135.652, 84608
135.653, 84608
135.654, 84608
135.656, 84608
135.657, 84608
135.658, 84608
135.659, 84608
135.661, 84608
135.662, 84608
135.663, 84824
135.664, 84824
135.665, 84824
135.666, 84824
135.667, 84824
135.669, 84824
135.67, 84824
135.671, 84824
135.672, 84824
135.674, 84824
135.675, 84824
135.676, 84824
135.678, 84824
135.679, 85040
135.681, 85040
135.682, 85040
135.683, 85040
135.685, 85040
135.686, 85040
135.687, 85040
135.688, 84824
135.689, 84824
135.69, 84824
135.692, 84824
135.693, 84824
135.694, 84824
135.695, 84824
135.696, 84824
135.697, 84608
135.698, 84608
135.7, 84608
135.701, 84608
135.703, 84608
135.704, 84608
135.705, 84608
135.706, 84392
135.707, 84392
135.708, 84392
135.709, 84392
135.711, 84392
135.712, 84392
135.713, 84392
135.714, 84392
135.715, 84392
135.716, 84392
135.717, 84392
135.719, 84392
135.72, 84392
135.721, 84392
135.722, 84176
135.723, 84176
135.724, 84176
135.726, 84176
135.727, 84176
135.728, 84176
135.729, 84176
135.73, 84176
135.731, 83960
135.732, 83960
135.734, 83960
135.735, 83960
135.736, 83960
135.737, 83960
135.738, 83960
135.739, 83960
135.74, 83960
135.741, 83960
135.743, 83960
135.744, 83960
135.745, 83960
135.746, 83960
135.747, 83960
135.748, 84176
135.749, 84176
135.751, 84176
135.752, 84176
135.753, 84176
135.754, 84176
135.755, 84176
135.756, 84176
135.757, 84176
135.759, 84176
135.76, 84176
135.761, 84176
135.762, 84176
135.763, 84176
135.764, 84176
135.765, 84176
135.767, 84176
135.768, 84176
135.769, 84176
135.77, 84176
135.771, 84176
135.772, 84176
135.773, 84392
135.774, 84392
135.776, 84392
135.777, 84392
135.778, 84392
135.779, 84392
135.78, 84392
135.781, 84392
135.782, 84392
135.784, 84392
135.785, 84392
135.786, 84392
135.787, 84392
135.788, 84392
135.789, 84392
135.79, 84392
135.792, 84392
135.793, 84392
135.794, 84392
135.795, 84392
135.796, 84392
135.797, 84392
135.799, 84392
135.8, 84392
135.801, 84392
135.802, 84392
135.803, 84392
135.804, 84392
135.805, 84392
135.807, 84392
135.808, 84392
135.809, 84392
135.81, 84392
135.811, 84392
135.812, 84392
135.813, 84392
135.815, 84392
135.816, 84392
135.817, 84176
135.818, 84176
135.819, 84176
135.82, 84176
135.821, 84176
135.823, 84176
135.824, 84176
135.825, 84392
135.826, 84392
135.827, 84392
135.828, 84392
135.829, 84392
135.831, 84392
135.832, 84392
135.833, 84392
135.834, 84392
135.835, 84392
135.837, 84392
135.838, 84392
135.839, 84392
135.84, 84392
135.841, 84392
135.842, 84176
135.844, 84176
135.845, 84176
135.846, 84176
135.847, 84176
135.849, 84176
135.85, 84176
135.851, 84176
135.852, 84176
135.853, 84176
135.855, 84176
135.856, 84176
135.857, 84176
135.858, 84176
135.859, 84176
135.861, 84176
135.862, 84176
135.863, 84176
135.864, 84176
135.865, 84176
135.866, 84176
135.868, 84392
135.869, 84392
135.87, 84392
135.871, 84392
135.872, 84392
135.873, 84392
135.874, 84392
135.876, 84392
135.877, 84392
135.878, 84392
135.879, 84392
135.88, 84392
135.881, 84392
135.883, 84392
135.884, 84392
135.885, 84176
135.886, 84176
135.887, 84176
135.889, 84176
135.89, 84176
135.891, 84176
135.892, 84176
135.894, 84176
135.895, 84176
135.896, 84176
135.898, 84176
135.899, 84176
135.902, 84392
135.903, 84392
135.905, 84392
135.906, 84392
135.907, 84392
135.909, 84392
135.91, 84392
135.912, 84392
135.913, 84392
135.914, 84392
135.916, 84392
135.917, 84392
135.919, 84176
135.921, 84176
135.923, 84176
135.924, 84176
135.925, 84176
135.926, 84176
135.928, 84392
135.929, 84392
135.93, 84392
135.932, 84392
135.933, 84392
135.934, 84392
135.935, 84392
135.936, 84824
135.937, 84824
135.939, 84824
135.94, 84824
135.941, 84824
135.942, 84824
135.943, 84824
135.944, 84608
135.946, 84608
135.947, 84608
135.948, 84608
135.949, 84608
135.95, 84608
135.951, 84608
135.953, 84392
135.954, 84392
135.955, 84392
135.956, 84392
135.957, 84392
135.958, 84392
135.959, 84392
135.961, 84392
135.962, 84392
135.963, 84392
135.964, 84392
135.965, 84392
135.966, 84392
135.967, 84392
135.969, 84392
135.97, 84176
135.971, 84176
135.972, 84176
135.973, 84176
135.974, 84176
135.976, 84176
135.977, 84176
135.978, 84176
135.979, 83960
135.98, 83960
135.981, 83960
135.982, 83960
135.984, 83960
135.985, 83960
135.986, 83960
135.987, 83960
135.988, 83960
135.989, 83960
135.99, 83960
135.992, 83960
135.993, 83960
135.994, 83960
135.995, 83960
135.996, 83960
135.997, 83960
135.999, 83960
136, 83960
136.001, 83960
136.002, 83960
136.003, 83960
136.004, 83960
136.005, 83960
136.007, 83960
136.008, 83960
136.009, 83960
136.01, 83960
136.011, 83960
136.012, 83744
136.013, 83744
136.015, 83744
136.016, 83744
136.017, 83744
136.018, 83744
136.019, 83744
136.02, 83744
136.021, 83744
136.023, 83744
136.024, 83744
136.025, 83744
136.026, 83744
136.027, 83744
136.028, 83744
136.029, 83744
136.033, 83744
136.035, 83744
136.047, 84176
136.048, 84176
136.05, 84176
136.052, 84176
136.054, 84176
136.055, 84392
136.057, 84392
136.058, 84392
136.059, 84392
136.061, 84392
136.062, 84392
136.063, 84392
136.064, 84608
136.065, 84608
136.067, 84608
136.068, 84608
136.069, 84608
136.07, 84608
136.071, 84608
136.072, 84608
136.074, 84608
136.075, 84608
136.076, 84608
136.077, 84608
136.078, 84608
136.079, 84608
136.08, 84608
136.082, 84824
136.083, 84824
136.084, 84824
136.085, 84824
136.086, 84824
136.087, 84824
136.088, 84824
136.09, 84608
136.091, 84608
136.092, 84608
136.093, 84608
136.094, 84608
136.095, 84608
136.096, 84608
136.098, 84608
136.099, 84608
136.1, 84608
136.101, 84608
136.102, 84608
136.103, 84608
136.104, 84608
136.106, 84608
136.107, 84608
136.108, 84608
136.109, 84608
136.11, 84608
136.111, 84608
136.113, 84608
136.114, 84608
136.115, 84392
136.116, 84392
136.117, 84392
136.118, 84392
136.119, 84392
136.121, 84392
136.122, 84392
136.123, 84392
136.124, 84392
136.125, 84392
136.126, 84392
136.127, 84392
136.129, 84392
136.13, 84392
136.131, 84392
136.132, 84392
136.133, 84392
136.134, 84392
136.136, 84392
136.137, 84392
136.138, 84392
136.139, 84392
136.14, 84392
136.141, 84392
136.142, 84392
136.144, 84392
136.145, 84392
136.146, 84392
136.147, 84392
136.148, 84392
136.149, 84392
136.154, 84392
136.158, 84392
136.16, 84392
136.161, 84392
136.162, 84392
136.164, 84392
136.165, 84392
136.182, 84392
136.183, 84176
136.184, 84176
136.185, 84176
136.186, 84176
136.188, 84176
136.189, 84176
136.19, 84176
136.191, 84176
136.192, 84176
136.193, 84176
136.195, 84176
136.196, 84176
136.197, 84176
136.198, 84176
136.199, 84176
136.2, 84176
136.201, 84176
136.203, 84176
136.204, 84176
136.205, 84176
136.206, 84176
136.207, 84176
136.208, 84176
136.209, 83960
136.211, 83960
136.212, 83960
136.213, 83960
136.214, 83960
136.215, 83960
136.216, 83960
136.218, 83960
136.219, 83960
136.22, 83960
136.221, 83960
136.222, 83960
136.223, 83960
136.224, 83960
136.226, 83960
136.227, 83960
136.228, 83960
136.229, 83960
136.23, 83960
136.232, 83960
136.233, 83960
136.234, 83960
136.235, 83960
136.236, 83960
136.237, 83960
136.238, 83960
136.24, 83960
136.241, 83960
136.242, 83960
136.243, 83960
136.244, 83960
136.245, 83960
136.246, 83960
136.248, 83960
136.249, 83960
136.25, 83960
136.251, 83960
136.252, 84176
136.253, 84176
136.254, 84176
136.256, 84176
136.257, 84176
136.258, 84176
136.259, 84176
136.26, 83960
136.261, 83960
136.262, 83960
136.266, 83960
136.268, 83960
136.269, 84176
136.27, 84176
136.272, 84176
136.273, 84176
136.275, 84176
136.276, 84176
136.277, 84392
136.279, 84392
136.28, 84392
136.282, 84392
136.283, 84392
136.284, 84392
136.285, 84392
136.286, 84392
136.287, 84392
136.288, 84392
136.29, 84392
136.291, 84392
136.292, 84392
136.293, 84392
136.294, 84176
136.295, 84176
136.297, 84176
136.298, 84176
136.299, 84176
136.3, 84176
136.301, 84176
136.302, 84176
136.303, 83960
136.305, 83960
136.306, 83960
136.307, 83960
136.308, 83960
136.309, 83960
136.31, 83960
136.311, 83960
136.313, 83960
136.314, 83960
136.315, 83960
136.316, 83960
136.317, 83960
136.318, 83960
136.319, 83744
136.321, 83744
136.322, 83744
136.323, 83744
136.324, 83744
136.325, 83744
136.326, 83744
136.327, 83744
136.329, 83744
136.33, 83744
136.331, 83744
136.332, 83744
136.333, 83744
136.334, 83744
136.335, 83744
136.337, 83744
136.338, 83744
136.339, 83744
136.34, 83744
136.341, 83744
136.342, 83744
136.343, 83744
136.345, 83744
136.346, 83744
136.347, 83744
136.348, 83744
136.349, 83744
136.35, 83744
136.351, 83744
136.353, 83744
136.354, 83744
136.355, 83744
136.356, 83744
136.357, 83744
136.358, 83744
136.359, 83744
136.361, 83744
136.362, 83744
136.363, 83744
136.364, 83744
136.365, 83744
136.366, 83744
136.367, 83744
136.369, 83744
136.37, 83744
136.371, 83744
136.372, 83744
136.373, 83744
136.374, 83744
136.376, 83744
136.377, 83744
136.378, 83744
136.38, 83744
136.381, 83744
136.383, 83744
136.384, 83744
136.385, 83744
136.387, 83744
136.388, 84176
136.389, 84176
136.39, 84176
136.392, 84176
136.393, 84176
136.394, 84176
136.395, 84176
136.396, 84176
136.398, 84176
136.399, 84176
136.4, 84176
136.401, 84176
136.402, 84176
136.403, 84176
136.404, 84176
136.406, 83960
136.407, 83960
136.408, 83960
136.409, 83960
136.41, 83960
136.411, 83960
136.412, 83960
136.414, 83960
136.415, 83960
136.416, 83960
136.417, 83960
136.418, 83960
136.419, 83960
136.42, 83960
136.422, 83960
136.423, 83960
136.424, 83960
136.425, 83960
136.426, 83960
136.427, 83960
136.429, 83960
136.43, 83960
136.431, 83960
136.432, 83960
136.433, 83960
136.434, 83960
136.435, 83960
136.437, 83960
136.438, 83960
136.439, 83960
136.44, 83960
136.441, 83960
136.442, 83960
136.443, 83960
136.445, 83960
136.446, 83960
136.447, 83960
136.448, 83960
136.45, 83960
136.451, 83960
136.452, 83960
136.453, 83960
136.454, 83960
136.455, 83960
136.456, 84176
136.458, 84176
136.459, 84176
136.46, 84176
136.461, 84176
136.462, 84176
136.463, 84176
136.464, 84176
136.466, 84176
136.467, 84176
136.468, 84176
136.469, 84176
136.47, 84176
136.471, 84176
136.473, 84176
136.474, 84176
136.475, 84176
136.476, 84176
136.477, 84176
136.478, 84176
136.479, 84176
136.481, 84176
136.482, 84392
136.486, 84392
136.49, 84392
136.501, 84608
136.502, 84608
136.503, 84608
136.505, 84608
136.508, 84608
136.51, 84608
136.511, 84608
136.517, 84824
136.519, 84824
136.52, 84824
136.521, 84824
136.523, 84824
136.524, 84824
136.525, 84824
136.526, 84824
136.528, 84824
136.529, 84824
136.53, 84824
136.532, 84824
136.533, 84824
136.534, 84824
136.535, 84824
136.537, 84824
136.538, 84824
136.539, 84824
136.54, 84824
136.542, 84824
136.544, 84824
136.545, 84824
136.546, 84824
136.548, 84824
136.549, 84824
136.55, 84608
136.551, 84608
136.553, 84608
136.554, 84608
136.555, 84608
136.556, 84608
136.558, 84608
136.559, 84608
136.56, 84608
136.562, 84608
136.563, 84608
136.564, 84608
136.565, 84608
136.567, 84608
136.568, 84608
136.57, 84608
136.571, 84608
136.572, 84608
136.574, 84608
136.575, 84608
136.576, 84608
136.577, 84608
136.579, 84608
136.58, 84608
136.581, 84608
136.582, 84608
136.584, 84608
136.585, 84608
136.586, 84608
136.587, 84608
136.589, 84608
136.59, 84608
136.591, 84608
136.592, 84392
136.594, 84392
136.595, 84392
136.596, 84392
136.598, 84392
136.599, 84392
136.6, 84392
136.601, 84392
136.603, 84392
136.604, 84392
136.605, 84392
136.606, 84392
136.607, 84392
136.608, 84392
136.61, 84392
136.611, 84392
136.612, 84392
136.613, 84392
136.614, 84392
136.615, 84392
136.616, 84392
136.617, 84392
136.619, 84176
136.62, 84176
136.621, 84176
136.622, 84176
136.623, 84176
136.624, 84176
136.625, 84176
136.627, 84176
136.628, 84176
136.629, 84176
136.63, 84176
136.631, 84176
136.632, 84176
136.633, 84176
136.635, 84176
136.636, 83960
136.637, 83960
136.638, 83960
136.639, 83960
136.64, 83960
136.641, 83960
136.643, 83960
136.644, 83960
136.645, 83960
136.646, 83960
136.647, 83960
136.648, 83960
136.649, 83960
136.651, 83960
136.652, 83960
136.653, 83960
136.654, 83960
136.655, 83960
136.656, 83960
136.657, 83960
136.659, 83960
136.66, 83960
136.661, 83744
136.662, 83744
136.663, 83744
136.664, 83744
136.665, 83744
136.667, 83744
136.668, 83744
136.669, 83744
136.67, 83744
136.671, 83744
136.672, 83744
136.673, 83744
136.675, 83744
136.676, 83744
136.677, 83744
136.678, 83744
136.679, 83744
136.68, 83744
136.681, 83744
136.683, 83744
136.684, 83744
136.685, 83744
136.686, 83744
136.687, 83960
136.688, 83960
136.689, 83960
136.691, 83960
136.692, 83960
136.693, 83960
136.694, 83960
136.695, 83960
136.696, 83960
136.697, 83960
136.699, 83960
136.7, 83960
136.701, 83960
136.702, 83960
136.703, 83960
136.704, 83960
136.705, 83960
136.707, 83960
136.708, 83960
136.709, 83960
136.71, 83960
136.711, 83960
136.712, 84176
136.713, 84176
136.715, 84176
136.716, 84176
136.717, 84176
136.718, 84176
136.719, 84176
136.72, 84176
136.721, 84176
136.723, 84176
136.724, 84176
136.725, 84176
136.726, 84176
136.727, 84176
136.728, 84176
136.729, 84176
136.731, 84176
136.732, 84176
136.733, 84176
136.734, 84176
136.735, 84176
136.736, 84176
136.737, 84176
136.739, 84392
136.74, 84392
136.741, 84392
136.742, 84392
136.743, 84392
136.744, 84392
136.745, 84392
136.747, 84392
136.748, 84392
136.749, 84392
136.75, 84392
136.751, 84392
136.752, 84392
136.753, 84392
136.755, 84176
136.756, 84176
136.757, 84176
136.758, 84176
136.759, 84176
136.76, 84176
136.761, 84176
136.763, 84176
136.764, 84176
136.765, 84176
136.766, 84176
136.767, 84176
136.768, 84176
136.769, 84176
136.771, 84176
136.772, 83960
136.773, 83960
136.774, 83960
136.775, 83960
136.776, 83960
136.778, 83960
136.779, 83960
136.78, 83960
136.781, 83960
136.783, 83960
136.784, 83960
136.785, 83960
136.786, 83960
136.787, 83960
136.789, 83960
136.79, 83960
136.791, 83960
136.792, 83960
136.793, 83960
136.794, 83960
136.795, 83960
136.797, 83960
136.798, 83960
136.799, 83960
136.8, 83960
136.801, 83960
136.802, 83960
136.803, 83960
136.805, 83960
136.806, 83960
136.807, 83960
136.808, 83960
136.809, 83960
136.81, 83960
136.811, 83960
136.813, 83960
136.814, 83960
136.815, 83960
136.816, 83960
136.817, 83960
136.818, 83960
136.82, 83960
136.821, 83960
136.822, 83960
136.823, 83744
136.824, 83744
136.825, 83744
136.826, 83744
136.828, 83744
136.829, 83744
136.83, 83744
136.831, 83744
136.832, 83744
136.833, 83744
136.834, 83744
136.836, 83744
136.837, 83744
136.838, 83744
136.839, 83744
136.84, 83744
136.841, 83744
136.842, 83744
136.844, 83744
136.845, 83744
136.846, 83744
136.847, 83744
136.848, 83744
136.849, 83528
136.85, 83528
136.852, 83528
136.853, 83528
136.854, 83528
136.855, 83528
136.856, 83528
136.857, 83528
136.858, 83528
136.86, 83528
136.861, 83528
136.862, 83528
136.863, 83528
136.864, 83528
136.865, 83528
136.866, 83528
136.868, 83528
136.869, 83528
136.87, 83528
136.871, 83528
136.872, 83528
136.873, 83528
136.874, 83528
136.876, 83528
136.877, 83528
136.878, 83528
136.879, 83528
136.88, 83528
136.881, 83528
136.882, 83528
136.884, 83528
136.885, 83528
136.886, 83528
136.887, 83528
136.888, 83528
136.889, 83528
136.89, 83528
136.892, 83528
136.893, 83528
136.894, 83528
136.895, 83528
136.896, 83528
136.897, 83528
136.898, 83528
136.9, 83528
136.901, 83312
136.902, 83312
136.903, 83312
136.904, 83312
136.905, 83312
136.907, 83312
136.908, 83312
136.909, 83528
136.91, 83528
136.911, 83528
136.912, 83528
136.914, 83528
136.915, 83528
136.916, 83528
136.917, 83528
136.918, 83528
136.919, 83528
136.92, 83528
136.922, 83528
136.923, 83528
136.924, 83528
136.925, 83528
136.926, 83744
136.927, 83744
136.928, 83744
136.93, 83744
136.931, 83744
136.932, 83744
136.933, 83744
136.944, 83744
136.945, 83744
136.957, 84176
136.959, 84176
136.96, 84392
136.961, 84392
136.962, 84392
136.963, 84392
136.965, 84392
136.966, 84392
136.967, 84392
136.968, 84392
136.97, 84392
136.977, 84392
136.983, 84392
136.984, 84392
136.985, 84392
136.987, 84392
136.988, 84392
136.989, 84392
136.99, 84392
136.991, 84392
136.993, 84392
136.994, 84392
136.996, 84392
136.997, 84392
136.998, 84392
137, 84392
137.001, 84392
137.002, 84392
137.003, 84392
137.005, 84392
137.007, 84392
137.008, 84392
137.01, 84392
137.012, 84608
137.013, 84608
137.015, 84608
137.017, 84608
137.018, 84608
137.02, 84608
137.021, 84608
137.022, 84608
137.023, 84608
137.024, 84608
137.025, 84608
137.027, 84608
137.028, 84392
137.029, 84392
137.03, 84392
137.032, 84392
137.033, 84392
137.034, 84392
137.035, 84392
137.036, 84176
137.038, 84176
137.04, 84176
137.041, 84176
137.042, 84176
137.044, 84176
137.045, 84392
137.047, 84392
137.048, 84392
137.049, 84392
137.051, 84392
137.052, 84392
137.053, 84392
137.055, 84392
137.056, 84392
137.057, 84392
137.059, 84392
137.06, 84392
137.062, 84392
137.063, 84392
137.064, 84392
137.065, 84392
137.066, 84392
137.068, 84392
137.069, 84392
137.07, 84392
137.071, 84392
137.073, 84392
137.074, 84392
137.075, 84392
137.077, 84392
137.078, 84392
137.079, 84392
137.081, 84392
137.082, 84392
137.083, 84392
137.084, 84392
137.086, 84392
137.087, 84392
137.088, 84392
137.089, 84392
137.091, 84392
137.092, 84392
137.093, 84392
137.095, 84392
137.096, 84392
137.097, 84392
137.099, 84392
137.1, 84392
137.101, 84392
137.102, 84392
137.104, 84392
137.106, 84392
137.107, 84392
137.108, 84392
137.109, 84392
137.11, 84392
137.112, 84392
137.113, 84392
137.115, 84392
137.116, 84392
137.117, 84392
137.118, 84392
137.12, 84392
137.121, 84392
137.122, 84392
137.124, 84392
137.125, 84392
137.126, 84392
137.127, 84392
137.129, 84392
137.13, 84392
137.131, 84392
137.133, 84392
137.134, 84392
137.135, 84392
137.136, 84392
137.138, 84392
137.139, 84392
137.14, 84392
137.141, 84392
137.143, 84392
137.144, 84392
137.145, 84392
137.147, 84392
137.148, 84392
137.149, 84392
137.15, 84392
137.152, 84392
137.153, 84392
137.154, 84392
137.155, 84392
137.156, 84392
137.158, 84392
137.159, 84392
137.16, 84392
137.161, 84392
137.162, 84392
137.163, 84392
137.164, 84176
137.166, 84176
137.167, 84176
137.168, 84176
137.169, 84176
137.17, 84176
137.171, 84176
137.172, 84176
137.174, 84176
137.175, 84176
137.176, 84176
137.177, 84176
137.178, 84176
137.179, 84176
137.18, 84176
137.182, 83960
137.183, 83960
137.184, 83960
137.185, 83960
137.186, 83960
137.187, 83960
137.188, 83960
137.19, 83960
137.191, 83960
137.192, 83960
137.193, 83960
137.194, 83960
137.195, 83960
137.196, 83960
137.198, 83960
137.199, 83744
137.2, 83744
137.201, 83744
137.202, 83744
137.203, 83744
137.204, 83744
137.206, 83744
137.207, 83744
137.208, 83744
137.209, 83744
137.21, 83744
137.211, 83744
137.212, 83744
137.214, 83744
137.215, 83744
137.216, 83744
137.217, 83744
137.218, 83744
137.219, 83744
137.22, 83744
137.222, 83744
137.223, 83744
137.224, 83744
137.225, 83744
137.226, 83744
137.227, 83744
137.228, 83744
137.23, 83744
137.231, 83744
137.232, 83744
137.233, 83744
137.234, 83744
137.235, 83744
137.236, 83744
137.238, 83744
137.239, 83744
137.24, 83744
137.241, 83960
137.242, 83960
137.243, 83960
137.244, 83960
137.246, 83960
137.247, 83960
137.248, 83960
137.249, 83960
137.25, 83960
137.251, 83960
137.252, 83960
137.254, 83960
137.255, 83960
137.256, 83960
137.257, 83960
137.258, 84176
137.259, 84176
137.26, 84176
137.262, 84176
137.263, 84176
137.264, 84176
137.265, 84176
137.266, 84176
137.267, 84176
137.268, 84176
137.269, 84176
137.271, 84176
137.272, 84176
137.273, 84176
137.274, 84176
137.275, 84176
137.276, 84176
137.277, 84176
137.279, 84176
137.28, 84176
137.281, 84176
137.282, 84176
137.283, 84176
137.284, 84176
137.285, 84176
137.287, 84176
137.288, 84176
137.289, 84176
137.29, 84176
137.291, 84176
137.292, 84176
137.293, 84176
137.295, 84176
137.296, 84176
137.297, 84176
137.298, 84176
137.299, 84176
137.3, 84176
137.301, 84176
137.303, 84176
137.304, 84176
137.305, 84176
137.306, 84176
137.307, 84176
137.308, 84176
137.309, 84176
137.311, 84176
137.312, 84176
137.313, 84176
137.314, 84176
137.315, 84176
137.316, 84176
137.317, 84176
137.318, 83960
137.32, 83960
137.321, 83960
137.322, 83960
137.323, 83960
137.324, 83960
137.325, 83960
137.327, 83744
137.328, 83744
137.329, 83744
137.33, 83744
137.331, 83744
137.332, 83744
137.333, 83744
137.334, 83744
137.336, 83744
137.337, 83744
137.338, 83744
137.339, 83744
137.34, 83744
137.341, 83744
137.342, 83744
137.344, 83960
137.345, 83960
137.346, 83960
137.347, 83960
137.348, 83960
137.349, 83960
137.351, 83960
137.352, 83960
137.353, 83744
137.354, 83744
137.355, 83744
137.356, 83744
137.357, 83744
137.359, 83744
137.36, 83744
137.361, 83744
137.362, 83744
137.363, 83744
137.364, 83744
137.365, 83744
137.367, 83744
137.368, 83744
137.369, 83744
137.37, 83744
137.371, 83744
137.372, 83744
137.373, 83744
137.375, 83744
137.376, 83744
137.377, 83744
137.378, 83528
137.379, 83528
137.38, 83528
137.381, 83528
137.383, 83528
137.384, 83528
137.385, 83528
137.386, 83528
137.387, 83744
137.388, 83744
137.389, 83744
137.391, 83744
137.392, 83744
137.393, 83744
137.394, 83744
137.395, 83528
137.396, 83528
137.397, 83528
137.399, 83528
137.4, 83528
137.401, 83528
137.402, 83528
137.403, 83528
137.404, 83528
137.405, 83528
137.407, 83528
137.408, 83528
137.409, 83528
137.41, 83528
137.411, 83528
137.412, 83528
137.413, 83528
137.415, 83528
137.416, 83528
137.417, 83528
137.418, 83528
137.419, 83528
137.42, 83528
137.421, 83528
137.423, 83528
137.424, 83528
137.425, 83528
137.426, 83528
137.427, 83528
137.428, 83528
137.429, 83528
137.431, 83528
137.432, 83528
137.433, 83528
137.434, 83528
137.435, 83528
137.436, 83528
137.437, 83528
137.439, 83528
137.44, 83528
137.441, 83528
137.442, 83528
137.443, 83528
137.444, 83528
137.446, 83528
137.447, 83528
137.448, 83528
137.449, 83528
137.45, 83528
137.451, 83528
137.452, 83528
137.453, 83528
137.455, 83528
137.456, 83528
137.457, 83528
137.458, 83528
137.459, 83528
137.46, 83528
137.461, 83528
137.463, 83528
137.464, 83744
137.465, 83744
137.466, 83744
137.467, 83744
137.468, 83744
137.469, 83744
137.471, 83744
137.472, 83744
137.473, 83744
137.474, 83744
137.475, 83744
137.476, 83744
137.477, 83744
137.479, 83744
137.48, 83744
137.481, 83744
137.482, 83744
137.483, 83744
137.484, 83744
137.485, 83744
137.487, 83744
137.488, 83744
137.489, 83960
137.49, 83960
137.491, 83960
137.492, 83960
137.493, 83960
137.494, 83960
137.496, 83960
137.497, 83960
137.498, 83960
137.499, 83960
137.5, 83960
137.501, 83960
137.502, 83960
137.504, 83960
137.505, 83960
137.506, 83960
137.507, 83960
137.508, 83960
137.509, 83960
137.51, 83960
137.512, 83960
137.513, 83960
137.514, 83960
137.515, 83960
137.516, 83960
137.517, 83960
137.518, 83960
137.519, 83960
137.521, 83960
137.522, 83960
137.523, 84176
137.524, 84176
137.525, 84176
137.526, 84176
137.527, 84176
137.529, 84176
137.53, 84176
137.531, 84176
137.532, 84176
137.533, 84176
137.534, 84176
137.535, 84176
137.537, 84176
137.538, 84176
137.539, 84176
137.54, 84176
137.541, 84176
137.542, 84176
137.543, 84176
137.545, 84176
137.546, 84176
137.547, 84176
137.548, 84176
137.549, 84176
137.55, 84176
137.551, 84176
137.552, 84176
137.554, 84176
137.555, 84176
137.556, 84176
137.557, 84176
137.558, 84392
137.577, 84392
137.578, 84392
137.584, 84392
137.589, 84392
137.6, 84392
137.601, 84392
137.603, 84392
137.604, 84392
137.606, 84392
137.622, 84608
137.624, 84608
137.625, 84824
137.627, 84824
137.628, 84824
137.629, 84824
137.63, 84824
137.631, 84824
137.632, 84824
137.634, 84824
137.635, 84824
137.637, 84824
137.638, 84824
137.639, 84824
137.641, 84824
137.642, 84824
137.644, 84824
137.645, 84824
137.647, 84824
137.648, 84824
137.649, 84824
137.651, 84824
137.652, 84824
137.653, 84824
137.655, 84824
137.656, 84824
137.657, 84824
137.658, 84824
137.66, 84824
137.661, 84824
137.662, 84824
137.663, 84824
137.665, 84824
137.666, 84824
137.667, 84824
137.668, 84608
137.67, 84608
137.671, 84608
137.672, 84608
137.674, 84608
137.675, 84608
137.676, 84608
137.677, 84608
137.679, 84608
137.68, 84608
137.681, 84608
137.683, 84608
137.684, 84608
137.685, 84608
137.686, 84608
137.688, 84608
137.689, 84608
137.69, 84608
137.691, 84608
137.693, 84608
137.694, 84608
137.695, 84608
137.697, 84608
137.698, 84608
137.699, 84608
137.701, 84608
137.702, 84608
137.703, 84608
137.704, 84608
137.706, 84608
137.707, 84608
137.708, 84608
137.709, 84608
137.711, 84392
137.712, 84392
137.713, 84392
137.714, 84392
137.715, 84392
137.717, 84392
137.718, 84392
137.719, 84392
137.72, 84392
137.721, 84392
137.722, 84392
137.723, 84392
137.725, 84392
137.726, 84392
137.727, 84392
137.728, 84176
137.729, 84176
137.73, 84176
137.731, 84176
137.733, 84176
137.734, 84176
137.735, 84176
137.736, 84176
137.737, 84176
137.738, 84176
137.739, 84176
137.741, 84176
137.742, 84176
137.743, 84176
137.744, 84176
137.745, 83960
137.746, 83960
137.747, 83960
137.748, 83960
137.75, 83960
137.751, 83960
137.752, 83960
137.753, 83960
137.754, 83960
137.755, 83960
137.756, 83960
137.758, 83960
137.759, 83960
137.76, 83960
137.761, 83960
137.762, 83744
137.763, 83744
137.764, 83744
137.766, 83744
137.767, 83744
137.768, 83744
137.769, 83744
137.77, 83744
137.771, 83744
137.772, 83744
137.774, 83744
137.775, 83744
137.776, 83744
137.777, 83744
137.778, 83744
137.779, 83744
137.78, 83744
137.782, 83744
137.783, 83744
137.784, 83744
137.785, 83744
137.786, 83744
137.787, 83744
137.789, 83744
137.79, 83744
137.791, 83744
137.792, 83744
137.793, 83744
137.794, 83744
137.795, 83744
137.797, 83744
137.798, 83744
137.799, 83744
137.8, 83744
137.801, 83744
137.802, 83744
137.803, 83744
137.805, 83744
137.806, 83744
137.807, 83744
137.808, 83744
137.809, 83744
137.81, 83744
137.811, 83744
137.813, 83744
137.814, 83960
137.815, 83960
137.816, 83960
137.817, 83960
137.818, 83960
137.819, 83960
137.821, 83960
137.822, 83960
137.823, 83960
137.824, 83960
137.825, 83960
137.826, 83960
137.827, 83960
137.829, 83960
137.83, 83960
137.831, 83960
137.832, 83960
137.833, 83960
137.834, 83960
137.836, 83960
137.837, 83960
137.838, 83960
137.839, 83744
137.84, 83744
137.841, 83744
137.842, 83744
137.843, 83744
137.845, 83744
137.846, 83744
137.847, 83744
137.848, 83744
137.849, 83744
137.85, 83744
137.852, 83744
137.853, 83744
137.854, 83744
137.855, 83744
137.856, 83744
137.857, 83744
137.858, 83744
137.86, 83744
137.861, 83744
137.862, 83744
137.863, 83744
137.864, 83744
137.865, 83744
137.866, 83744
137.868, 83744
137.869, 83744
137.87, 83744
137.871, 83744
137.872, 83744
137.873, 83528
137.874, 83528
137.876, 83528
137.877, 83528
137.878, 83528
137.879, 83528
137.88, 83528
137.881, 83528
137.882, 83528
137.884, 83528
137.885, 83528
137.886, 83528
137.887, 83528
137.888, 83528
137.889, 83528
137.89, 83528
137.892, 83528
137.893, 83528
137.894, 83528
137.895, 83528
137.896, 83528
137.897, 83528
137.898, 83528
137.9, 83528
137.901, 83528
137.902, 83528
137.903, 83528
137.904, 83528
137.905, 83528
137.906, 83528
137.908, 83528
137.909, 83528
137.91, 83528
137.911, 83528
137.912, 83528
137.913, 83528
137.914, 83528
137.916, 83528
137.917, 83528
137.918, 83528
137.919, 83528
137.92, 83528
137.921, 83528
137.923, 83528
137.924, 83528
137.925, 83528
137.926, 83528
137.927, 83528
137.928, 83528
137.929, 83528
137.931, 83528
137.932, 83528
137.933, 83528
137.934, 83528
137.935, 83528
137.936, 83528
137.938, 83528
137.939, 83528
137.94, 83528
137.941, 83528
137.942, 83528
137.943, 83528
137.944, 83528
137.946, 83528
137.947, 83528
137.948, 83528
137.949, 83528
137.95, 83528
137.951, 83528
137.952, 83528
137.954, 83528
137.955, 83528
137.956, 83528
137.957, 83528
137.958, 83744
137.959, 83744
137.96, 83744
137.962, 83744
137.963, 83744
137.964, 83744
137.965, 83744
137.966, 83744
137.967, 83528
137.968, 83528
137.97, 83528
137.971, 83528
137.972, 83528
137.973, 83528
137.974, 83528
137.975, 83312
137.976, 83312
137.978, 83312
137.979, 83312
137.98, 83312
137.981, 83312
137.982, 83312
137.983, 83312
137.984, 83312
137.986, 83312
137.987, 83312
137.988, 83312
137.989, 83312
137.99, 83312
137.991, 83312
137.992, 83096
137.993, 83096
137.995, 83096
137.996, 83096
137.997, 83096
137.998, 83096
137.999, 83096
138, 83096
138.001, 83312
138.003, 83312
138.004, 83312
138.005, 83312
138.006, 83312
138.007, 83312
138.008, 83312
138.009, 83096
138.011, 83096
138.012, 83096
138.013, 83096
138.014, 83096
138.015, 83096
138.016, 83096
138.017, 83096
138.019, 83096
138.02, 83096
138.021, 83096
138.022, 83096
138.023, 83096
138.024, 83096
138.025, 83096
138.027, 83096
138.028, 83096
138.029, 83096
138.03, 83096
138.031, 83096
138.032, 83096
138.033, 83096
138.035, 83096
138.036, 83096
138.037, 83096
138.038, 83096
138.039, 83096
138.04, 83096
138.041, 83096
138.043, 83096
138.044, 82880
138.045, 82880
138.046, 82880
138.047, 82880
138.048, 82880
138.049, 82880
138.051, 82880
138.052, 82880
138.053, 82880
138.054, 82880
138.055, 82880
138.056, 82880
138.057, 82880
138.059, 82880
138.06, 82880
138.061, 83096
138.062, 83096
138.063, 83096
138.064, 83096
138.065, 83096
138.067, 83096
138.068, 83096
138.069, 82880
138.07, 82880
138.071, 82880
138.072, 82880
138.074, 82880
138.075, 82880
138.076, 82880
138.077, 82880
138.078, 83096
138.079, 83096
138.08, 83096
138.081, 83096
138.083, 83096
138.084, 83096
138.085, 83096
138.086, 83096
138.087, 83096
138.088, 83096
138.089, 83096
138.091, 83096
138.092, 83096
138.093, 83096
138.094, 83096
138.095, 82880
138.096, 82880
138.097, 82880
138.099, 82880
138.1, 82880
138.101, 82880
138.102, 82880
138.123, 83096
138.124, 83096
138.126, 83096
138.128, 83096
138.13, 83312
138.132, 83312
138.133, 83312
138.134, 83312
138.136, 83312
138.137, 83312
138.138, 83312
138.139, 83312
138.14, 83312
138.142, 83312
138.143, 83312
138.144, 83312
138.146, 83312
138.149, 83312
138.15, 83312
138.152, 83312
138.153, 83312
138.154, 83528
138.156, 83528
138.157, 83528
138.158, 83528
138.16, 83528
138.161, 83528
138.163, 83744
138.164, 83744
138.165, 83744
138.167, 83744
138.168, 83744
138.169, 83744
138.17, 83744
138.172, 83744
138.173, 83744
138.174, 83744
138.175, 83744
138.176, 83744
138.177, 83744
138.179, 83744
138.18, 83528
138.181, 83528
138.182, 83528
138.183, 83528
138.185, 83528
138.186, 83528
138.187, 83528
138.189, 83744
138.206, 84176
138.207, 84176
138.209, 84176
138.21, 84176
138.211, 84176
138.212, 84176
138.213, 84176
138.215, 84392
138.216, 84392
138.217, 84392
138.219, 84392
138.22, 84392
138.221, 84392
138.223, 84608
138.224, 84608
138.225, 84608
138.226, 84608
138.227, 84608
138.229, 84608
138.23, 84608
138.231, 84608
138.233, 84608
138.234, 84608
138.235, 84608
138.237, 84608
138.238, 84608
138.239, 84608
138.241, 84392
138.242, 84392
138.243, 84392
138.244, 84392
138.246, 84392
138.247, 84392
138.248, 84608
138.249, 84608
138.251, 84608
138.252, 84608
138.253, 84608
138.255, 84608
138.256, 84608
138.257, 84608
138.259, 84608
138.26, 84608
138.261, 84608
138.263, 84608
138.264, 84608
138.265, 84608
138.266, 84608
138.268, 84608
138.269, 84608
138.27, 84608
138.271, 84608
138.272, 84608
138.274, 84608
138.275, 84608
138.276, 84608
138.277, 84608
138.279, 84608
138.28, 84608
138.281, 84608
138.282, 84608
138.284, 84608
138.285, 84608
138.286, 84608
138.287, 84608
138.288, 84608
138.289, 84608
138.291, 84608
138.292, 84608
138.293, 84608
138.295, 84608
138.296, 84608
138.298, 84608
138.299, 84608
138.3, 84608
138.301, 84608
138.302, 84608
138.304, 84608
138.305, 84608
138.306, 84608
138.307, 84608
138.309, 84608
138.31, 84608
138.311, 84608
138.312, 84608
138.314, 84608
138.315, 84608
138.316, 84608
138.317, 84608
138.318, 84608
138.32, 84608
138.321, 84608
138.322, 84608
138.324, 84608
138.325, 84608
138.326, 84608
138.327, 84608
138.329, 84608
138.33, 84608
138.331, 84608
138.332, 84608
138.334, 84824
138.335, 84824
138.336, 84824
138.337, 84824
138.338, 84824
138.34, 84824
138.341, 84824
138.342, 84608
138.343, 84608
138.344, 84608
138.346, 84608
138.347, 84608
138.348, 84608
138.349, 84608
138.35, 84608
138.351, 84608
138.353, 84608
138.354, 84608
138.355, 84608
138.356, 84608
138.357, 84608
138.359, 84608
138.36, 84824
138.361, 84824
138.362, 84824
138.364, 84824
138.365, 84824
138.366, 84824
138.367, 84608
138.369, 84608
138.37, 84608
138.371, 84608
138.372, 84608
138.373, 84608
138.375, 84608
138.376, 84608
138.377, 84824
138.378, 84824
138.379, 84824
138.381, 84824
138.382, 84824
138.383, 84824
138.384, 84824
138.385, 84608
138.386, 84608
138.388, 84608
138.389, 84608
138.39, 84608
138.391, 84608
138.392, 84608
138.393, 84824
138.395, 84824
138.396, 84824
138.397, 84824
138.398, 84824
138.399, 84824
138.401, 84824
138.402, 84824
138.403, 84824
138.404, 84824
138.406, 84824
138.407, 84824
138.408, 84824
138.409, 84824
138.41, 84824
138.412, 84824
138.413, 84824
138.414, 84824
138.415, 84824
138.416, 84824
138.417, 84824
138.419, 84824
138.42, 84824
138.421, 84824
138.422, 84824
138.423, 84824
138.424, 84824
138.426, 84824
138.427, 84824
138.428, 84608
138.429, 84608
138.43, 84608
138.431, 84608
138.433, 84608
138.434, 84608
138.435, 84608
138.436, 84824
138.437, 84824
138.438, 84824
138.44, 84824
138.441, 84824
138.442, 84824
138.444, 84824
138.445, 84608
138.446, 84608
138.448, 84608
138.449, 84608
138.45, 84608
138.451, 84608
138.453, 84608
138.454, 84824
138.455, 84824
138.456, 84824
138.457, 84824
138.459, 84824
138.46, 84824
138.461, 84824
138.462, 84824
138.464, 84824
138.465, 84824
138.466, 84824
138.467, 84824
138.469, 84824
138.47, 84824
138.471, 84824
138.472, 84824
138.474, 84824
138.475, 84824
138.476, 84824
138.477, 84824
138.478, 84824
138.48, 84824
138.481, 84824
138.482, 84824
138.483, 84824
138.485, 84824
138.486, 84824
138.487, 84824
138.489, 84824
138.49, 84824
138.491, 84824
138.492, 84824
138.494, 84824
138.495, 84824
138.496, 84824
138.497, 84824
138.498, 84824
138.5, 84824
138.501, 84824
138.502, 84824
138.503, 84824
138.504, 84824
138.506, 84824
138.507, 84824
138.508, 84824
138.509, 84824
138.511, 84824
138.512, 84824
138.513, 84824
138.514, 84824
138.516, 84824
138.517, 84824
138.518, 84824
138.52, 84824
138.521, 84824
138.522, 84824
138.524, 84824
138.525, 84824
138.526, 84824
138.527, 84824
138.529, 84824
138.53, 84824
138.531, 84824
138.532, 84824
138.534, 84824
138.535, 84824
138.536, 84824
138.537, 84824
138.538, 84824
138.54, 84824
138.541, 84824
138.542, 84824
138.543, 84824
138.544, 84824
138.546, 84824
138.547, 84824
138.548, 84824
138.549, 84824
138.55, 84824
138.552, 84824
138.553, 84824
138.554, 84824
138.555, 84824
138.556, 84824
138.558, 84824
138.559, 84824
138.56, 84824
138.561, 84824
138.563, 84824
138.564, 84824
138.565, 84824
138.566, 84824
138.568, 84824
138.569, 84824
138.57, 84824
138.571, 84824
138.573, 84824
138.574, 84824
138.575, 84824
138.577, 84824
138.578, 84824
138.579, 84824
138.58, 84824
138.582, 84824
138.583, 84824
138.584, 84824
138.586, 84824
138.587, 84824
138.588, 84824
138.589, 84824
138.591, 84824
138.592, 84824
138.593, 84824
138.595, 84824
138.596, 84824
138.597, 84824
138.598, 84824
138.6, 84824
138.601, 84824
138.602, 84824
138.603, 84824
138.604, 84824
138.605, 84824
138.607, 84392
138.608, 84392
138.609, 84392
138.61, 84392
138.612, 84392
138.613, 84392
138.614, 84392
138.615, 84176
138.617, 84176
138.618, 84176
138.619, 84176
138.62, 84176
138.621, 84176
138.623, 84176
138.624, 84176
138.626, 84176
138.628, 84176
138.629, 84176
138.631, 84176
138.632, 84392
138.633, 84392
138.635, 84392
138.636, 84392
138.637, 84392
138.639, 84392
138.64, 84392
138.641, 84392
138.642, 84392
138.643, 84392
138.645, 84392
138.646, 84392
138.647, 84392
138.648, 84392
138.649, 83960
138.65, 83960
138.651, 83960
138.653, 83960
138.654, 83960
138.655, 83960
138.657, 83960
138.658, 83960
138.659, 83960
138.66, 83960
138.662, 83960
138.663, 83960
138.665, 83960
138.666, 83960
138.667, 84176
138.668, 84176
138.669, 84176
138.67, 84176
138.671, 84176
138.673, 84176
138.674, 84176
138.675, 83960
138.676, 83960
138.677, 83960
138.678, 83960
138.679, 83960
138.681, 83960
138.682, 83960
138.683, 83960
138.684, 83744
138.685, 83744
138.686, 83744
138.687, 83744
138.689, 83744
138.69, 83744
138.691, 83744
138.692, 83528
138.694, 83528
138.695, 83528
138.696, 83528
138.698, 83528
138.699, 83528
138.7, 83528
138.701, 83960
138.702, 83960
138.703, 83960
138.704, 83960
138.706, 83960
138.707, 83960
138.708, 83960
138.709, 83744
138.711, 83744
138.712, 83744
138.713, 83744
138.714, 83744
138.716, 83744
138.717, 83744
138.718, 84176
138.719, 84176
138.721, 84176
138.722, 84176
138.723, 84176
138.724, 84176
138.726, 84176
138.727, 84392
138.728, 84392
138.729, 84392
138.73, 84392
138.732, 84392
138.733, 84392
138.734, 83960
138.736, 83960
138.737, 83960
138.738, 83960
138.74, 83960
138.741, 83960
138.743, 83960
138.745, 83960
138.746, 83960
138.747, 83960
138.748, 83960
138.749, 83960
138.75, 83960
138.752, 84176
138.753, 84176
138.754, 84176
138.755, 84176
138.756, 84176
138.758, 84176
138.759, 84176
138.761, 84176
138.763, 84176
138.764, 84176
138.765, 84176
138.767, 84176
138.768, 84176
138.769, 84608
138.77, 84608
138.772, 84608
138.773, 84608
138.774, 84608
138.775, 84608
138.776, 84608
138.777, 84824
138.779, 84824
138.78, 84824
138.781, 84824
138.782, 84824
138.783, 84824
138.784, 84824
138.786, 85040
138.787, 85040
138.788, 85040
138.79, 85040
138.791, 85040
138.793, 85040
138.794, 85256
138.795, 85256
138.797, 85256
138.798, 85256
138.799, 85256
138.8, 85256
138.801, 85256
138.802, 85256
138.804, 85472
138.805, 85472
138.806, 85472
138.807, 85472
138.808, 85472
138.809, 85472
138.81, 85472
138.812, 85472
138.813, 85472
138.814, 85472
138.815, 85472
138.816, 85472
138.817, 85472
138.82, 85472
138.821, 85472
138.824, 85472
138.825, 85472
138.827, 85472
138.829, 85688
138.83, 85688
138.832, 85688
138.833, 85688
138.834, 85688
138.835, 85688
138.837, 85688
138.838, 85472
138.839, 85472
138.841, 85472
138.842, 85472
138.843, 85472
138.844, 85472
138.846, 85472
138.847, 85472
138.848, 85472
138.849, 85472
138.851, 85472
138.852, 85472
138.853, 85472
138.855, 85256
138.856, 85256
138.858, 85256
138.859, 85256
138.86, 85256
138.862, 85256
138.863, 85256
138.864, 85256
138.865, 85256
138.867, 85256
138.868, 85256
138.869, 85256
138.871, 85256
138.872, 85256
138.873, 85256
138.874, 85256
138.876, 85256
138.877, 85256
138.878, 85256
138.879, 85256
138.881, 85256
138.882, 85256
138.883, 85256
138.884, 85256
138.885, 85256
138.887, 85256
138.888, 85256
138.89, 85256
138.891, 85256
138.893, 85256
138.894, 85256
138.895, 85256
138.897, 85040
138.898, 85040
138.899, 85040
138.9, 85040
138.902, 85040
138.903, 85040
138.905, 85040
138.906, 85040
138.907, 85040
138.908, 85040
138.91, 85040
138.911, 85040
138.912, 85040
138.914, 84824
138.916, 84824
138.917, 84824
138.918, 84824
138.919, 84824
138.921, 84824
138.922, 85040
138.923, 85040
138.925, 85040
138.926, 85040
138.927, 85040
138.929, 85040
138.93, 85040
138.931, 84824
138.933, 84824
138.934, 84824
138.935, 84824
138.937, 84824
138.938, 84824
138.939, 84824
138.941, 84824
138.942, 84824
138.943, 84824
138.945, 84824
138.946, 84824
138.947, 84824
138.949, 84608
138.95, 84608
138.952, 84608
138.953, 84608
138.954, 84608
138.956, 84608
138.957, 84608
138.958, 84608
138.96, 84608
138.961, 84608
138.962, 84608
138.963, 84608
138.965, 84608
138.966, 84608
138.967, 84608
138.968, 84608
138.97, 84608
138.971, 84608
138.972, 84608
138.974, 84608
138.975, 84608
138.976, 84608
138.978, 84608
138.979, 84608
138.98, 84608
138.981, 84608
138.983, 84392
138.984, 84392
138.985, 84392
138.986, 84392
138.987, 84392
138.989, 84392
138.99, 84392
138.991, 84392
138.993, 84392
138.994, 84392
138.995, 84392
138.997, 84392
138.998, 84392
138.999, 84392
139.001, 84392
139.002, 84392
139.003, 84392
139.004, 84392
139.005, 84392
139.006, 84392
139.008, 84392
139.009, 84392
139.01, 84392
139.012, 84392
139.013, 84392
139.014, 84392
139.016, 84392
139.017, 84392
139.019, 84392
139.02, 84392
139.021, 84392
139.023, 84392
139.024, 84392
139.025, 84392
139.026, 84392
139.027, 84392
139.028, 84392
139.03, 84392
139.031, 84392
139.036, 84392
139.038, 84392
139.039, 84392
139.04, 84392
139.042, 84392
139.043, 84392
139.044, 84392
139.045, 84392
139.046, 84392
139.047, 84392
139.049, 84392
139.05, 84392
139.051, 84392
139.052, 84392
139.053, 84392
139.055, 84392
139.056, 84392
139.057, 84392
139.058, 84392
139.06, 84176
139.061, 84176
139.062, 84176
139.063, 84176
139.064, 84176
139.065, 84176
139.067, 84176
139.068, 84392
139.069, 84392
139.07, 84392
139.072, 84392
139.073, 84392
139.074, 84392
139.075, 84392
139.077, 84176
139.078, 84176
139.079, 84176
139.081, 84176
139.082, 84176
139.084, 84176
139.085, 84176
139.086, 84176
139.088, 84176
139.089, 84176
139.09, 84176
139.092, 84176
139.093, 84176
139.094, 84176
139.095, 84176
139.096, 84176
139.097, 84176
139.099, 84176
139.1, 84176
139.101, 84176
139.102, 84176
139.104, 84176
139.105, 84176
139.106, 84176
139.107, 84176
139.108, 84176
139.109, 84176
139.111, 83960
139.112, 83960
139.114, 83960
139.115, 83960
139.116, 83960
139.118, 83960
139.119, 83960
139.121, 83960
139.122, 83960
139.123, 83960
139.124, 83960
139.125, 83960
139.127, 83960
139.128, 83960
139.129, 83960
139.13, 83960
139.131, 83960
139.133, 83960
139.134, 83960
139.135, 83960
139.136, 83960
139.138, 83960
139.139, 83960
139.14, 83960
139.141, 83960
139.143, 83960
139.144, 83960
139.145, 83960
139.147, 83960
139.148, 83960
139.15, 83960
139.151, 83960
139.152, 83960
139.153, 83960
139.154, 83960
139.156, 83960
139.157, 83960
139.158, 83960
139.16, 83960
139.161, 83960
139.162, 83960
139.164, 83960
139.165, 83960
139.166, 83960
139.167, 83960
139.168, 83960
139.169, 83960
139.171, 83960
139.172, 83960
139.173, 83960
139.175, 83960
139.176, 83960
139.178, 83960
139.179, 83960
139.18, 83960
139.182, 83960
139.183, 83960
139.184, 83960
139.186, 83960
139.187, 83960
139.188, 83960
139.19, 83960
139.191, 83960
139.193, 83960
139.194, 83960
139.196, 84176
139.197, 84176
139.198, 84176
139.2, 84176
139.201, 84176
139.203, 84176
139.204, 83960
139.205, 83960
139.207, 83960
139.208, 83960
139.209, 83960
139.211, 83960
139.212, 83960
139.213, 83960
139.214, 83960
139.215, 83960
139.217, 83960
139.218, 83960
139.219, 83960
139.22, 83960
139.222, 83744
139.223, 83744
139.224, 83744
139.225, 83744
139.227, 83744
139.228, 83744
139.23, 83528
139.231, 83528
139.233, 83528
139.234, 83528
139.235, 83528
139.236, 83528
139.238, 83528
139.239, 83744
139.24, 83744
139.241, 83744
139.242, 83744
139.244, 83744
139.245, 83744
139.246, 83744
139.247, 83528
139.248, 83528
139.249, 83528
139.25, 83528
139.252, 83528
139.253, 83528
139.254, 83528
139.255, 83312
139.257, 83312
139.258, 83312
139.259, 83312
139.261, 83312
139.262, 83312
139.263, 83744
139.265, 83744
139.266, 83744
139.267, 83744
139.268, 83744
139.269, 83744
139.27, 83744
139.271, 83744
139.273, 83528
139.274, 83528
139.275, 83528
139.276, 83528
139.277, 83528
139.278, 83528
139.279, 83528
139.281, 83096
139.282, 83096
139.283, 83096
139.284, 83096
139.285, 83096
139.286, 83096
139.287, 83096
139.289, 83096
139.29, 83096
139.291, 83096
139.293, 83096
139.294, 83096
139.295, 83096
139.296, 83096
139.298, 83312
139.299, 83312
139.3, 83312
139.301, 83312
139.302, 83312
139.303, 83312
139.305, 83312
139.306, 83312
139.307, 83312
139.308, 83312
139.31, 83312
139.312, 83312
139.313, 83312
139.315, 83312
139.316, 83312
139.318, 83312
139.319, 83312
139.321, 83312
139.322, 83312
139.323, 83312
139.325, 83312
139.326, 83312
139.327, 83312
139.328, 83312
139.33, 83312
139.331, 83312
139.332, 83312
139.333, 83312
139.334, 83312
139.335, 83312
139.336, 83312
139.338, 83312
139.339, 83312
139.34, 83312
139.341, 83096
139.342, 83096
139.344, 83096
139.345, 83096
139.346, 83096
139.347, 83096
139.348, 83096
139.35, 83312
139.351, 83312
139.352, 83312
139.353, 83312
139.354, 83312
139.355, 83312
139.356, 83312
139.358, 83096
139.359, 83096
139.36, 83096
139.361, 83096
139.363, 83096
139.364, 83096
139.365, 83096
139.366, 83312
139.368, 83312
139.369, 83312
139.37, 83312
139.371, 83312
139.373, 83312
139.374, 83312
139.375, 83528
139.376, 83528
139.377, 83528
139.378, 83528
139.38, 83528
139.381, 83528
139.382, 83528
139.383, 83096
139.384, 83096
139.385, 83096
139.387, 83096
139.388, 83096
139.389, 83096
139.391, 83096
139.392, 83312
139.393, 83312
139.395, 83312
139.396, 83312
139.397, 83312
139.398, 83312
139.399, 83312
139.401, 83528
139.402, 83528
139.403, 83528
139.404, 83528
139.405, 83528
139.406, 83528
139.407, 83528
139.409, 83744
139.41, 83744
139.411, 83744
139.412, 83744
139.413, 83744
139.414, 83744
139.416, 83744
139.417, 83744
139.418, 83744
139.42, 83744
139.421, 83744
139.422, 83744
139.423, 83744
139.425, 83744
139.426, 83960
139.427, 83960
139.428, 83960
139.43, 83960
139.431, 83960
139.432, 83960
139.434, 83960
139.435, 83960
139.436, 83960
139.437, 83960
139.439, 83960
139.441, 83960
139.443, 83960
139.444, 83960
139.445, 83960
139.446, 83960
139.448, 83960
139.449, 83960
139.45, 83960
139.451, 83744
139.453, 83744
139.454, 83744
139.456, 83744
139.458, 83744
139.459, 83744
139.461, 83744
139.462, 83744
139.464, 83744
139.465, 83744
139.467, 83744
139.468, 83960
139.47, 83960
139.471, 83960
139.472, 83960
139.474, 83960
139.475, 83960
139.476, 83960
139.477, 83960
139.479, 83960
139.48, 83960
139.481, 83960
139.482, 83960
139.484, 83960
139.485, 83960
139.486, 83960
139.487, 83960
139.489, 83960
139.49, 83960
139.491, 83960
139.492, 83960
139.494, 83960
139.495, 83960
139.496, 83960
139.497, 83960
139.499, 83960
139.5, 83960
139.501, 83960
139.502, 83960
139.504, 83960
139.505, 83960
139.506, 83960
139.507, 83960
139.508, 83960
139.51, 83960
139.511, 83960
139.514, 83960
139.516, 83960
139.517, 83960
139.519, 83960
139.52, 83960
139.521, 83960
139.522, 83960
139.524, 83960
139.525, 83960
139.526, 83960
139.527, 83960
139.529, 83960
139.53, 83960
139.531, 83960
139.532, 83960
139.534, 83960
139.535, 83960
139.536, 83960
139.537, 84176
139.55, 84176
139.552, 84176
139.553, 84176
139.555, 84176
139.556, 84176
139.557, 84176
139.558, 84176
139.56, 84176
139.561, 84176
139.562, 84176
139.563, 84176
139.565, 84176
139.566, 84176
139.567, 84176
139.568, 84176
139.57, 84176
139.571, 84176
139.572, 84176
139.573, 84176
139.574, 84176
139.576, 84176
139.577, 84176
139.578, 84176
139.579, 84176
139.581, 84176
139.582, 84176
139.583, 84176
139.585, 84176
139.586, 84176
139.587, 84176
139.588, 84176
139.59, 84176
139.591, 84176
139.593, 84176
139.601, 84176
139.602, 84176
139.604, 84176
139.605, 84176
139.606, 84176
139.607, 84176
139.609, 84176
139.61, 84176
139.611, 84176
139.612, 84176
139.614, 83960
139.615, 83960
139.616, 83960
139.617, 83960
139.619, 83960
139.62, 83960
139.621, 83960
139.622, 83960
139.624, 83960
139.625, 83960
139.626, 83960
139.627, 83960
139.628, 83960
139.629, 83960
139.636, 83744
139.637, 83744
139.639, 83744
139.64, 83744
139.641, 83744
139.643, 83744
139.644, 83744
139.645, 83744
139.646, 83744
139.648, 83744
139.649, 83744
139.65, 83744
139.651, 83744
139.653, 83744
139.654, 83744
139.655, 83744
139.656, 83744
139.658, 83744
139.659, 83744
139.66, 83744
139.661, 83744
139.663, 83744
139.664, 83744
139.665, 83960
139.666, 83960
139.667, 83960
139.669, 83960
139.67, 83960
139.671, 83960
139.673, 83960
139.674, 83960
139.675, 83960
139.676, 83960
139.677, 83960
139.679, 83960
139.68, 83960
139.687, 83960
139.689, 83960
139.69, 83960
139.692, 83960
139.693, 83960
139.694, 83960
139.695, 83960
139.697, 83960
139.698, 83960
139.699, 83960
139.7, 83960
139.702, 83960
139.703, 83960
139.704, 83960
139.705, 83960
139.707, 83960
139.708, 83960
139.709, 83960
139.711, 83960
139.712, 83960
139.714, 83960
139.716, 83960
139.718, 83960
139.72, 83960
139.722, 83960
139.723, 83960
139.725, 83960
139.726, 83960
139.727, 83960
139.729, 83960
139.73, 83960
139.731, 83960
139.732, 83960
139.734, 83960
139.735, 83960
139.736, 83960
139.737, 83960
139.739, 83960
139.74, 83960
139.754, 83960
139.756, 83960
139.757, 83960
139.758, 83960
139.76, 83960
139.761, 83960
139.762, 83960
139.763, 83960
139.765, 83960
139.766, 83960
139.767, 83960
139.768, 83960
139.77, 83960
139.771, 83960
139.772, 83960
139.773, 83960
139.775, 83960
139.776, 83960
139.777, 83960
139.778, 83960
139.78, 83960
139.781, 83960
139.782, 83960
139.784, 83960
139.785, 83960
139.786, 83960
139.787, 83960
139.789, 83960
139.79, 83960
139.791, 83960
139.792, 83960
139.794, 83960
139.795, 83960
139.796, 83960
139.797, 83960
139.799, 83960
139.8, 83960
139.801, 83744
139.802, 83744
139.804, 83744
139.805, 83744
139.806, 83744
139.807, 83744
139.809, 83744
139.81, 83312
139.811, 83312
139.813, 83312
139.814, 83312
139.815, 83312
139.816, 83312
139.818, 83312
139.819, 83312
139.82, 83312
139.821, 83312
139.823, 83312
139.824, 83312
139.825, 83312
139.827, 83528
139.828, 83528
139.829, 83528
139.831, 83528
139.832, 83528
139.833, 83528
139.835, 83528
139.836, 83528
139.837, 83528
139.838, 83528
139.839, 83528
139.84, 83528
139.841, 83528
139.843, 83528
139.844, 83312
139.845, 83312
139.846, 83312
139.848, 83312
139.854, 83528
139.855, 83528
139.856, 83528
139.858, 83528
139.859, 83528
139.86, 83528
139.861, 83528
139.862, 83528
139.863, 83528
139.864, 83528
139.866, 83528
139.867, 83528
139.868, 83528
139.869, 83528
139.87, 83312
139.871, 83312
139.872, 83312
139.874, 83312
139.875, 83312
139.876, 83312
139.877, 83312
139.878, 83096
139.879, 83096
139.88, 83096
139.882, 83096
139.883, 83096
139.884, 83096
139.885, 83096
139.887, 83096
139.888, 83096
139.889, 83096
139.89, 83096
139.892, 83096
139.893, 83096
139.894, 83096
139.895, 83312
139.896, 83312
139.897, 83312
139.898, 83312
139.9, 83312
139.901, 83312
139.902, 83312
139.903, 83096
139.905, 83096
139.906, 83096
139.907, 83096
139.909, 83096
139.91, 83096
139.911, 83096
139.913, 83312
139.914, 83312
139.915, 83312
139.917, 83312
139.918, 83312
139.92, 83312
139.921, 83312
139.922, 83312
139.923, 83312
139.925, 83312
139.926, 83312
139.927, 83312
139.928, 83312
139.929, 83312
139.931, 83312
139.932, 83312
139.933, 83312
139.934, 83312
139.935, 83312
139.937, 83312
139.938, 83312
139.939, 83312
139.941, 83312
139.942, 83312
139.943, 83312
139.945, 83312
139.946, 83312
139.947, 83312
139.948, 83312
139.949, 83312
139.95, 83312
139.952, 83312
139.954, 83312
139.956, 83312
139.957, 83312
139.959, 83312
139.96, 83312
139.962, 83312
139.963, 83096
139.965, 83096
139.966, 83096
139.967, 83096
139.969, 83096
139.97, 83096
139.972, 83096
139.973, 83096
139.974, 83096
139.976, 83096
139.977, 83096
139.978, 83096
139.98, 83096
139.981, 83312
139.982, 83312
139.983, 83312
139.985, 83312
139.986, 83312
139.987, 83312
139.988, 83312
139.99, 83744
139.991, 83744
139.992, 83744
139.994, 83744
139.995, 83744
139.996, 83744
139.998, 84392
139.999, 84392
140, 84392
140.001, 84392
140.002, 84392
140.004, 84392
140.005, 84392
140.006, 84824
140.008, 84824
140.009, 84824
140.01, 84824
140.011, 84824
140.013, 84824
140.014, 84824
140.015, 84176
140.016, 84176
140.018, 84176
140.019, 84176
140.02, 84176
140.021, 84176
140.023, 84176
140.024, 84176
140.025, 84176
140.026, 84176
140.027, 84176
140.028, 84176
140.029, 84176
140.031, 84176
140.032, 84392
140.033, 84392
140.034, 84392
140.035, 84392
140.037, 84392
140.038, 84392
140.039, 84392
140.041, 84176
140.042, 84176
140.044, 84176
140.045, 84176
140.046, 84176
140.047, 84176
140.049, 84176
140.05, 84176
140.052, 84176
140.053, 84176
140.054, 84176
140.056, 84176
140.057, 84176
140.059, 84176
140.06, 84176
140.061, 84176
140.062, 84176
140.064, 84176
140.065, 84176
140.066, 84176
140.067, 84176
140.068, 84176
140.07, 84176
140.071, 84176
140.073, 84176
140.074, 84176
140.076, 84176
140.077, 84176
140.078, 84176
140.08, 84176
140.081, 84176
140.082, 84176
140.083, 84392
140.085, 84392
140.086, 84392
140.088, 84392
140.089, 84392
140.09, 84392
140.092, 84608
140.093, 84608
140.095, 84608
140.096, 84608
140.097, 84608
140.098, 84608
140.1, 84608
140.101, 84608
140.102, 84608
140.104, 84608
140.105, 84608
140.106, 84608
140.108, 84608
140.109, 84608
140.11, 84608
140.111, 84608
140.113, 84608
140.114, 84608
140.115, 84608
140.116, 84608
140.118, 84824
140.119, 84824
140.12, 84824
140.122, 84824
140.123, 84824
140.125, 84824
140.126, 84824
140.127, 84824
140.128, 84824
140.13, 84824
140.131, 84824
140.132, 84824
140.133, 84824
140.134, 85040
140.136, 85040
140.137, 85040
140.138, 85040
140.139, 85040
140.14, 85040
140.142, 85040
140.143, 85040
140.144, 85040
140.146, 85040
140.147, 85040
140.148, 85040
140.15, 85040
140.151, 85040
140.152, 85040
140.153, 85040
140.155, 85040
140.156, 85040
140.157, 85040
140.159, 85040
140.16, 85256
140.162, 85256
140.163, 85256
140.164, 85256
140.166, 85256
140.167, 85256
140.169, 85040
140.17, 85040
140.172, 85040
140.173, 85040
140.175, 85040
140.176, 85040
140.178, 85040
140.179, 85040
140.181, 85040
140.183, 85040
140.184, 85040
140.186, 85040
140.187, 85040
140.188, 85040
140.19, 85040
140.191, 85040
140.192, 85040
140.197, 85040
140.198, 85040
140.199, 85040
140.201, 85040
140.202, 85040
140.203, 85040
140.205, 85040
140.206, 85040
140.208, 85040
140.209, 85040
140.211, 85040
140.212, 85040
140.214, 85040
140.215, 85040
140.217, 85040
140.218, 85040
140.22, 85040
140.221, 85040
140.222, 85040
140.224, 85040
140.225, 85040
140.226, 85040
140.228, 85040
140.229, 85040
140.23, 85040
140.232, 85040
140.233, 85040
140.234, 85040
140.236, 85040
140.237, 85040
140.239, 85040
140.24, 85040
140.242, 85040
140.243, 85040
140.245, 84824
140.246, 84824
140.248, 84824
140.249, 84824
140.25, 84824
140.252, 84824
140.253, 84824
140.255, 84824
140.256, 84824
140.258, 84824
140.259, 84824
140.261, 84824
140.262, 84824
140.264, 84824
140.266, 84824
140.267, 84824
140.269, 84824
140.27, 84824
140.272, 84824
140.273, 84824
140.275, 84824
140.276, 84824
140.278, 84824
140.279, 84824
140.281, 84824
140.282, 84824
140.283, 84824
140.284, 84824
140.286, 84824
140.287, 84824
140.288, 84824
140.289, 84824
140.291, 84824
140.292, 84824
140.294, 84824
140.295, 84824
140.297, 84824
140.298, 84824
140.3, 84824
140.301, 84824
140.303, 84824
140.305, 84824
140.306, 84824
140.308, 84824
140.31, 84824
140.311, 84824
140.313, 84824
140.314, 84824
140.316, 84824
140.317, 84824
140.319, 84824
140.32, 84824
140.321, 84824
140.323, 84824
140.324, 84824
140.326, 84824
140.328, 84824
140.329, 84824
140.33, 84824
140.332, 84824
140.333, 84824
140.335, 84824
140.337, 84824
140.339, 84824
140.34, 84824
140.342, 84824
140.343, 84824
140.345, 84824
140.346, 84824
140.348, 84824
140.35, 84824
140.351, 84824
140.353, 84824
140.354, 84824
140.355, 84824
140.357, 84824
140.358, 84824
140.36, 84824
140.361, 84824
140.363, 84824
140.365, 84824
140.366, 84824
140.368, 84824
140.369, 84824
140.371, 84824
140.372, 84824
140.373, 84824
140.375, 84824
140.376, 84824
140.378, 84824
140.379, 84824
140.381, 84824
140.382, 84824
140.384, 84824
140.385, 84824
140.387, 84824
140.389, 84824
140.391, 84824
140.394, 84824
140.396, 84824
140.398, 84824
140.399, 84824
140.4, 84824
140.402, 84824
140.403, 84824
140.405, 84824
140.406, 84824
140.407, 84824
140.409, 84824
140.411, 84824
140.412, 84824
140.414, 84824
140.415, 84824
140.417, 84824
140.418, 84824
140.419, 84824
140.421, 84824
140.422, 84824
140.423, 84824
140.424, 84392
140.426, 84392
140.427, 84392
140.428, 84392
140.43, 84392
140.431, 84392
140.432, 84392
140.434, 84176
140.435, 84176
140.436, 84176
140.438, 84176
140.439, 84176
140.441, 84176
140.445, 84176
140.446, 84176
140.448, 84176
140.449, 84176
140.45, 84176
140.452, 84176
140.459, 84392
140.46, 84392
140.461, 84392
140.463, 84392
140.464, 84392
140.466, 84392
140.467, 83960
140.469, 83960
140.47, 83960
140.472, 83960
140.476, 84176
140.477, 84176
140.478, 84176
140.48, 84176
140.481, 84176
140.483, 84176
140.484, 84176
140.485, 84176
140.486, 84176
140.487, 84176
140.489, 84176
140.49, 84176
140.491, 84176
140.492, 84176
140.493, 83960
140.495, 83960
140.496, 83960
140.497, 83960
140.498, 83960
140.499, 83960
140.5, 83960
140.502, 83744
140.503, 83744
140.504, 83744
140.505, 83744
140.506, 83744
140.508, 83744
140.509, 83960
140.511, 83960
140.512, 83960
140.514, 83960
140.515, 83960
140.516, 83960
140.517, 83960
140.518, 83960
140.52, 83960
140.521, 83960
140.522, 83960
140.523, 83960
140.527, 83960
140.53, 83960
140.533, 83960
140.541, 84176
140.542, 84176
140.544, 84392
140.545, 84392
140.546, 84392
140.547, 84392
140.548, 84392
140.549, 84392
140.55, 84392
140.552, 84392
140.553, 84608
140.557, 84608
140.558, 84608
140.56, 84608
140.561, 84824
140.562, 84824
140.563, 84824
140.564, 84824
140.565, 84824
140.567, 84824
140.568, 84824
140.569, 84824
140.57, 85040
140.578, 85040
140.583, 85040
140.585, 85040
140.586, 85040
140.587, 85256
140.588, 85256
140.589, 85256
140.59, 85256
140.592, 85256
140.593, 85256
140.594, 85256
140.595, 84608
140.596, 84608
140.597, 84608
140.598, 84608
140.601, 84608
140.602, 84608
140.604, 84608
140.61, 84608
140.611, 84608
140.613, 85040
140.614, 85040
140.616, 85040
140.617, 85040
140.618, 85040
140.619, 85040
140.62, 85040
140.622, 85040
140.623, 85040
140.624, 85040
140.625, 85040
140.626, 85040
140.628, 85040
140.629, 85040
140.63, 85040
140.631, 85040
140.632, 85040
140.633, 85040
140.635, 85040
140.636, 85040
140.637, 85040
140.638, 85256
140.64, 85256
140.641, 85256
140.642, 85256
140.644, 85256
140.645, 85256
140.647, 85256
140.648, 85256
140.649, 85256
140.65, 85256
140.651, 85256
140.653, 85256
140.654, 85256
140.655, 85256
140.656, 85256
140.658, 85256
140.659, 85256
140.66, 85256
140.661, 85256
140.663, 85040
140.664, 85040
140.666, 85040
140.667, 85040
140.668, 85040
140.67, 85040
140.672, 85040
140.673, 85040
140.675, 85040
140.676, 85040
140.677, 85040
140.679, 85040
140.68, 85040
140.681, 85040
140.683, 85040
140.684, 85040
140.685, 85040
140.687, 85040
140.688, 85040
140.689, 85040
140.69, 85040
140.692, 85040
140.693, 85040
140.694, 85040
140.695, 85040
140.696, 85040
140.698, 84824
140.699, 84824
140.7, 84824
140.701, 84824
140.703, 84824
140.704, 84824
140.705, 84824
140.706, 84608
140.708, 84608
140.709, 84608
140.71, 84608
140.711, 84608
140.712, 84608
140.713, 84608
140.715, 84824
140.716, 84824
140.718, 84824
140.719, 84824
140.72, 84824
140.721, 84824
140.722, 84824
140.724, 84824
140.725, 84824
140.726, 84824
140.728, 84824
140.729, 84824
140.73, 84824
140.731, 84824
140.732, 84824
140.734, 84824
140.735, 84824
140.736, 84824
140.737, 84824
140.739, 84824
140.74, 84824
140.741, 84824
140.742, 84824
140.743, 84824
140.745, 84824
140.746, 84824
140.747, 84824
140.748, 84824
140.749, 84824
140.751, 84824
140.752, 84824
140.753, 84824
140.754, 84824
140.755, 84824
140.756, 84824
140.757, 84824
140.759, 84824
140.76, 84824
140.761, 84824
140.762, 84824
140.763, 84824
140.765, 84824
140.766, 84608
140.767, 84608
140.768, 84608
140.77, 84608
140.771, 84608
140.772, 84608
140.774, 84608
140.775, 84608
140.777, 84608
140.778, 84608
140.779, 84608
140.781, 84608
140.782, 84608
140.784, 84608
140.785, 84608
140.787, 84608
140.788, 84608
140.789, 84608
140.79, 84608
140.791, 84608
140.792, 84608
140.794, 84608
140.795, 84608
140.796, 84608
140.798, 84608
140.799, 84608
140.8, 84608
140.801, 84608
140.803, 84608
140.804, 84608
140.805, 84608
140.806, 84608
140.808, 84608
140.809, 84392
140.81, 84392
140.811, 84392
140.813, 84392
140.814, 84392
140.816, 84392
140.817, 84392
140.819, 84392
140.82, 84392
140.822, 84392
140.823, 84392
140.825, 84392
140.826, 84392
140.828, 84392
140.829, 84392
140.831, 84392
140.832, 84392
140.834, 84608
140.835, 84608
140.836, 84608
140.838, 84608
140.839, 84608
140.84, 84608
140.842, 84608
140.843, 84608
140.844, 84608
140.846, 84608
140.847, 84608
140.849, 84608
140.85, 84608
140.852, 84608
140.853, 84608
140.855, 84608
140.857, 84608
140.858, 84608
140.86, 84608
140.861, 84608
140.863, 84608
140.864, 84608
140.865, 84608
140.867, 84608
140.868, 84608
140.87, 84608
140.871, 84608
140.872, 84608
140.874, 84608
140.875, 84608
140.877, 84608
140.878, 84608
140.88, 84608
140.881, 84608
140.883, 84608
140.884, 84608
140.886, 84824
140.887, 84824
140.889, 84824
140.89, 84824
140.892, 84824
140.893, 84608
140.895, 84608
140.896, 84608
140.898, 84608
140.899, 84608
140.9, 84608
140.902, 84608
140.903, 84608
140.905, 84608
140.907, 84608
140.908, 84608
140.909, 84608
140.911, 84608
140.912, 84608
140.914, 84608
140.916, 84608
140.917, 84608
140.918, 84608
140.919, 84608
140.921, 84608
140.922, 84608
140.923, 84608
140.924, 84608
140.926, 84608
140.927, 84608
140.929, 84392
140.93, 84392
140.932, 84392
140.933, 84392
140.934, 84392
140.936, 84392
140.937, 84392
140.938, 84392
140.939, 84392
140.941, 84392
140.942, 84392
140.943, 84392
140.945, 84176
140.946, 84176
140.948, 84176
140.95, 84176
140.951, 84176
140.953, 84176
140.954, 84392
140.955, 84392
140.957, 84392
140.959, 84392
140.961, 84392
140.963, 84392
140.964, 84392
140.966, 84392
140.968, 84392
140.971, 84392
140.976, 84392
140.983, 84176
141.003, 83744
141.007, 83744
141.011, 83744
141.016, 83744
141.02, 83744
141.023, 83744
141.026, 83744
141.028, 83744
141.029, 83744
141.031, 83960
141.033, 83960
141.035, 83960
141.042, 83960
141.055, 83744
141.058, 83744
141.06, 83744
141.061, 83744
141.063, 83744
141.083, 83960
141.088, 83960
141.089, 83960
141.093, 83960
141.1, 84176
141.103, 84176
141.104, 84176
141.108, 84176
141.109, 84176
141.115, 83960
141.118, 83960
141.12, 83960
141.122, 83960
141.125, 83744
141.129, 83528
141.142, 83528
141.147, 83528
141.15, 83528
141.152, 83528
141.154, 83528
141.156, 83528
141.163, 83528
141.168, 83528
141.173, 83528
141.178, 83528
141.184, 83744
141.191, 83744
141.195, 83528
141.204, 83312
141.206, 83312
141.208, 83312
141.218, 83744
141.219, 83744
141.221, 83744
141.222, 83744
141.223, 83744
141.225, 83744
141.228, 83528
141.234, 83528
141.236, 83528
141.237, 83528
141.238, 83528
141.24, 83528
141.241, 83528
141.242, 83528
141.244, 83312
141.245, 83312
141.249, 83312
141.254, 83312
141.256, 83312
141.26, 83312
141.262, 83528
141.263, 83528
141.264, 83528
141.266, 83528
141.267, 83528
141.268, 83528
141.269, 83528
141.27, 83528
141.272, 83528
141.273, 83528
141.274, 83528
141.276, 83528
141.278, 83312
141.282, 83312
141.285, 83312
141.287, 83528
141.29, 83528
141.292, 83528
141.293, 83528
141.296, 83528
141.301, 83528
141.304, 83744
141.308, 83744
141.313, 83528
141.321, 83312
141.323, 83312
141.324, 83312
141.327, 83312
141.332, 83744
141.336, 83744
141.34, 83744
141.344, 83744
141.35, 83744
141.353, 83744
141.355, 83744
141.356, 83744
141.359, 83960
141.382, 83528
141.386, 83528
141.398, 83528
141.405, 83528
141.411, 83528
141.413, 83528
141.424, 83744
141.426, 83744
141.427, 83744
141.428, 83744
141.429, 83744
141.431, 83744
141.432, 83960
141.433, 83960
141.434, 83960
141.435, 83960
141.439, 83960
141.442, 84176
141.445, 84176
141.45, 84176
141.452, 84176
141.453, 84176
141.454, 84176
141.458, 84392
141.461, 84392
141.462, 84392
141.465, 84608
141.467, 84608
141.471, 84608
141.472, 84608
141.473, 84824
141.475, 84824
141.476, 84824
141.479, 84824
141.481, 84824
141.482, 84824
141.483, 84608
141.487, 84608
141.489, 84608
141.491, 84824
141.492, 84824
141.494, 84824
141.495, 84824
141.497, 84824
141.498, 84824
141.499, 85040
141.5, 85040
141.502, 85040
141.504, 85040
141.505, 85040
141.507, 85040
141.508, 84824
141.511, 84824
141.512, 84824
141.513, 84824
141.515, 84824
141.516, 84824
141.519, 84824
141.521, 84824
141.526, 84824
141.527, 84824
141.531, 84824
141.537, 84824
141.539, 84824
141.549, 84608
141.552, 84824
141.554, 84824
141.555, 84824
141.561, 84824
141.564, 84824
141.567, 84824
141.572, 84824
141.574, 84824
141.575, 84824
141.576, 84608
141.577, 84608
141.578, 84608
141.583, 84608
141.585, 84392
141.586, 84392
141.587, 84392
141.589, 84392
141.598, 84392
141.599, 84392
141.601, 84392
141.602, 84608
141.603, 84608
141.605, 84608
141.606, 84608
141.607, 84608
141.608, 84608
141.61, 84608
141.611, 84608
141.612, 84608
141.613, 84608
141.614, 84608
141.616, 84608
141.617, 84608
141.618, 84608
141.619, 84608
141.621, 84608
141.622, 84608
141.623, 84608
141.624, 84608
141.626, 84608
141.635, 84608
141.637, 84392
141.638, 84392
141.64, 84392
141.641, 84392
141.643, 84392
141.644, 84176
141.647, 84176
141.648, 84176
141.65, 84176
141.66, 84176
141.663, 84176
141.674, 83960
141.676, 83960
141.678, 83960
141.684, 84176
141.698, 83744
141.7, 83744
141.701, 83744
141.702, 83744
141.704, 83960
141.707, 83960
141.714, 83960
141.724, 83960
141.725, 83960
141.732, 83960
141.735, 83960
141.744, 83960
141.75, 83960
141.758, 83960
141.762, 83960
141.765, 84176
141.769, 84176
141.787, 83960
141.789, 83960
141.791, 83960
141.792, 83960
141.794, 83960
141.796, 83960
141.812, 83960
141.815, 83960
141.819, 83960
141.826, 83960
141.828, 83960
141.829, 83960
141.83, 83960
141.833, 84176
141.838, 84176
141.84, 84176
141.848, 84176
141.851, 84176
141.853, 84176
141.855, 84176
141.857, 84176
141.858, 83960
141.86, 83960
141.861, 83960
141.863, 83960
141.865, 83960
141.866, 83744
141.868, 83744
141.869, 83744
141.87, 83744
141.872, 83744
141.874, 83960
141.879, 83960
141.883, 83960
141.885, 83960
141.889, 83960
141.894, 83960
141.897, 83960
141.898, 83960
141.9, 83960
141.902, 83960
141.903, 83960
141.911, 83960
141.917, 83744
141.925, 83744
141.931, 83744
141.933, 83744
141.939, 83960
141.942, 83744
141.954, 83744
141.957, 83744
141.959, 83744
141.961, 83744
141.964, 83744
141.968, 83528
141.975, 83528
141.986, 83528
141.995, 83528
142.007, 83528
142.011, 83744
142.015, 83744
142.016, 83744
142.018, 83744
142.02, 83744
142.023, 83744
142.037, 83744
142.041, 83744
142.044, 83744
142.046, 83744
142.049, 83744
142.058, 83744
142.063, 83960
142.066, 83960
142.076, 83960
142.08, 83960
142.083, 83960
142.088, 83744
142.091, 83744
142.092, 83744
142.094, 83744
142.095, 83744
142.097, 83744
142.098, 83744
142.1, 83744
142.101, 83744
142.102, 83744
142.103, 83744
142.105, 83744
142.106, 83744
142.108, 83744
142.109, 83744
142.111, 83744
142.112, 83744
142.114, 83960
142.115, 83960
142.117, 83960
142.118, 83960
142.12, 83960
142.121, 83960
142.122, 84176
142.124, 84176
142.125, 84176
142.126, 84176
142.128, 84176
142.129, 84176
142.13, 84176
142.132, 83744
142.133, 83744
142.134, 83744
142.136, 83744
142.14, 83960
142.141, 83960
142.143, 83960
142.144, 83960
142.146, 83960
142.147, 83960
142.149, 84176
142.15, 84176
142.151, 84176
142.152, 84176
142.153, 84176
142.154, 84176
142.155, 84176
142.157, 83744
142.158, 83744
142.159, 83744
142.16, 83744
142.161, 83744
142.162, 83744
142.164, 83744
142.165, 83744
142.166, 83744
142.168, 83744
142.169, 83744
142.171, 83744
142.172, 83744
142.173, 83960
142.175, 83960
142.176, 83960
142.178, 83960
142.179, 83960
142.18, 83960
142.181, 83960
142.183, 83960
142.184, 83960
142.185, 83960
142.192, 83960
142.202, 83960
142.209, 83960
142.222, 83960
142.225, 83960
142.227, 83960
142.229, 83960
142.231, 83960
142.232, 83960
142.242, 83960
142.247, 83960
142.249, 83960
142.25, 83744
142.252, 83744
142.253, 83744
142.254, 83744
142.255, 83744
142.257, 83744
142.258, 83744
142.259, 83528
142.261, 83528
142.276, 83744
142.278, 83744
142.28, 83744
142.281, 83744
142.282, 83744
142.283, 83744
142.285, 83528
142.286, 83528
142.287, 83528
142.288, 83528
142.302, 83528
142.314, 83528
142.32, 83528
142.328, 83744
142.341, 83528
142.343, 83528
142.354, 83744
142.356, 83744
142.357, 83744
142.358, 83744
142.36, 83744
142.361, 83744
142.365, 83312
142.373, 83312
142.381, 83528
142.387, 83312
142.391, 83312
142.399, 83528
142.407, 83528
142.423, 83744
142.43, 83744
142.436, 83744
142.437, 83744
142.444, 83960
142.451, 83960
142.454, 83960
142.457, 84176
142.46, 84176
142.462, 84176
142.468, 84176
142.47, 84176
142.476, 84176
142.488, 83960
142.49, 83960
142.493, 83960
142.507, 83744
142.512, 83744
142.518, 83744
142.522, 83744
142.525, 83528
142.531, 83312
142.535, 83312
142.543, 83312
142.547, 83312
142.551, 83528
142.553, 83528
142.554, 83528
142.555, 83528
142.56, 83528
142.569, 83528
142.575, 83528
142.588, 83528
142.594, 83528
142.607, 83528
142.61, 83312
142.614, 83312
142.619, 83528
142.628, 83528
142.63, 83528
142.632, 83528
142.633, 83528
142.637, 83528
142.641, 83528
142.645, 83312
142.655, 83312
142.658, 83312
142.661, 83528
142.662, 83528
142.666, 83528
142.668, 83528
142.669, 83528
142.672, 83528
142.674, 83528
142.675, 83528
142.676, 83528
142.677, 83744
142.683, 83744
142.685, 83744
142.686, 83960
142.687, 83960
142.688, 83960
142.69, 83960
142.704, 84176
142.706, 84176
142.708, 84176
142.709, 84176
142.714, 84392
142.718, 84392
142.719, 84392
142.723, 84392
142.733, 84608
142.734, 84608
142.736, 84608
142.746, 84608
142.747, 84608
142.748, 84608
142.75, 84608
142.751, 84608
142.752, 84608
142.753, 84608
142.754, 84824
142.756, 84824
142.757, 84824
142.758, 84824
142.765, 84392
142.767, 84392
142.768, 84392
142.769, 84392
142.775, 84392
142.777, 84392
142.784, 84392
142.785, 84392
142.786, 84392
142.787, 84392
142.788, 84392
142.79, 84392
142.791, 84392
142.792, 84392
142.794, 84392
142.802, 84176
142.811, 84392
142.826, 84392
142.828, 84392
142.83, 84392
142.839, 84392
142.847, 84392
142.856, 84608
142.858, 84608
142.866, 84608
142.873, 84608
142.883, 84824
142.884, 84824
142.886, 84824
142.887, 84824
142.889, 84824
142.89, 84608
142.891, 84608
142.893, 84608
142.894, 84608
142.896, 84608
142.898, 84608
142.899, 84608
142.901, 84608
142.91, 84608
142.911, 84608
142.913, 84608
142.914, 84608
142.916, 84608
142.917, 84608
142.918, 84608
142.92, 84608
142.921, 84608
142.923, 84608
142.924, 84608
142.925, 84608
142.927, 84608
142.928, 84608
142.931, 84608
142.933, 84392
142.934, 84392
142.936, 84392
142.937, 84392
142.938, 84392
142.946, 84392
142.947, 84392
142.949, 84392
142.95, 84392
142.951, 84392
142.953, 84392
142.954, 84392
142.956, 84392
142.957, 84392
142.958, 84176
142.96, 84176
142.961, 84176
142.962, 84176
142.964, 84176
142.965, 84176
142.966, 84176
142.968, 84176
142.969, 84176
142.97, 84176
142.972, 84176
142.974, 84176
142.977, 83960
142.98, 83960
142.982, 83960
142.983, 83960
142.985, 84176
142.986, 84176
142.987, 84176
142.989, 84176
142.99, 84176
142.991, 84176
142.992, 84392
142.994, 84392
142.995, 84392
142.996, 84392
142.997, 84392
142.998, 84392
142.999, 84392
143, 84392
143.002, 84176
143.003, 84176
143.004, 84176
143.005, 84176
143.007, 84176
143.01, 84392
143.011, 84392
143.013, 84392
143.014, 84392
143.015, 84392
143.016, 84392
143.017, 84392
143.018, 84392
143.019, 84392
143.02, 84392
143.022, 84392
143.023, 84392
143.024, 84392
143.025, 84392
143.026, 84392
143.027, 84176
143.028, 84176
143.03, 84176
143.031, 84176
143.032, 84176
143.033, 84176
143.034, 84176
143.035, 83960
143.036, 83960
143.038, 83960
143.043, 83960
143.045, 83960
143.046, 83960
143.047, 83960
143.048, 83960
143.049, 83960
143.051, 83960
143.052, 83960
143.053, 84176
143.054, 84176
143.055, 84176
143.064, 84176
143.066, 84176
143.069, 84176
143.07, 84824
143.071, 84824
143.073, 84824
143.074, 84824
143.075, 84824
143.076, 84824
143.077, 84824
143.078, 84824
143.079, 84824
143.081, 84824
143.082, 84824
143.083, 84824
143.084, 84824
143.089, 85040
143.09, 85040
143.091, 85040
143.092, 85040
143.093, 85040
143.094, 85040
143.096, 85040
143.097, 85040
143.098, 85040
143.099, 85040
143.1, 85040
143.102, 85040
143.11, 84824
143.115, 84824
143.117, 84824
143.118, 84824
143.119, 84824
143.12, 84824
143.121, 84824
143.122, 84824
143.124, 84824
143.125, 84824
143.126, 84824
143.127, 84824
143.128, 84824
143.129, 84392
143.131, 84392
143.132, 84392
143.133, 84392
143.135, 84392
143.136, 84392
143.137, 84392
143.139, 84392
143.14, 84392
143.141, 84392
143.142, 84392
143.143, 84392
143.145, 84392
143.146, 84392
143.147, 84608
143.148, 84608
143.149, 84608
143.151, 84608
143.152, 84608
143.153, 84608
143.154, 84608
143.155, 84824
143.156, 84824
143.158, 84824
143.159, 84824
143.16, 84824
143.161, 84824
143.163, 84824
143.164, 84824
143.165, 84824
143.166, 84824
143.168, 84824
143.169, 84824
143.17, 84824
143.171, 84824
143.173, 85040
143.174, 85040
143.175, 85040
143.176, 85040
143.178, 85040
143.179, 85040
143.18, 85040
143.181, 85040
143.183, 85040
143.184, 85040
143.185, 85040
143.186, 85040
143.188, 85040
143.19, 85040
143.192, 85040
143.193, 85040
143.195, 85040
143.196, 85040
143.197, 84824
143.199, 84824
143.2, 84824
143.202, 84824
143.203, 84824
143.204, 84824
143.206, 84824
143.207, 84824
143.208, 84824
143.209, 84824
143.211, 84824
143.212, 84824
143.213, 84824
143.214, 84824
143.215, 84824
143.217, 84824
143.218, 84824
143.219, 84824
143.22, 84824
143.221, 84824
143.223, 84824
143.224, 84824
143.225, 84824
143.226, 84824
143.227, 84824
143.228, 84824
143.23, 84824
143.231, 84824
143.232, 84824
143.234, 84824
143.235, 84824
143.237, 84824
143.238, 84824
143.239, 84824
143.241, 84824
143.242, 84824
143.243, 84824
143.245, 84824
143.246, 84824
143.247, 84824
143.249, 84824
143.25, 84824
143.252, 84824
143.253, 84824
143.255, 84824
143.256, 84824
143.258, 84824
143.259, 84824
143.261, 84824
143.262, 84824
143.263, 84824
143.265, 84824
143.266, 84824
143.267, 84824
143.269, 84824
143.27, 84824
143.271, 84824
143.273, 84824
143.275, 84824
143.276, 84824
143.277, 84824
143.279, 84824
143.28, 84824
143.282, 84824
143.283, 84608
143.285, 84608
143.286, 84608
143.288, 84608
143.289, 84608
143.291, 84608
143.293, 84608
143.294, 84608
143.295, 84608
143.296, 84608
143.298, 84608
143.299, 84608
143.301, 84608
143.302, 84608
143.303, 84608
143.305, 84608
143.306, 84608
143.307, 84608
143.309, 84608
143.31, 84608
143.311, 84608
143.312, 84608
143.314, 84608
143.315, 84608
143.316, 84608
143.317, 84608
143.319, 84608
143.32, 84608
143.321, 84608
143.322, 84608
143.323, 84608
143.324, 84608
143.326, 84608
143.328, 84608
143.329, 84608
143.33, 84608
143.332, 84608
143.333, 84608
143.334, 84392
143.335, 84392
143.337, 84392
143.338, 84392
143.339, 84392
143.341, 84392
143.342, 84392
143.343, 84392
143.345, 84392
143.346, 84392
143.347, 84392
143.348, 84392
143.349, 84392
143.35, 84392
143.352, 84608
143.353, 84608
143.354, 84608
143.355, 84608
143.357, 84608
143.359, 84608
143.36, 84392
143.361, 84392
143.362, 84392
143.363, 84392
143.365, 84392
143.366, 84392
143.367, 84392
143.368, 84392
143.37, 84392
143.371, 84392
143.372, 84392
143.373, 84392
143.374, 84392
143.375, 84392
143.377, 84608
143.378, 84608
143.379, 84608
143.38, 84608
143.382, 84608
143.383, 84608
143.384, 84608
143.386, 84392
143.388, 84392
143.389, 84392
143.391, 84392
143.392, 84392
143.394, 84392
143.395, 84392
143.397, 84392
143.398, 84392
143.4, 84392
143.401, 84392
143.402, 84392
143.403, 84392
143.405, 84392
143.406, 84392
143.407, 84392
143.408, 84392
143.41, 84392
143.411, 84392
143.412, 84392
143.413, 84392
143.415, 84392
143.416, 84392
143.417, 84392
143.418, 84392
143.422, 84392
143.424, 84392
143.425, 84392
143.426, 84392
143.428, 84176
143.429, 84176
143.43, 84176
143.431, 84176
143.432, 84176
143.434, 84176
143.435, 84176
143.436, 84176
143.437, 84176
143.439, 84176
143.441, 84176
143.442, 84176
143.443, 84176
143.445, 84176
143.446, 84176
143.447, 84176
143.449, 84176
143.45, 84176
143.452, 84176
143.453, 84176
143.455, 84176
143.456, 84176
143.457, 84176
143.459, 84176
143.46, 84176
143.461, 84176
143.463, 84176
143.464, 84176
143.466, 84176
143.467, 84176
143.469, 84176
143.47, 84392
143.472, 84392
143.473, 84392
143.474, 84392
143.476, 84392
143.477, 84392
143.478, 84392
143.48, 84392
143.481, 84392
143.483, 84392
143.484, 84392
143.486, 84392
143.487, 84392
143.489, 84392
143.49, 84392
143.491, 84392
143.493, 84392
143.494, 84392
143.495, 84392
143.497, 84392
143.498, 84392
143.499, 84392
143.5, 84392
143.502, 84392
143.503, 84392
143.505, 84608
143.507, 84608
143.508, 84608
143.51, 84608
143.511, 84608
143.512, 84608
143.514, 84392
143.515, 84392
143.517, 84392
143.518, 84392
143.52, 84392
143.521, 84392
143.523, 84392
143.524, 84392
143.525, 84392
143.527, 84392
143.528, 84392
143.529, 84392
143.531, 84392
143.532, 84392
143.533, 84392
143.534, 84392
143.536, 84392
143.537, 84392
143.539, 84392
143.54, 84392
143.542, 84392
143.543, 84392
143.545, 84392
143.546, 84392
143.548, 84392
143.549, 84392
143.551, 84392
143.552, 84392
143.553, 84392
143.554, 84392
143.555, 84392
143.556, 84176
143.558, 84176
143.559, 84176
143.56, 84176
143.561, 84176
143.563, 84176
143.564, 84176
143.565, 83960
143.567, 83960
143.568, 83960
143.569, 83960
143.571, 83960
143.573, 83744
143.574, 83744
143.576, 83744
143.577, 83744
143.579, 83744
143.58, 83744
143.585, 83960
143.586, 83960
143.587, 83960
143.589, 83960
143.59, 84176
143.595, 84176
143.596, 84176
143.597, 84176
143.598, 83528
143.6, 83528
143.601, 83528
143.602, 83528
143.603, 83528
143.605, 83528
143.606, 83528
143.607, 83744
143.609, 83744
143.61, 83744
143.612, 83744
143.613, 83744
143.614, 83744
143.615, 83744
143.616, 83744
143.617, 83744
143.619, 83744
143.62, 83744
143.621, 83744
143.622, 83744
143.623, 83744
143.624, 83528
143.625, 83528
143.627, 83528
143.628, 83528
143.629, 83528
143.63, 83528
143.631, 83528
143.632, 83528
143.633, 83528
143.635, 83528
143.636, 83528
143.637, 83528
143.638, 83528
143.643, 83744
143.644, 83744
143.645, 83744
143.647, 83744
143.648, 83744
143.649, 83744
143.65, 83960
143.651, 83960
143.652, 83960
143.653, 83960
143.655, 83960
143.656, 83960
143.663, 83960
143.665, 83960
143.666, 83960
143.669, 84608
143.67, 84608
143.671, 84608
143.673, 84608
143.674, 84608
143.675, 84608
143.676, 85040
143.677, 85040
143.678, 85040
143.679, 85040
143.681, 85040
143.682, 85040
143.687, 85256
143.689, 85256
143.69, 85256
143.691, 85256
143.692, 85256
143.693, 85256
143.694, 85256
143.695, 85256
143.697, 85256
143.698, 85256
143.699, 85256
143.7, 85256
143.701, 85256
143.703, 85256
143.704, 85256
143.705, 85256
143.707, 85256
143.708, 85256
143.709, 85040
143.711, 85040
143.712, 85040
143.713, 85040
143.715, 85040
143.716, 85040
143.717, 85040
143.718, 85040
143.719, 85040
143.721, 85040
143.722, 85040
143.723, 85040
143.724, 85040
143.725, 85040
143.726, 85040
143.727, 84608
143.729, 84608
143.73, 84608
143.731, 84608
143.732, 84608
143.734, 84608
143.735, 84608
143.736, 84608
143.738, 84608
143.739, 84608
143.74, 84608
143.741, 84608
143.742, 84608
143.744, 84824
143.745, 84824
143.746, 84824
143.747, 84824
143.748, 84824
143.75, 84824
143.751, 84824
143.752, 84824
143.753, 84824
143.754, 84824
143.755, 84824
143.757, 84824
143.758, 84824
143.759, 84824
143.761, 84824
143.762, 84824
143.763, 84824
143.765, 84824
143.766, 84824
143.768, 84824
143.769, 85040
143.77, 85040
143.772, 85040
143.773, 85040
143.774, 85040
143.776, 85040
143.777, 85040
143.778, 85040
143.78, 85040
143.781, 85040
143.782, 85040
143.783, 85040
143.784, 85040
143.785, 85040
143.787, 85040
143.788, 85040
143.789, 85040
143.79, 85040
143.792, 85040
143.793, 85040
143.794, 85040
143.795, 84824
143.796, 84824
143.798, 84824
143.799, 84824
143.8, 84824
143.801, 84824
143.802, 84824
143.804, 84824
143.805, 84824
143.807, 84824
143.808, 84824
143.809, 84824
143.81, 84824
143.811, 84824
143.812, 84824
143.814, 84824
143.815, 84824
143.816, 84824
143.817, 84824
143.819, 84824
143.82, 84824
143.822, 84824
143.823, 84824
143.825, 84824
143.826, 84824
143.827, 84824
143.829, 84824
143.83, 84608
143.831, 84608
143.833, 84608
143.839, 84608
143.84, 84608
143.842, 84608
143.845, 84608
143.846, 84608
143.847, 84608
143.849, 84608
143.85, 84608
143.851, 84608
143.853, 84608
143.854, 84608
143.856, 84392
143.857, 84392
143.858, 84392
143.859, 84392
143.86, 84392
143.862, 84392
143.863, 84608
143.864, 84608
143.865, 84608
143.867, 84608
143.868, 84608
143.869, 84608
143.87, 84608
143.871, 84608
143.873, 84608
143.874, 84608
143.875, 84608
143.877, 84608
143.878, 84608
143.88, 84608
143.881, 84608
143.882, 84608
143.883, 84608
143.885, 84608
143.886, 84608
143.888, 84608
143.889, 84608
143.89, 84608
143.892, 84608
143.893, 84608
143.894, 84608
143.895, 84608
143.896, 84608
143.897, 84392
143.899, 84392
143.9, 84392
143.901, 84392
143.902, 84392
143.904, 84392
143.905, 84392
143.906, 84392
143.907, 84392
143.909, 84392
143.91, 84392
143.911, 84392
143.912, 84392
143.914, 84392
143.915, 84392
143.916, 84392
143.917, 84392
143.918, 84392
143.92, 84392
143.921, 84392
143.922, 84392
143.923, 84392
143.925, 84392
143.926, 84392
143.927, 84392
143.929, 84392
143.93, 84392
143.931, 84608
143.933, 84608
143.934, 84608
143.936, 84608
143.937, 84608
143.938, 84608
143.94, 84608
143.941, 84608
143.943, 84608
143.944, 84608
143.945, 84608
143.947, 84608
143.948, 84608
143.95, 84608
143.951, 84608
143.952, 84608
143.954, 84608
143.955, 84608
143.957, 84608
143.958, 84608
143.96, 84608
143.961, 84608
143.962, 84608
143.964, 84608
143.966, 84392
143.967, 84392
143.968, 84392
143.969, 84392
143.971, 84392
143.972, 84392
143.973, 84392
143.975, 84608
143.976, 84608
143.977, 84608
143.978, 84608
143.98, 84608
143.981, 84608
143.982, 84608
143.983, 84392
143.984, 84392
143.986, 84392
143.987, 84392
143.988, 84392
143.99, 84392
143.991, 84392
143.992, 84392
143.994, 84392
143.996, 84392
143.997, 84392
143.999, 84392
144, 84608
144.002, 84608
144.003, 84608
144.005, 84608
144.006, 84608
144.008, 84608
144.009, 84608
144.011, 84608
144.012, 84608
144.013, 84608
144.014, 84608
144.016, 84608
144.017, 84392
144.018, 84392
144.019, 84392
144.021, 84392
144.022, 84392
144.023, 84392
144.024, 84392
144.025, 84608
144.027, 84608
144.028, 84608
144.029, 84608
144.03, 84608
144.032, 84608
144.033, 84608
144.034, 84392
144.036, 84392
144.037, 84392
144.038, 84392
144.039, 84392
144.041, 84392
144.042, 84392
144.044, 84392
144.045, 84392
144.047, 84392
144.048, 84392
144.05, 84392
144.051, 84392
144.053, 84392
144.055, 84392
144.057, 84392
144.059, 84392
144.061, 84392
144.062, 84392
144.064, 84392
144.065, 84392
144.067, 84392
144.068, 84392
144.069, 84392
144.071, 84392
144.072, 84392
144.073, 84392
144.074, 84392
144.075, 84392
144.077, 84392
144.078, 84392
144.079, 84392
144.08, 84392
144.081, 84392
144.083, 84392
144.084, 84392
144.086, 84392
144.087, 84392
144.088, 84392
144.09, 84392
144.091, 84392
144.092, 84392
144.093, 84176
144.095, 84176
144.096, 84176
144.098, 84176
144.1, 84176
144.101, 84176
144.103, 84176
144.104, 84176
144.105, 84176
144.107, 84176
144.108, 84176
144.11, 84176
144.111, 84176
144.112, 84176
144.114, 84176
144.115, 84176
144.116, 84176
144.118, 84176
144.123, 84176
144.124, 84176
144.126, 84176
144.128, 84176
144.129, 84176
144.13, 84176
144.138, 84176
144.14, 84176
144.141, 84176
144.143, 84176
144.144, 84176
144.145, 84392
144.146, 84392
144.148, 84392
144.149, 84392
144.15, 84392
144.152, 84392
144.154, 84392
144.155, 84392
144.157, 84392
144.158, 84392
144.159, 84392
144.161, 84392
144.162, 84176
144.164, 84176
144.165, 84176
144.167, 84176
144.168, 84176
144.169, 84176
144.171, 83960
144.172, 83960
144.174, 83960
144.175, 83960
144.176, 83960
144.178, 83960
144.18, 83960
144.181, 83960
144.183, 83960
144.185, 83960
144.187, 84176
144.189, 84176
144.19, 84176
144.191, 84176
144.193, 84176
144.195, 84176
144.197, 84392
144.198, 84392
144.199, 84392
144.201, 84392
144.202, 84392
144.204, 84392
144.206, 84176
144.207, 84176
144.209, 84176
144.217, 83744
144.218, 83744
144.219, 83744
144.22, 83744
144.222, 84392
144.223, 84392
144.224, 84392
144.225, 84392
144.226, 84392
144.227, 84392
144.228, 84392
144.23, 84392
144.231, 84176
144.232, 84176
144.233, 84176
144.234, 84176
144.235, 84176
144.236, 84176
144.237, 84176
144.239, 83960
144.24, 83960
144.241, 83960
144.242, 83960
144.243, 83960
144.244, 83960
144.245, 83960
144.248, 83744
144.249, 83744
144.251, 83744
144.253, 83744
144.254, 83744
144.255, 83744
144.256, 84176
144.257, 84176
144.258, 84176
144.26, 84176
144.261, 84176
144.262, 84176
144.263, 84176
144.268, 83960
144.269, 83960
144.271, 83960
144.272, 84176
144.274, 84176
144.275, 84176
144.276, 84176
144.278, 84176
144.279, 84176
144.28, 84176
144.281, 84608
144.283, 84608
144.284, 84608
144.285, 84608
144.286, 84608
144.287, 84608
144.288, 84608
144.289, 84608
144.291, 84392
144.292, 84392
144.293, 84392
144.294, 84392
144.296, 84392
144.297, 84392
144.298, 84392
144.299, 84392
144.3, 84392
144.302, 84392
144.303, 84392
144.304, 84392
144.305, 84392
144.306, 84392
144.307, 84392
144.308, 84392
144.31, 84392
144.311, 84392
144.312, 84392
144.314, 84392
144.315, 84392
144.316, 84392
144.318, 84392
144.319, 84392
144.32, 84392
144.322, 84392
144.323, 84392
144.324, 84824
144.325, 84824
144.327, 84824
144.328, 84824
144.329, 84824
144.33, 84824
144.331, 84824
144.332, 84824
144.334, 84824
144.335, 84824
144.336, 84824
144.337, 84824
144.338, 84824
144.339, 84824
144.341, 84608
144.342, 84608
144.344, 84608
144.345, 84608
144.346, 84608
144.348, 84608
144.349, 84608
144.35, 84824
144.351, 84824
144.352, 84824
144.353, 84824
144.355, 84824
144.356, 84824
144.357, 84824
144.358, 85256
144.359, 85256
144.361, 85256
144.362, 85256
144.363, 85256
144.364, 85256
144.365, 85256
144.366, 85256
144.367, 85256
144.369, 85256
144.37, 85256
144.371, 85256
144.372, 85256
144.374, 85256
144.375, 85256
144.376, 85256
144.377, 85256
144.378, 85256
144.379, 85256
144.381, 85256
144.382, 85256
144.383, 85256
144.384, 85472
144.386, 85472
144.387, 85472
144.388, 85472
144.389, 85472
144.39, 85472
144.392, 85472
144.393, 85472
144.394, 85472
144.395, 85472
144.396, 85472
144.397, 85472
144.399, 85472
144.4, 85472
144.401, 85256
144.402, 85256
144.403, 85256
144.405, 85256
144.406, 85256
144.407, 85256
144.408, 85256
144.409, 85256
144.411, 85256
144.412, 85256
144.414, 85256
144.416, 85256
144.417, 85256
144.419, 85040
144.42, 85040
144.421, 85040
144.422, 85040
144.424, 85040
144.425, 85040
144.426, 85040
144.427, 85040
144.428, 85040
144.43, 85040
144.431, 85040
144.432, 85040
144.433, 85040
144.435, 85040
144.436, 85040
144.437, 85040
144.438, 85040
144.439, 85040
144.44, 85040
144.442, 85040
144.443, 84824
144.444, 84824
144.446, 84824
144.448, 84824
144.449, 84824
144.451, 84824
144.452, 84824
144.453, 84824
144.455, 84824
144.456, 84824
144.457, 84824
144.459, 84824
144.46, 84824
144.461, 84608
144.463, 84608
144.464, 84608
144.465, 84608
144.467, 84608
144.468, 84608
144.469, 84608
144.471, 84608
144.472, 84608
144.473, 84608
144.475, 84608
144.476, 84608
144.478, 84608
144.48, 84608
144.481, 84608
144.483, 84608
144.484, 84608
144.486, 84608
144.487, 84608
144.489, 84608
144.49, 84608
144.491, 84608
144.493, 84608
144.494, 84608
144.495, 84392
144.497, 84392
144.498, 84392
144.499, 84392
144.5, 84392
144.501, 84392
144.502, 84392
144.503, 84392
144.505, 84392
144.506, 84392
144.507, 84392
144.508, 84392
144.51, 84392
144.511, 84392
144.512, 84392
144.514, 84392
144.515, 84392
144.517, 84392
144.518, 84392
144.52, 84392
144.521, 84176
144.522, 84176
144.524, 84176
144.525, 84176
144.526, 84176
144.528, 84176
144.529, 84392
144.53, 84392
144.532, 84392
144.533, 84392
144.534, 84392
144.535, 84392
144.537, 84392
144.538, 84176
144.539, 84176
144.541, 84176
144.542, 84176
144.543, 84176
144.545, 84176
144.546, 84176
144.547, 84176
144.548, 84176
144.549, 84176
144.55, 84176
144.552, 84176
144.553, 84176
144.554, 84176
144.555, 84176
144.557, 84176
144.558, 84176
144.559, 84176
144.561, 84176
144.562, 84176
144.563, 84176
144.564, 84176
144.566, 84176
144.567, 84176
144.568, 84176
144.569, 84176
144.571, 84176
144.572, 84176
144.573, 84176
144.574, 84176
144.576, 84176
144.577, 84176
144.579, 84176
144.58, 84176
144.581, 84176
144.583, 84176
144.584, 84176
144.585, 84176
144.587, 84176
144.588, 83960
144.59, 83960
144.591, 83960
144.592, 83960
144.594, 83960
144.595, 83960
144.597, 83960
144.598, 83960
144.6, 83960
144.601, 83960
144.603, 83960
144.604, 83960
144.605, 83960
144.607, 83960
144.608, 83960
144.609, 83960
144.61, 83960
144.612, 83960
144.613, 83960
144.614, 83960
144.615, 83960
144.616, 83960
144.617, 83960
144.619, 83960
144.62, 83960
144.621, 83960
144.622, 83960
144.623, 83960
144.624, 83960
144.626, 83960
144.627, 83960
144.628, 83960
144.629, 83960
144.631, 83960
144.632, 83960
144.633, 83960
144.634, 83960
144.636, 83960
144.637, 83960
144.638, 83960
144.639, 83960
144.64, 83960
144.642, 83960
144.643, 83960
144.644, 83960
144.646, 83960
144.647, 83960
144.649, 83960
144.65, 83960
144.652, 83960
144.653, 83960
144.655, 83960
144.656, 83960
144.657, 83960
144.658, 83960
144.659, 83960
144.661, 83960
144.662, 83960
144.664, 83960
144.665, 83960
144.666, 83960
144.667, 83960
144.668, 83960
144.67, 83960
144.671, 83960
144.672, 83960
144.673, 83960
144.674, 83960
144.676, 83960
144.677, 83960
144.678, 83960
144.68, 83960
144.681, 83960
144.682, 83960
144.684, 83960
144.685, 83960
144.686, 83960
144.687, 83960
144.688, 83960
144.69, 83960
144.691, 83960
144.692, 83960
144.693, 83960
144.695, 83960
144.696, 83960
144.697, 83960
144.698, 83960
144.7, 83744
144.701, 83744
144.702, 83744
144.703, 83744
144.704, 83744
144.706, 83744
144.708, 83744
144.709, 83744
144.711, 83744
144.712, 83744
144.713, 83744
144.714, 83744
144.716, 83744
144.717, 83960
144.718, 83960
144.719, 83960
144.721, 83960
144.722, 83960
144.723, 83960
144.724, 83960
144.725, 83744
144.726, 83744
144.728, 83744
144.729, 83744
144.73, 83744
144.731, 83744
144.732, 83744
144.733, 83528
144.735, 83528
144.736, 83528
144.737, 83528
144.739, 83528
144.74, 83528
144.741, 83528
144.743, 83528
144.744, 83528
144.746, 83528
144.747, 83528
144.749, 83528
144.751, 83744
144.752, 83744
144.753, 83744
144.754, 83744
144.756, 83744
144.757, 83744
144.758, 83744
144.759, 83528
144.761, 83528
144.762, 83528
144.764, 83528
144.765, 83528
144.767, 83528
144.768, 83744
144.77, 83744
144.771, 83744
144.772, 83744
144.774, 83744
144.775, 83744
144.776, 83744
144.777, 83744
144.778, 83744
144.78, 83744
144.781, 83744
144.782, 83744
144.783, 83744
144.785, 83312
144.786, 83312
144.787, 83312
144.789, 83312
144.79, 83312
144.791, 83312
144.792, 83312
144.794, 83312
144.795, 83312
144.796, 83312
144.797, 83312
144.799, 83312
144.8, 83312
144.801, 83312
144.802, 83096
144.804, 83096
144.805, 83096
144.806, 83096
144.807, 83096
144.809, 83096
144.81, 83096
144.811, 83528
144.812, 83528
144.814, 83528
144.815, 83528
144.816, 83528
144.817, 83528
144.819, 83096
144.82, 83096
144.821, 83096
144.822, 83096
144.824, 83096
144.825, 83096
144.826, 83096
144.827, 83096
144.829, 83096
144.83, 83096
144.831, 83096
144.832, 83096
144.834, 83096
144.835, 83096
144.836, 83312
144.837, 83312
144.838, 83312
144.839, 83312
144.84, 83312
144.842, 83312
144.843, 83312
144.844, 83312
144.845, 83096
144.846, 83096
144.847, 83096
144.848, 83096
144.85, 83096
144.851, 83096
144.852, 83096
144.853, 82880
144.854, 82880
144.855, 82880
144.856, 82880
144.858, 82880
144.859, 82880
144.86, 82880
144.861, 82880
144.863, 82880
144.864, 82880
144.865, 82880
144.866, 82880
144.867, 82880
144.868, 82880
144.87, 82880
144.871, 83096
144.872, 83096
144.873, 83096
144.874, 83096
144.875, 83096
144.877, 83096
144.878, 83096
144.879, 83096
144.881, 83096
144.882, 83096
144.883, 83096
144.884, 83096
144.886, 83096
144.887, 83312
144.888, 83312
144.889, 83312
144.891, 83312
144.892, 83312
144.893, 83312
144.894, 83312
144.895, 83312
144.896, 83096
144.897, 83096
144.899, 83096
144.9, 83096
144.901, 83096
144.902, 83096
144.903, 83096
144.905, 82880
144.906, 82880
144.907, 82880
144.908, 82880
144.91, 82880
144.911, 82880
144.912, 82880
144.913, 83096
144.914, 83096
144.915, 83096
144.916, 83096
144.918, 83096
144.919, 83096
144.92, 83096
144.921, 82880
144.923, 82880
144.924, 82880
144.925, 82880
144.927, 82880
144.928, 82880
144.929, 82880
144.931, 83312
144.932, 83312
144.933, 83312
144.934, 83312
144.936, 83312
144.937, 83312
144.938, 83312
144.939, 83312
144.94, 83312
144.941, 83312
144.942, 83312
144.943, 83312
144.945, 83312
144.946, 83312
144.947, 82880
144.948, 82880
144.949, 82880
144.951, 82880
144.952, 82880
144.953, 82880
144.954, 82880
144.956, 82880
144.957, 82880
144.958, 82880
144.959, 82880
144.96, 82880
144.961, 82880
144.963, 82880
144.964, 82664
144.965, 82664
144.966, 82664
144.967, 82664
144.968, 82664
144.969, 82664
144.971, 82664
144.972, 82664
144.973, 82664
144.974, 82664
144.975, 82664
144.976, 82664
144.977, 82664
144.979, 82664
144.98, 82664
144.981, 82880
144.982, 82880
144.983, 82880
144.984, 82880
144.985, 82880
144.987, 82880
144.988, 82880
144.989, 82880
144.99, 82880
144.991, 82880
144.992, 82880
144.994, 82880
144.995, 82880
144.996, 82880
144.997, 82880
144.998, 82880
144.999, 82880
145, 82880
145.002, 82880
145.003, 82880
145.004, 82880
145.005, 82880
145.006, 82880
145.007, 82880
145.009, 82880
145.01, 82880
145.011, 82880
145.012, 82880
145.013, 82880
145.014, 82880
145.015, 82880
145.017, 82880
145.018, 82880
145.019, 82880
145.02, 82880
145.021, 82880
145.022, 82880
145.023, 82880
145.024, 82880
145.026, 82880
145.027, 82880
145.028, 82880
145.029, 82880
145.03, 82880
145.031, 82880
145.032, 82880
145.034, 82880
145.035, 82880
145.036, 82880
145.037, 82880
145.038, 82880
145.039, 82880
145.04, 82880
145.042, 82880
145.043, 82880
145.044, 82880
145.045, 82880
145.046, 82880
145.047, 82880
145.048, 82880
145.05, 82664
145.051, 82664
145.052, 82664
145.053, 82664
145.054, 82664
145.055, 82664
145.057, 82664
145.058, 82664
145.059, 82664
145.06, 82664
145.061, 82664
145.062, 82664
145.064, 82664
145.065, 82664
145.066, 82664
145.067, 82664
145.068, 82664
145.069, 82664
145.071, 82664
145.072, 82664
145.073, 82664
145.074, 82664
145.075, 82664
145.076, 82664
145.078, 82664
145.079, 82664
145.08, 82664
145.081, 82664
145.082, 82664
145.083, 82664
145.085, 82664
145.086, 82664
145.087, 82664
145.088, 82664
145.089, 82664
145.09, 82664
145.092, 82664
145.093, 82448
145.094, 82448
145.096, 82448
145.097, 82448
145.098, 82448
145.099, 82448
145.101, 82664
145.102, 82664
145.103, 82664
145.104, 82664
145.105, 82664
145.106, 82664
145.108, 82664
145.109, 82664
145.11, 82664
145.111, 82664
145.113, 82664
145.114, 82664
145.115, 82664
145.116, 82664
145.117, 82664
145.119, 82664
145.12, 82664
145.121, 82664
145.122, 82664
145.123, 82664
145.124, 82664
145.126, 82664
145.128, 82664
145.13, 82664
145.131, 82664
145.133, 82664
145.135, 82664
145.136, 82664
145.137, 82664
145.139, 82664
145.14, 82664
145.141, 82664
145.142, 82664
145.144, 82664
145.145, 82664
145.146, 82664
145.147, 82664
145.148, 82664
145.149, 82664
145.151, 82664
145.152, 82448
145.153, 82448
145.154, 82448
145.155, 82448
145.156, 82448
145.157, 82448
145.159, 82448
145.16, 82448
145.161, 82448
145.162, 82448
145.163, 82448
145.164, 82448
145.166, 82448
145.167, 82448
145.168, 82448
145.169, 82448
145.17, 82448
145.171, 82448
145.173, 82448
145.174, 82448
145.175, 82448
145.176, 82448
145.177, 82448
145.178, 82448
145.179, 82448
145.181, 82448
145.182, 82448
145.183, 82448
145.184, 82448
145.185, 82448
145.186, 82232
145.188, 82232
145.189, 82232
145.19, 82232
145.191, 82232
145.192, 82232
145.193, 82232
145.194, 82232
145.196, 82232
145.197, 82232
145.198, 82232
145.199, 82232
145.2, 82232
145.201, 82232
145.202, 82232
145.204, 82232
145.205, 82232
145.206, 82232
145.207, 82232
145.212, 82016
145.22, 82448
145.221, 82448
145.222, 82448
145.224, 82448
145.225, 82448
145.226, 82448
145.228, 82448
145.229, 82664
145.23, 82664
145.231, 82664
145.233, 82664
145.234, 82664
145.235, 82664
145.236, 82664
145.237, 82664
145.239, 82664
145.24, 82664
145.241, 82664
145.242, 82664
145.243, 82664
145.244, 82664
145.246, 82664
145.247, 82664
145.248, 82664
145.249, 82664
145.25, 82664
145.251, 82664
145.253, 82664
145.254, 82664
145.255, 82664
145.256, 82664
145.257, 82664
145.258, 82664
145.26, 82664
145.261, 82664
145.262, 82664
145.264, 82664
145.265, 82664
145.266, 82664
145.267, 82664
145.268, 82664
145.269, 82664
145.271, 82664
145.272, 82664
145.273, 82664
145.274, 82664
145.275, 82664
145.276, 82664
145.278, 82664
145.279, 82664
145.28, 82664
145.284, 82664
145.285, 82664
145.289, 82664
145.29, 82664
145.291, 82664
145.293, 82664
145.294, 82664
145.295, 82664
145.296, 82664
145.298, 82448
145.299, 82448
145.3, 82448
145.301, 82448
145.302, 82448
145.304, 82448
145.305, 82448
145.306, 82664
145.307, 82664
145.308, 82664
145.31, 82664
145.311, 82664
145.312, 82664
145.313, 82664
145.314, 82664
145.315, 82664
145.317, 82664
145.318, 82664
145.319, 82664
145.32, 82664
145.321, 82664
145.322, 82664
145.324, 82664
145.325, 82664
145.326, 82664
145.327, 82664
145.328, 82664
145.329, 82664
145.331, 82448
145.332, 82448
145.333, 82448
145.334, 82448
145.335, 82448
145.34, 82448
145.341, 82448
145.346, 82448
145.347, 82448
145.348, 82664
145.349, 82664
145.351, 82664
145.352, 82664
145.353, 82664
145.354, 82664
145.356, 82664
145.357, 82664
145.358, 82664
145.359, 82664
145.36, 82664
145.361, 82664
145.362, 82664
145.364, 82664
145.365, 82664
145.366, 82664
145.367, 82664
145.368, 82664
145.369, 82664
145.37, 82664
145.372, 82664
145.373, 82664
145.374, 82664
145.375, 82664
145.376, 82664
145.377, 82664
145.378, 82664
145.38, 82664
145.381, 82664
145.382, 82448
145.383, 82448
145.384, 82448
145.385, 82448
145.386, 82448
145.388, 82448
145.389, 82448
145.39, 82448
145.391, 82448
145.392, 82448
145.393, 82448
145.394, 82448
145.396, 82448
145.397, 82448
145.398, 82448
145.399, 82448
145.4, 82448
145.401, 82448
145.403, 82448
145.404, 82448
145.405, 82448
145.406, 82448
145.407, 82448
145.408, 82448
145.409, 82448
145.411, 82448
145.412, 82448
145.413, 82448
145.414, 82448
145.415, 82448
145.416, 82232
145.417, 82232
145.419, 82232
145.42, 82232
145.421, 82232
145.422, 82232
145.423, 82232
145.424, 82232
145.425, 82232
145.427, 82232
145.428, 82232
145.429, 82232
145.43, 82232
145.431, 82232
145.432, 82232
145.434, 82232
145.435, 82232
145.436, 82232
145.437, 82232
145.438, 82232
145.439, 82232
145.44, 82232
145.442, 82232
145.443, 82232
145.444, 82232
145.445, 82232
145.446, 82232
145.447, 82232
145.448, 82232
145.45, 82232
145.451, 82232
145.452, 82232
145.453, 82232
145.454, 82232
145.455, 82232
145.456, 82232
145.458, 82232
145.461, 82016
145.466, 82016
145.467, 82232
145.468, 82232
145.47, 82232
145.471, 82232
145.472, 82232
145.474, 82232
145.475, 82232
145.476, 82448
145.477, 82448
145.478, 82448
145.48, 82448
145.481, 82448
145.482, 82448
145.483, 82448
145.484, 82232
145.486, 82232
145.487, 82232
145.488, 82232
145.489, 82232
145.49, 82232
145.491, 82232
145.493, 82232
145.494, 82232
145.495, 82232
145.496, 82232
145.497, 82232
145.498, 82232
145.5, 82232
145.501, 82232
145.504, 82232
145.508, 82232
145.51, 82448
145.52, 82664
145.521, 82664
145.522, 82664
145.526, 82664
145.527, 82664
145.534, 82664
145.535, 82664
145.549, 82664
145.552, 82664
145.553, 82880
145.555, 82880
145.557, 82880
145.558, 82880
145.56, 82880
145.561, 82880
145.562, 82880
145.564, 82880
145.565, 82880
145.566, 82880
145.568, 82880
145.569, 82880
145.57, 82880
145.572, 82880
145.573, 82880
145.574, 82880
145.576, 82880
145.577, 82880
145.578, 82880
145.579, 82880
145.581, 82880
145.582, 82880
145.583, 82880
145.585, 82880
145.586, 82880
145.587, 82880
145.589, 82880
145.59, 82880
145.591, 82880
145.593, 82880
145.594, 82880
145.595, 82880
145.597, 82880
145.598, 82880
145.599, 82880
145.601, 82880
145.602, 82880
145.604, 82880
145.605, 82880
145.606, 82880
145.608, 82880
145.609, 82880
145.611, 82880
145.612, 82880
145.613, 82880
145.614, 82880
145.616, 82880
145.617, 82880
145.618, 82880
145.619, 82880
145.62, 82880
145.622, 83096
145.623, 83096
145.624, 83096
145.625, 83096
145.626, 83096
145.627, 83096
145.629, 83096
145.63, 83096
145.631, 83096
145.632, 83096
145.634, 83096
145.635, 83096
145.636, 83096
145.637, 83096
145.638, 83096
145.639, 83096
145.641, 83096
145.642, 83096
145.643, 83096
145.644, 83096
145.645, 83096
145.647, 83096
145.648, 83096
145.649, 83096
145.65, 83096
145.651, 83096
145.653, 83096
145.654, 83096
145.655, 83096
145.656, 83096
145.657, 83096
145.659, 83096
145.66, 83096
145.661, 83096
145.662, 83096
145.663, 83096
145.665, 83096
145.666, 83096
145.667, 83096
145.668, 83096
145.669, 83096
145.671, 83096
145.672, 83096
145.673, 82880
145.674, 82880
145.675, 82880
145.677, 82880
145.678, 82880
145.679, 82880
145.693, 82880
145.694, 82880
145.695, 82880
145.696, 82880
145.698, 82880
145.699, 82880
145.7, 82880
145.71, 82880
145.711, 82880
145.713, 82880
145.714, 82880
145.715, 82880
145.716, 82880
145.717, 82880
145.719, 82880
145.72, 82880
145.721, 82880
145.722, 82880
145.723, 82880
145.725, 82880
145.726, 82880
145.727, 82880
145.728, 82880
145.73, 82880
145.731, 82880
145.732, 82880
145.733, 82880
145.734, 82880
145.736, 82880
145.737, 82880
145.738, 82880
145.74, 82880
145.741, 82880
145.742, 82880
145.744, 82880
145.745, 82880
145.746, 82880
145.747, 82880
145.749, 82880
145.75, 82880
145.751, 82880
145.752, 82880
145.754, 82880
145.755, 82880
145.756, 82880
145.757, 82880
145.758, 82880
145.76, 82880
145.761, 82880
145.762, 82880
145.763, 82880
145.764, 82880
145.765, 82880
145.767, 82880
145.768, 82880
145.769, 82880
145.77, 82880
145.772, 82880
145.773, 82880
145.774, 83096
145.776, 83096
145.777, 83096
145.779, 83096
145.78, 83096
145.782, 83096
145.783, 82880
145.784, 82880
145.786, 82880
145.787, 82880
145.789, 82880
145.79, 82880
145.791, 83096
145.793, 83096
145.794, 83096
145.795, 83096
145.796, 83096
145.797, 83096
145.799, 83096
145.8, 83096
145.801, 82880
145.802, 82880
145.804, 82880
145.805, 82880
145.806, 82880
145.807, 82880
145.809, 82880
145.81, 82880
145.811, 82880
145.812, 82880
145.814, 82880
145.815, 82880
145.816, 82880
145.817, 82880
145.819, 82880
145.82, 82880
145.821, 82880
145.822, 82880
145.824, 82880
145.825, 82880
145.826, 82880
145.827, 82880
145.829, 82880
145.83, 82880
145.831, 82880
145.833, 82880
145.834, 82880
145.835, 82880
145.836, 82880
145.838, 82880
145.839, 82880
145.84, 82880
145.841, 82880
145.843, 82880
145.844, 82880
145.845, 82880
145.847, 82880
145.848, 82880
145.849, 82880
145.851, 82880
145.852, 82880
145.853, 82880
145.854, 82880
145.856, 82880
145.857, 82880
145.858, 82880
145.859, 82880
145.861, 82880
145.862, 82880
145.864, 82880
145.865, 82880
145.866, 82880
145.867, 82880
145.869, 82880
145.87, 82880
145.871, 82880
145.873, 82880
145.874, 82880
145.875, 82880
145.877, 82880
145.878, 82880
145.879, 82880
145.881, 82880
145.882, 82880
145.883, 82880
145.884, 82880
145.885, 82880
145.886, 82880
145.887, 82880
145.889, 82880
145.89, 82880
145.891, 82880
145.892, 82880
145.893, 82880
145.894, 82664
145.896, 82664
145.897, 82664
145.898, 82664
145.899, 82664
145.9, 82664
145.901, 82664
145.902, 82664
145.904, 82664
145.905, 82664
145.906, 82664
145.907, 82664
145.908, 82664
145.909, 82664
145.91, 82664
145.912, 82448
145.913, 82448
145.914, 82448
145.915, 82448
145.916, 82448
145.917, 82448
145.918, 82448
145.92, 82448
145.921, 82448
145.922, 82448
145.923, 82448
145.924, 82448
145.925, 82448
145.927, 82448
145.928, 82448
145.929, 82232
145.93, 82232
145.931, 82232
145.932, 82232
145.934, 82232
145.935, 82232
145.936, 82232
145.937, 82232
145.938, 82232
145.939, 82232
145.94, 82232
145.942, 82232
145.943, 82232
145.944, 82232
145.945, 82232
145.946, 82232
145.947, 82232
145.949, 82232
145.95, 82232
145.951, 82232
145.952, 82232
145.953, 82232
145.954, 82016
145.955, 82016
145.957, 82016
145.958, 82016
145.959, 82016
145.96, 82016
145.961, 82016
145.962, 82016
145.964, 82016
145.965, 82016
145.966, 82016
145.967, 82016
145.968, 82016
145.969, 82016
145.97, 82016
145.972, 82016
145.973, 82016
145.974, 82016
145.975, 82016
145.976, 82016
145.977, 82016
145.978, 82016
145.98, 81800
145.981, 81800
145.982, 81800
145.983, 81800
145.984, 81800
145.985, 81800
145.986, 81800
145.988, 81800
145.989, 82016
145.99, 82016
145.991, 82016
145.992, 82016
145.993, 82016
145.995, 82016
145.996, 82016
145.997, 82016
145.998, 82016
145.999, 82016
146, 82016
146.001, 82016
146.003, 82016
146.004, 82016
146.005, 81800
146.006, 81800
146.007, 81800
146.008, 81800
146.01, 81800
146.011, 81800
146.012, 81800
146.013, 81800
146.014, 81800
146.015, 81800
146.016, 81800
146.018, 81800
146.019, 81800
146.02, 81800
146.021, 81800
146.022, 81800
146.023, 81800
146.025, 81800
146.026, 81800
146.027, 81800
146.028, 81800
146.03, 81800
146.031, 81800
146.032, 81800
146.034, 81800
146.035, 81800
146.036, 81800
146.037, 81800
146.039, 81800
146.04, 82016
146.041, 82016
146.042, 82016
146.043, 82016
146.044, 82016
146.046, 82016
146.047, 82016
146.048, 82016
146.049, 82016
146.05, 82016
146.051, 82016
146.053, 82016
146.054, 82016
146.055, 82016
146.056, 82016
146.057, 82016
146.058, 82016
146.059, 82016
146.061, 82016
146.062, 82016
146.063, 82016
146.064, 82016
146.065, 81800
146.066, 81800
146.067, 81800
146.069, 81800
146.07, 81800
146.071, 81800
146.072, 81800
146.073, 81800
146.074, 81800
146.075, 81800
146.077, 81800
146.078, 81800
146.079, 81800
146.08, 81800
146.081, 81800
146.082, 81800
146.083, 81800
146.085, 81800
146.086, 81800
146.087, 81800
146.088, 81800
146.089, 81800
146.09, 81800
146.091, 81800
146.093, 81800
146.094, 81800
146.095, 81800
146.096, 81800
146.097, 81800
146.098, 81800
146.1, 81800
146.101, 81800
146.102, 81800
146.103, 81800
146.104, 81800
146.105, 81800
146.107, 81800
146.108, 81584
146.109, 81584
146.11, 81584
146.111, 81584
146.112, 81584
146.113, 81584
146.115, 81584
146.116, 81584
146.117, 81584
146.118, 81584
146.119, 81584
146.12, 81584
146.121, 81584
146.123, 81584
146.124, 81584
146.125, 81584
146.126, 81584
146.127, 81584
146.128, 81584
146.129, 81584
146.131, 81584
146.132, 81584
146.133, 81584
146.134, 81584
146.135, 81584
146.136, 81584
146.138, 81584
146.139, 81584
146.14, 81584
146.141, 81584
146.142, 81584
146.143, 81584
146.144, 81584
146.146, 81584
146.147, 81584
146.148, 81584
146.149, 81584
146.15, 81584
146.151, 81584
146.152, 81584
146.154, 81584
146.155, 81584
146.156, 81584
146.157, 81584
146.158, 81584
146.16, 81584
146.161, 81584
146.162, 81584
146.163, 81584
146.164, 81584
146.165, 81584
146.167, 81584
146.168, 81584
146.17, 81584
146.171, 81584
146.172, 81584
146.174, 81584
146.176, 81800
146.177, 81800
146.178, 81800
146.187, 81800
146.188, 81800
146.19, 81800
146.191, 81800
146.192, 81800
146.193, 82016
146.195, 82016
146.196, 82016
146.197, 82016
146.198, 82016
146.2, 82016
146.201, 82232
146.202, 82232
146.203, 82232
146.205, 82232
146.206, 82232
146.207, 82232
146.21, 82232
146.216, 82232
146.217, 82232
146.218, 82448
146.22, 82448
146.221, 82448
146.222, 82448
146.223, 82448
146.224, 82448
146.226, 82448
146.227, 82232
146.228, 82232
146.23, 82232
146.231, 82232
146.232, 82232
146.233, 82232
146.235, 82232
146.236, 82448
146.237, 82448
146.238, 82448
146.24, 82448
146.241, 82448
146.242, 82448
146.243, 82448
146.245, 82448
146.246, 82448
146.247, 82448
146.249, 82448
146.25, 82448
146.251, 82448
146.252, 82448
146.254, 82448
146.255, 82448
146.256, 82448
146.257, 82448
146.258, 82448
146.26, 82448
146.261, 82448
146.262, 82448
146.263, 82448
146.265, 82448
146.266, 82448
146.267, 82448
146.269, 82448
146.27, 82448
146.271, 82448
146.272, 82448
146.274, 82448
146.275, 82448
146.276, 82448
146.278, 82448
146.279, 82448
146.28, 82448
146.281, 82448
146.283, 82448
146.284, 82448
146.285, 82448
146.286, 82448
146.287, 82448
146.289, 82448
146.29, 82448
146.291, 82448
146.292, 82448
146.294, 82448
146.295, 82448
146.296, 82448
146.297, 82448
146.299, 82448
146.3, 82448
146.301, 82448
146.302, 82448
146.303, 82448
146.305, 82448
146.306, 82448
146.307, 82448
146.308, 82448
146.309, 82448
146.31, 82448
146.311, 82448
146.313, 82232
146.314, 82232
146.315, 82232
146.316, 82232
146.317, 82232
146.318, 82232
146.319, 82232
146.321, 82016
146.322, 82016
146.323, 82016
146.324, 82016
146.325, 82016
146.326, 82016
146.327, 82016
146.329, 82016
146.33, 82016
146.331, 82016
146.332, 82016
146.333, 82016
146.334, 82016
146.336, 82016
146.337, 82016
146.338, 81800
146.339, 81800
146.34, 81800
146.341, 81800
146.342, 81800
146.344, 81800
146.345, 81800
146.346, 81800
146.347, 81800
146.348, 81800
146.349, 81800
146.351, 81800
146.352, 81800
146.353, 81800
146.354, 81800
146.355, 81800
146.356, 81800
146.358, 81800
146.359, 81800
146.36, 81800
146.361, 81800
146.362, 81800
146.363, 81800
146.364, 81800
146.366, 81800
146.367, 81800
146.368, 81800
146.369, 81800
146.37, 81800
146.371, 81800
146.372, 81584
146.374, 81584
146.375, 81584
146.376, 81584
146.377, 81584
146.378, 81584
146.379, 81584
146.38, 81584
146.382, 81584
146.383, 81584
146.384, 81584
146.385, 81584
146.386, 81584
146.387, 81584
146.388, 81584
146.39, 81584
146.391, 81584
146.392, 81584
146.393, 81584
146.394, 81584
146.395, 81584
146.397, 81584
146.398, 81584
146.399, 81584
146.4, 81584
146.401, 81584
146.402, 81584
146.403, 81584
146.405, 81584
146.406, 81584
146.407, 81368
146.408, 81368
146.409, 81368
146.41, 81368
146.411, 81368
146.413, 81368
146.414, 81368
146.415, 81368
146.416, 81368
146.417, 81368
146.418, 81368
146.419, 81368
146.421, 81368
146.422, 81368
146.423, 81368
146.424, 81368
146.425, 81368
146.426, 81368
146.427, 81368
146.429, 81368
146.43, 81368
146.431, 81368
146.432, 81368
146.433, 81368
146.434, 81368
146.435, 81368
146.437, 81368
146.438, 81368
146.439, 81368
146.44, 81368
146.441, 81368
146.442, 81368
146.443, 81368
146.445, 81368
146.446, 81368
146.447, 81368
146.448, 81368
146.449, 81584
146.45, 81584
146.452, 81584
146.453, 81584
146.454, 81584
146.455, 81584
146.456, 81584
146.458, 81800
146.459, 81800
146.46, 81800
146.461, 81800
146.462, 81800
146.463, 81800
146.464, 81800
146.466, 81584
146.467, 81584
146.468, 81584
146.469, 81584
146.47, 81584
146.471, 81584
146.472, 81584
146.474, 81584
146.475, 81584
146.476, 81584
146.477, 81584
146.478, 81584
146.479, 81584
146.48, 81584
146.482, 81584
146.483, 81584
146.484, 81584
146.485, 81584
146.486, 81584
146.487, 81584
146.488, 81584
146.49, 81584
146.491, 81584
146.492, 81368
146.493, 81368
146.494, 81368
146.495, 81368
146.496, 81368
146.498, 81368
146.499, 81368
146.5, 81368
146.501, 81368
146.502, 81368
146.503, 81368
146.504, 81368
146.506, 81368
146.507, 81368
146.508, 81368
146.509, 81368
146.51, 81368
146.511, 81368
146.512, 81368
146.514, 81368
146.515, 81368
146.516, 81368
146.517, 81368
146.518, 81368
146.519, 81368
146.52, 81368
146.521, 81368
146.523, 81368
146.524, 81368
146.525, 81368
146.526, 81368
146.527, 81368
146.528, 81368
146.529, 81368
146.531, 81368
146.532, 81368
146.533, 81368
146.534, 81368
146.535, 81368
146.536, 81368
146.537, 81368
146.539, 81368
146.54, 81368
146.541, 81368
146.542, 81368
146.543, 81368
146.544, 81368
146.546, 81368
146.547, 81368
146.548, 81368
146.549, 81368
146.55, 81368
146.551, 81368
146.552, 81368
146.554, 81368
146.555, 81368
146.556, 81368
146.557, 81368
146.558, 81368
146.559, 81368
146.56, 81368
146.562, 81368
146.563, 81368
146.564, 81368
146.565, 81368
146.566, 81368
146.567, 81368
146.568, 81368
146.57, 81368
146.571, 81368
146.572, 81368
146.573, 81368
146.574, 81368
146.575, 81368
146.576, 81368
146.578, 81368
146.579, 81368
146.58, 81368
146.581, 81368
146.582, 81368
146.583, 81368
146.584, 81368
146.586, 81368
146.587, 81368
146.588, 81368
146.589, 81368
146.59, 81368
146.591, 81368
146.592, 81368
146.594, 81368
146.595, 81368
146.596, 81368
146.597, 81368
146.598, 81368
146.599, 81368
146.6, 81368
146.602, 81368
146.603, 81368
146.604, 81368
146.605, 81368
146.606, 81368
146.607, 81368
146.608, 81368
146.61, 81368
146.611, 81368
146.612, 81368
146.613, 81368
146.614, 81368
146.615, 81368
146.616, 81368
146.618, 81368
146.619, 81368
146.62, 81368
146.621, 81368
146.622, 81368
146.623, 81368
146.624, 81368
146.626, 81368
146.627, 81368
146.628, 81368
146.629, 81368
146.63, 81368
146.631, 81368
146.632, 81368
146.634, 81368
146.635, 81368
146.636, 81368
146.637, 81368
146.638, 81368
146.639, 81368
146.64, 81368
146.642, 81368
146.643, 81368
146.644, 81368
146.645, 81368
146.646, 81368
146.647, 81368
146.648, 81368
146.65, 81368
146.651, 81368
146.652, 81368
146.653, 81368
146.654, 81368
146.655, 81368
146.657, 81368
146.658, 81368
146.659, 81368
146.66, 81368
146.661, 81368
146.662, 81368
146.664, 81368
146.665, 81368
146.666, 81368
146.667, 81368
146.668, 81368
146.669, 81368
146.67, 81368
146.672, 81368
146.673, 81368
146.674, 81368
146.675, 81368
146.676, 81368
146.677, 81368
146.678, 81368
146.68, 81368
146.681, 81368
146.682, 81368
146.683, 81368
146.684, 81368
146.685, 81368
146.687, 81368
146.688, 81368
146.689, 81368
146.69, 81368
146.692, 81368
146.693, 81368
146.694, 81368
146.695, 81368
146.696, 81368
146.698, 81368
146.699, 81368
146.7, 81368
146.701, 81368
146.702, 81368
146.703, 81368
146.704, 81368
146.706, 81368
146.707, 81368
146.708, 81368
146.709, 81368
146.71, 81368
146.711, 81368
146.712, 81368
146.714, 81368
146.731, 81584
146.732, 81584
146.733, 81584
146.734, 81584
146.736, 81584
146.737, 81584
146.738, 81584
146.74, 81800
146.741, 81800
146.742, 81800
146.743, 81800
146.744, 81800
146.746, 81800
146.747, 81800
146.748, 81800
146.749, 81800
146.75, 81800
146.751, 81800
146.753, 81800
146.754, 81800
146.755, 81800
146.756, 82016
146.758, 82016
146.759, 82016
146.76, 82016
146.762, 82016
146.763, 82016
146.764, 82232
146.765, 82232
146.767, 82232
146.768, 82232
146.769, 82232
146.771, 82232
146.772, 82232
146.773, 82232
146.774, 82232
146.776, 82232
146.777, 82232
146.778, 82232
146.779, 82232
146.781, 82232
146.782, 82232
146.783, 82232
146.784, 82232
146.785, 82232
146.786, 82232
146.787, 82232
146.789, 82232
146.79, 82016
146.791, 82016
146.792, 82016
146.793, 82016
146.794, 82016
146.796, 82016
146.797, 82016
146.798, 82016
146.799, 82232
146.8, 82232
146.801, 82232
146.802, 82232
146.804, 82232
146.805, 82232
146.806, 82232
146.808, 82016
146.809, 82016
146.81, 82016
146.811, 82016
146.812, 82016
146.814, 82016
146.815, 82016
146.816, 82664
146.817, 82664
146.818, 82664
146.819, 82664
146.821, 82664
146.822, 82664
146.823, 82664
146.824, 82880
146.825, 82880
146.826, 82880
146.828, 82880
146.829, 82880
146.83, 82880
146.831, 82880
146.833, 82664
146.834, 82664
146.835, 82664
146.836, 82664
146.837, 82664
146.838, 82664
146.84, 82664
146.841, 82664
146.842, 83096
146.843, 83096
146.844, 83096
146.846, 83096
146.847, 83096
146.848, 83096
146.849, 83096
146.85, 83312
146.852, 83312
146.853, 83312
146.854, 83312
146.855, 83312
146.856, 83312
146.857, 83312
146.859, 83096
146.86, 83096
146.861, 83096
146.862, 83096
146.864, 83096
146.865, 83096
146.866, 83096
146.867, 83096
146.868, 83096
146.869, 83096
146.871, 83096
146.872, 83096
146.873, 83096
146.874, 83096
146.875, 83096
146.877, 83096
146.878, 83096
146.879, 83096
146.881, 83096
146.882, 83096
146.883, 83096
146.884, 83096
146.885, 83096
146.886, 83096
146.888, 83096
146.889, 83096
146.89, 83096
146.891, 83096
146.892, 83312
146.893, 83312
146.895, 83312
146.896, 83312
146.897, 83312
146.898, 83312
146.9, 83312
146.901, 83312
146.902, 83312
146.903, 83312
146.904, 83312
146.905, 83312
146.907, 83312
146.908, 83312
146.909, 83312
146.911, 83312
146.912, 83312
146.913, 83312
146.914, 83312
146.915, 83312
146.917, 83312
146.918, 83312
146.919, 83312
146.92, 83312
146.921, 83312
146.922, 83312
146.924, 83312
146.925, 83312
146.926, 83312
146.927, 83312
146.928, 83312
146.93, 83312
146.931, 83312
146.932, 83312
146.933, 83312
146.935, 83312
146.936, 83528
146.937, 83528
146.939, 83528
146.94, 83528
146.941, 83528
146.942, 83528
146.943, 83312
146.945, 83312
146.946, 83312
146.948, 83312
146.949, 83312
146.95, 83312
146.951, 83312
146.952, 83528
146.954, 83528
146.955, 83528
146.956, 83528
146.957, 83528
146.958, 83528
146.959, 83528
146.961, 83528
146.962, 83528
146.963, 83528
146.964, 83528
146.965, 83528
146.966, 83528
146.968, 83528
146.969, 83528
146.97, 83528
146.971, 83528
146.972, 83528
146.974, 83528
146.975, 83528
146.976, 83528
146.977, 83528
146.978, 83528
146.98, 83528
146.981, 83528
146.982, 83528
146.983, 83528
146.985, 83528
146.986, 83528
146.987, 83528
146.988, 83528
146.99, 83528
146.991, 83528
146.992, 83528
146.994, 83528
146.995, 83528
146.996, 83528
146.997, 83528
146.998, 83528
147, 83528
147.001, 83528
147.002, 83528
147.003, 83528
147.004, 83528
147.005, 83528
147.006, 83528
147.008, 83528
147.009, 83528
147.01, 83528
147.012, 83744
147.013, 83744
147.014, 83744
147.015, 83744
147.016, 83744
147.018, 83744
147.019, 83744
147.02, 83744
147.021, 83744
147.022, 83744
147.024, 83744
147.025, 83744
147.026, 83744
147.027, 83744
147.029, 83744
147.03, 83744
147.031, 83744
147.032, 83744
147.034, 83744
147.035, 83744
147.036, 83744
147.037, 83744
147.039, 83744
147.04, 83744
147.041, 83744
147.042, 83744
147.043, 83744
147.044, 83744
147.046, 83744
147.047, 83960
147.048, 83960
147.049, 83960
147.05, 83960
147.051, 83960
147.053, 83960
147.054, 83960
147.055, 83744
147.056, 83744
147.057, 83744
147.058, 83744
147.059, 83744
147.061, 83744
147.062, 83744
147.063, 83528
147.064, 83528
147.065, 83528
147.067, 83528
147.068, 83528
147.069, 83528
147.07, 83528
147.072, 83528
147.073, 83528
147.074, 83528
147.075, 83528
147.076, 83528
147.078, 83528
147.079, 83528
147.081, 83528
147.082, 83528
147.084, 83528
147.085, 83528
147.086, 83528
147.087, 83528
147.089, 83528
147.09, 83528
147.091, 83528
147.092, 83528
147.093, 83528
147.094, 83528
147.096, 83528
147.097, 83528
147.098, 83528
147.099, 83528
147.1, 83528
147.102, 83528
147.103, 83528
147.104, 83528
147.105, 83528
147.106, 83528
147.107, 83528
147.108, 83528
147.11, 83528
147.111, 83528
147.112, 83528
147.113, 83528
147.114, 83312
147.116, 83312
147.117, 83312
147.118, 83312
147.12, 83312
147.121, 83312
147.122, 83312
147.123, 83312
147.125, 83312
147.126, 83312
147.128, 83312
147.129, 83312
147.13, 83312
147.131, 83312
147.132, 83312
147.133, 83312
147.135, 83312
147.136, 83312
147.138, 83312
147.139, 83312
147.141, 83096
147.143, 83096
147.144, 83096
147.146, 83096
147.147, 83096
147.148, 83312
147.15, 83312
147.151, 83312
147.152, 83312
147.153, 83312
147.154, 83312
147.156, 83312
147.157, 83744
147.158, 83744
147.16, 83744
147.161, 83744
147.162, 83744
147.163, 83744
147.164, 83744
147.166, 84608
147.167, 84608
147.168, 84608
147.17, 84608
147.171, 84608
147.173, 84608
147.174, 84608
147.175, 84608
147.177, 84608
147.178, 84608
147.179, 84608
147.18, 84608
147.181, 84608
147.183, 84392
147.184, 84392
147.185, 84392
147.186, 84392
147.187, 84392
147.189, 84392
147.19, 84392
147.191, 84176
147.192, 84176
147.194, 84176
147.195, 84176
147.196, 84176
147.198, 84176
147.199, 84176
147.2, 84176
147.201, 84176
147.202, 84176
147.204, 84176
147.205, 84176
147.206, 84176
147.207, 84176
147.209, 83744
147.21, 83744
147.212, 83744
147.214, 83744
147.215, 83744
147.217, 83960
147.218, 83960
147.219, 83960
147.22, 83960
147.222, 83960
147.223, 83960
147.225, 83744
147.226, 83744
147.228, 83744
147.229, 83744
147.231, 83744
147.232, 83744
147.233, 83744
147.234, 83744
147.236, 83744
147.237, 83744
147.238, 83744
147.239, 83744
147.241, 83744
147.242, 83744
147.244, 83744
147.245, 83744
147.247, 83744
147.249, 83744
147.25, 83744
147.251, 83960
147.253, 83960
147.254, 83960
147.256, 83960
147.257, 83960
147.258, 83960
147.26, 83960
147.261, 83960
147.263, 83960
147.264, 83960
147.265, 83960
147.267, 83960
147.268, 83744
147.27, 83744
147.271, 83744
147.273, 83744
147.277, 83744
147.279, 83744
147.28, 83744
147.282, 83744
147.283, 83744
147.285, 83960
147.286, 83960
147.288, 83960
147.289, 83960
147.29, 83960
147.292, 83960
147.293, 83744
147.295, 83744
147.296, 83744
147.297, 83744
147.298, 83744
147.3, 83744
147.301, 83744
147.302, 83744
147.304, 83744
147.305, 83744
147.306, 83744
147.308, 83744
147.309, 83744
147.311, 83528
147.312, 83528
147.314, 83528
147.318, 83528
147.321, 83960
147.325, 83960
147.326, 83960
147.328, 83960
147.329, 83960
147.33, 83960
147.331, 83960
147.333, 83960
147.334, 83960
147.335, 83960
147.336, 83744
147.338, 83744
147.339, 83744
147.34, 83744
147.341, 83744
147.343, 83744
147.344, 83960
147.346, 83960
147.347, 83960
147.348, 83960
147.349, 83960
147.35, 83960
147.352, 83960
147.353, 83960
147.354, 83960
147.355, 83960
147.356, 83960
147.357, 83960
147.358, 83960
147.359, 83960
147.36, 83960
147.362, 83528
147.363, 83528
147.364, 83528
147.365, 83528
147.366, 83528
147.367, 83528
147.368, 83528
147.369, 83528
147.37, 83312
147.372, 83312
147.373, 83312
147.374, 83312
147.375, 83312
147.376, 83312
147.377, 83312
147.378, 83312
147.379, 83528
147.381, 83528
147.382, 83528
147.383, 83528
147.384, 83528
147.385, 83528
147.386, 83528
147.387, 83528
147.388, 83528
147.39, 83528
147.391, 83528
147.392, 83528
147.393, 83528
147.394, 83528
147.395, 83528
147.396, 83528
147.398, 83528
147.399, 83528
147.4, 83528
147.401, 83528
147.402, 83528
147.403, 83528
147.404, 83960
147.405, 83960
147.407, 83960
147.408, 83960
147.409, 83960
147.41, 83960
147.411, 83960
147.412, 83960
147.413, 84176
147.414, 84176
147.415, 84176
147.417, 84176
147.418, 84176
147.419, 84176
147.42, 84176
147.421, 84176
147.422, 84176
147.423, 84176
147.425, 84176
147.426, 84176
147.427, 84176
147.428, 84176
147.43, 84176
147.431, 84176
147.432, 84176
147.433, 84176
147.434, 84176
147.436, 84176
147.438, 84176
147.439, 84176
147.441, 84176
147.446, 84176
147.45, 84176
147.451, 84176
147.453, 84176
147.454, 84176
147.455, 84176
147.456, 83960
147.458, 83960
147.459, 83960
147.46, 83960
147.461, 83960
147.462, 83960
147.463, 83960
147.465, 83528
147.466, 83528
147.468, 83528
147.469, 83528
147.47, 83528
147.472, 83528
147.473, 83744
147.475, 83744
147.476, 83744
147.477, 83744
147.478, 83744
147.48, 83744
147.481, 83744
147.482, 83960
147.483, 83960
147.484, 83960
147.486, 83960
147.487, 83960
147.488, 83960
147.489, 83960
147.49, 84176
147.492, 84176
147.493, 84176
147.494, 84176
147.495, 84176
147.497, 84176
147.498, 84176
147.499, 84176
147.501, 84176
147.502, 84176
147.503, 84176
147.504, 84176
147.506, 84176
147.507, 84392
147.508, 84392
147.509, 84392
147.511, 84392
147.512, 84392
147.513, 84392
147.515, 84392
147.516, 84392
147.517, 84392
147.518, 84392
147.52, 84392
147.521, 84392
147.522, 84392
147.523, 84392
147.524, 84392
147.526, 84392
147.527, 84392
147.528, 84392
147.53, 84392
147.531, 84392
147.532, 84392
147.533, 84392
147.535, 84392
147.536, 84392
147.537, 84392
147.539, 84392
147.54, 84392
147.541, 84392
147.543, 84392
147.544, 84392
147.545, 84392
147.546, 84392
147.548, 84392
147.549, 84392
147.55, 84608
147.551, 84608
147.553, 84608
147.554, 84608
147.555, 84608
147.557, 84608
147.558, 84608
147.559, 84608
147.561, 84608
147.562, 84608
147.563, 84608
147.565, 84608
147.566, 84608
147.567, 84608
147.57, 84608
147.572, 84608
147.573, 84608
147.574, 84608
147.576, 84608
147.577, 84608
147.578, 84608
147.579, 84608
147.581, 84608
147.582, 84608
147.583, 84608
147.584, 84608
147.585, 84608
147.587, 84608
147.588, 84608
147.589, 84608
147.59, 84608
147.592, 84608
147.593, 84608
147.594, 84608
147.595, 84608
147.596, 84608
147.598, 84608
147.599, 84608
147.6, 84608
147.601, 84608
147.603, 84608
147.604, 84608
147.605, 84608
147.606, 84608
147.608, 84608
147.609, 84608
147.61, 84608
147.611, 84608
147.612, 84608
147.614, 84608
147.615, 84608
147.616, 84608
147.617, 84608
147.618, 84608
147.62, 84608
147.621, 84608
147.622, 84608
147.623, 84608
147.625, 84608
147.626, 84608
147.627, 84824
147.628, 84824
147.629, 84824
147.631, 84824
147.632, 84824
147.633, 84824
147.635, 84608
147.636, 84608
147.637, 84608
147.639, 84608
147.64, 84608
147.641, 84608
147.642, 84608
147.643, 84608
147.644, 84608
147.646, 84608
147.647, 84608
147.648, 84608
147.649, 84608
147.65, 84608
147.652, 84608
147.653, 84608
147.655, 84608
147.656, 84608
147.658, 84608
147.66, 84608
147.661, 84608
147.662, 84608
147.663, 84608
147.664, 84608
147.665, 84608
147.667, 84608
147.668, 84608
147.669, 84608
147.67, 84608
147.672, 84608
147.673, 84608
147.674, 84608
147.675, 84608
147.677, 84608
147.678, 84392
147.679, 84392
147.68, 84392
147.682, 84392
147.683, 84392
147.684, 84392
147.686, 84392
147.687, 84608
147.688, 84608
147.689, 84608
147.691, 84608
147.692, 84608
147.693, 84608
147.694, 84608
147.695, 84608
147.697, 84608
147.698, 84608
147.7, 84608
147.701, 84608
147.703, 84608
147.704, 84608
147.705, 84608
147.707, 84608
147.708, 84608
147.71, 84608
147.711, 84608
147.712, 84392
147.713, 84392
147.714, 84392
147.716, 84392
147.717, 84392
147.718, 84392
147.719, 84392
147.72, 84392
147.722, 84392
147.723, 84392
147.724, 84392
147.725, 84392
147.726, 84392
147.728, 84392
147.729, 84392
147.73, 84392
147.731, 84392
147.733, 84392
147.734, 84392
147.735, 84392
147.736, 84392
147.739, 84392
147.74, 84392
147.741, 84392
147.742, 84392
147.743, 84392
147.744, 84392
147.746, 84392
147.747, 84392
147.748, 84392
147.749, 84392
147.751, 84392
147.752, 84392
147.753, 84392
147.754, 84608
147.755, 84608
147.757, 84608
147.758, 84608
147.759, 84608
147.76, 84608
147.762, 84608
147.763, 84608
147.764, 84608
147.766, 84608
147.767, 84608
147.768, 84608
147.77, 84608
147.771, 84608
147.772, 84608
147.774, 84608
147.775, 84608
147.776, 84608
147.778, 84608
147.779, 84608
147.78, 84608
147.781, 84608
147.783, 84608
147.784, 84608
147.785, 84608
147.786, 84608
147.787, 84608
147.789, 84608
147.79, 84608
147.791, 84608
147.792, 84608
147.794, 84608
147.795, 84608
147.796, 84608
147.797, 84608
147.799, 84608
147.8, 84608
147.801, 84608
147.802, 84608
147.804, 84608
147.805, 84608
147.807, 84608
147.808, 84608
147.809, 84608
147.811, 84608
147.812, 84608
147.813, 84608
147.814, 84608
147.816, 84608
147.817, 84608
147.818, 84608
147.819, 84608
147.82, 84608
147.822, 84608
147.823, 84608
147.824, 84608
147.825, 84608
147.827, 84608
147.828, 84608
147.829, 84608
147.831, 84608
147.832, 84608
147.833, 84608
147.835, 84608
147.836, 84608
147.837, 84608
147.838, 84608
147.84, 84608
147.841, 84608
147.842, 84608
147.843, 84608
147.844, 84608
147.845, 84608
147.847, 84608
147.848, 84608
147.849, 84608
147.85, 84608
147.851, 84608
147.852, 84608
147.854, 84608
147.855, 84608
147.856, 84608
147.857, 84608
147.858, 84608
147.859, 84608
147.861, 84608
147.862, 84608
147.863, 84608
147.865, 84608
147.866, 84824
147.867, 84824
147.868, 84824
147.87, 84824
147.871, 84824
147.872, 84824
147.873, 84824
147.874, 84824
147.876, 84824
147.877, 84824
147.878, 84824
147.879, 84824
147.881, 84824
147.882, 84824
147.883, 84824
147.884, 84824
147.886, 84824
147.887, 84824
147.888, 84824
147.889, 84824
147.891, 84608
147.892, 84608
147.893, 84608
147.894, 84608
147.895, 84608
147.897, 84608
147.898, 84608
147.899, 84608
147.9, 84176
147.901, 84176
147.903, 84176
147.904, 84176
147.905, 84176
147.906, 84176
147.907, 84176
147.909, 84176
147.91, 84176
147.912, 84176
147.914, 84176
147.916, 84176
147.918, 84176
147.919, 84176
147.92, 84176
147.922, 84176
147.923, 84176
147.924, 84176
147.926, 84176
147.927, 84176
147.928, 84176
147.93, 84176
147.931, 84176
147.932, 84176
147.933, 84176
147.934, 84392
147.935, 84392
147.936, 84392
147.938, 84392
147.939, 84392
147.94, 84392
147.941, 84392
147.942, 84392
147.943, 84392
147.945, 84392
147.946, 84392
147.947, 84392
147.949, 84392
147.95, 84392
147.951, 84392
147.953, 84392
147.954, 84392
147.955, 84392
147.957, 84392
147.958, 84392
147.959, 84392
147.96, 84392
147.961, 84392
147.963, 84392
147.964, 84392
147.965, 84392
147.966, 84392
147.967, 84392
147.969, 84392
147.97, 84392
147.971, 84392
147.972, 84392
147.973, 84392
147.974, 84392
147.975, 84392
147.977, 84392
147.978, 84392
147.979, 84392
147.98, 84392
147.982, 84392
147.983, 84392
147.984, 84392
147.985, 84392
147.987, 84392
147.988, 84392
147.989, 84392
147.99, 84392
147.991, 84392
147.992, 84392
147.993, 83960
147.995, 83960
147.996, 83960
147.997, 83960
147.999, 83960
148, 83960
148.001, 83960
148.002, 83960
148.003, 83960
148.004, 83960
148.006, 83960
148.007, 83960
148.008, 83960
148.009, 83960
148.01, 84176
148.011, 84176
148.013, 84176
148.014, 84176
148.015, 84176
148.016, 84176
148.017, 84176
148.019, 84176
148.02, 83960
148.021, 83960
148.022, 83960
148.023, 83960
148.024, 83960
148.026, 83960
148.027, 83528
148.029, 83528
148.03, 83528
148.032, 83528
148.033, 83528
148.034, 83528
148.035, 83528
148.036, 83960
148.037, 83960
148.039, 83960
148.04, 83960
148.041, 83960
148.042, 83960
148.043, 83960
148.045, 83960
148.046, 83960
148.048, 83960
148.049, 83960
148.05, 83960
148.052, 83960
148.053, 84392
148.054, 84392
148.055, 84392
148.057, 84392
148.058, 84392
148.059, 84392
148.06, 84392
148.061, 84608
148.063, 84608
148.064, 84608
148.065, 84608
148.066, 84608
148.067, 84608
148.068, 84608
148.069, 84608
148.071, 84824
148.072, 84824
148.073, 84824
148.074, 84824
148.075, 84824
148.077, 84824
148.078, 84824
148.08, 85040
148.081, 85040
148.082, 85040
148.083, 85040
148.085, 85040
148.086, 85040
148.087, 85040
148.088, 85040
148.089, 85040
148.091, 85040
148.092, 85040
148.093, 85040
148.094, 85040
148.096, 85040
148.097, 85040
148.098, 85040
148.099, 85040
148.101, 85040
148.102, 85040
148.103, 85040
148.104, 85256
148.105, 85256
148.106, 85256
148.108, 85256
148.109, 85256
148.11, 85256
148.111, 85256
148.112, 84824
148.114, 84824
148.115, 84824
148.116, 84824
148.117, 84824
148.119, 84824
148.12, 84824
148.121, 84824
148.123, 84824
148.13, 84824
148.132, 84824
148.133, 84824
148.135, 84824
148.136, 84824
148.138, 84824
148.14, 84824
148.142, 84824
148.144, 84824
148.145, 84824
148.146, 84824
148.148, 84392
148.149, 84392
148.15, 84392
148.152, 84392
148.153, 84392
148.154, 84392
148.155, 84392
148.157, 84392
148.158, 84392
148.159, 84392
148.161, 84392
148.163, 84392
148.165, 84176
148.167, 84176
148.169, 84176
148.172, 84176
148.177, 84176
148.181, 83960
148.184, 83960
148.188, 83960
148.19, 83744
148.201, 83744
148.203, 83744
148.204, 83744
148.206, 83744
148.207, 83960
148.214, 83960
148.215, 83744
148.22, 83744
148.224, 83744
148.228, 83744
148.237, 83744
148.239, 83744
148.242, 83744
148.245, 83744
148.255, 83744
148.259, 83744
148.274, 83744
148.277, 83744
148.279, 83744
148.283, 83960
148.294, 83744
148.3, 83960
148.303, 83960
148.304, 83960
148.305, 83960
148.31, 83960
148.313, 83960
148.322, 83744
148.327, 83960
148.332, 83960
148.337, 83960
148.338, 83960
148.355, 84176
148.358, 84176
148.36, 84176
148.361, 84176
148.363, 84176
148.367, 84176
148.369, 83960
148.371, 83960
148.373, 83960
148.376, 83744
148.386, 83960
148.388, 83960
148.39, 83960
148.392, 83960
148.396, 83960
148.4, 83960
148.424, 83960
148.426, 83960
148.428, 83960
148.431, 83960
148.435, 83960
148.437, 83960
148.439, 83960
148.44, 83960
148.442, 83960
148.445, 83960
148.457, 84176
148.46, 84176
148.464, 84176
148.467, 84176
148.47, 84176
148.472, 83960
148.475, 83960
148.477, 83960
148.479, 83960
148.482, 83960
148.484, 83960
148.488, 83960
148.502, 83960
148.511, 83960
148.513, 83960
148.515, 83960
148.519, 83960
148.525, 83744
148.529, 83744
148.531, 83744
148.533, 83744
148.541, 83960
148.544, 83960
148.547, 83960
148.559, 83960
148.572, 83960
148.576, 83960
148.58, 83960
148.582, 83960
148.583, 83960
148.584, 83960
148.586, 83960
148.587, 83960
148.589, 83960
148.598, 84176
148.603, 84176
148.604, 84176
148.606, 84176
148.607, 84176
148.609, 84392
148.611, 84392
148.612, 84392
148.614, 84392
148.615, 84392
148.617, 84392
148.62, 84392
148.622, 84392
148.623, 84392
148.624, 84608
148.626, 84608
148.627, 84608
148.632, 84608
148.633, 84608
148.634, 84608
148.636, 84608
148.637, 84608
148.639, 84608
148.64, 84608
148.641, 84608
148.643, 84608
148.646, 84608
148.647, 84608
148.649, 84608
148.651, 84824
148.652, 84824
148.655, 84824
148.657, 84824
148.658, 84824
148.66, 84824
148.661, 84824
148.663, 84824
148.664, 84824
148.666, 84824
148.667, 84608
148.669, 84608
148.67, 84608
148.672, 84608
148.674, 84608
148.675, 84608
148.677, 84608
148.678, 84608
148.68, 84608
148.681, 84608
148.683, 84608
148.684, 84608
148.686, 84392
148.688, 84392
148.69, 84392
148.691, 84392
148.693, 84392
148.694, 84392
148.696, 84392
148.703, 84608
148.704, 84608
148.706, 84608
148.707, 84608
148.708, 84608
148.71, 84608
148.711, 84608
148.712, 84608
148.714, 84608
148.715, 84608
148.716, 84608
148.718, 84608
148.719, 84608
148.72, 84608
148.722, 84608
148.724, 84608
148.728, 84608
148.731, 84608
148.734, 84608
148.735, 84176
148.737, 84176
148.739, 84176
148.743, 84176
148.746, 83960
148.75, 83960
148.755, 83744
148.758, 83744
148.763, 83528
148.766, 83528
148.769, 83528
148.773, 83528
148.777, 83528
148.781, 83744
148.784, 83744
148.786, 83744
148.788, 83744
148.79, 83744
148.792, 83744
148.794, 83744
148.796, 83312
148.798, 83312
148.801, 83312
148.804, 83312
148.807, 83312
148.808, 83312
148.81, 83312
148.812, 83312
148.825, 83528
148.827, 83528
148.828, 83528
148.83, 83312
148.832, 83312
148.834, 83312
148.836, 83312
148.84, 83096
148.843, 83096
148.845, 83096
148.846, 83096
148.848, 83096
148.849, 83096
148.85, 83096
148.852, 83096
148.853, 83096
148.854, 83096
148.856, 83096
148.863, 83312
148.867, 83312
148.87, 83312
148.871, 83312
148.873, 83312
148.874, 83312
148.875, 83312
148.877, 83312
148.878, 83312
148.879, 83312
148.881, 83096
148.882, 83096
148.885, 83096
148.889, 83096
148.892, 83096
148.895, 83096
148.897, 83096
148.899, 83096
148.9, 83096
148.902, 83096
148.904, 83096
148.905, 83096
148.907, 83096
148.908, 83096
148.922, 83096
148.927, 83096
148.93, 83096
148.932, 82880
148.935, 82880
148.947, 82880
148.949, 83096
148.955, 83096
148.959, 83312
148.965, 83312
148.973, 83096
148.977, 83096
148.983, 83096
148.989, 83096
148.993, 83096
148.995, 83096
149.003, 82880
149.005, 82880
149.01, 83096
149.012, 83096
149.014, 83096
149.016, 83096
149.017, 83096
149.019, 83096
149.02, 83096
149.022, 83096
149.027, 83096
149.034, 82880
149.036, 82880
149.048, 82880
149.051, 82880
149.052, 83096
149.06, 82880
149.063, 82880
149.065, 82880
149.066, 82880
149.079, 82880
149.092, 82880
149.097, 82880
149.1, 82880
149.101, 82880
149.103, 83096
149.105, 83096
149.112, 83096
149.114, 83096
149.116, 83096
149.117, 83096
149.122, 83096
149.125, 83096
149.131, 82880
149.133, 82880
149.138, 83312
149.147, 83312
149.151, 83312
149.155, 83312
149.163, 83312
149.167, 83312
149.177, 83528
149.18, 83528
149.182, 83528
149.183, 83528
149.196, 83528
149.205, 83528
149.208, 83528
149.21, 83528
149.211, 83528
149.213, 83528
149.214, 83744
149.222, 83960
149.223, 83960
149.225, 83960
149.229, 83960
149.231, 84176
149.232, 84176
149.233, 84176
149.24, 84176
149.242, 84176
149.243, 84176
149.244, 84176
149.245, 84176
149.246, 84176
149.248, 84392
149.249, 84392
149.258, 84392
149.26, 84392
149.261, 84392
149.27, 84392
149.274, 84392
149.276, 84392
149.28, 84176
149.288, 84176
149.292, 83960
149.295, 83960
149.296, 83960
149.298, 83960
149.3, 83960
149.301, 83960
149.303, 83960
149.305, 83960
149.306, 83960
149.307, 83960
149.309, 83960
149.311, 83960
149.315, 83960
149.323, 83960
149.325, 83960
149.326, 83960
149.342, 83960
149.345, 83960
149.349, 83960
149.353, 83960
149.362, 83960
149.365, 83960
149.371, 83528
149.379, 83528
149.381, 83528
149.383, 83528
149.389, 83744
149.393, 83744
149.401, 83744
149.41, 83960
149.416, 83960
149.423, 83744
149.425, 83744
149.426, 83744
149.428, 83744
149.431, 83744
149.432, 83744
149.434, 83744
149.436, 83744
149.437, 83744
149.438, 83744
149.44, 83744
149.442, 83744
149.445, 83744
149.449, 83744
149.452, 83528
149.462, 83744
149.467, 83744
149.468, 83744
149.47, 83528
149.471, 83528
149.473, 83528
149.474, 83528
149.476, 83528
149.479, 83744
149.483, 83744
149.489, 83528
149.495, 83528
149.497, 83528
149.498, 83528
149.503, 83744
149.508, 83744
149.527, 83528
149.53, 83744
149.532, 83744
149.535, 83744
149.542, 83744
149.547, 83960
149.549, 83960
149.552, 83960
149.563, 84176
149.565, 84176
149.567, 84176
149.568, 84176
149.57, 84176
149.572, 84176
149.574, 84176
149.577, 84176
149.588, 83960
149.59, 83960
149.592, 83960
149.595, 83960
149.596, 83960
149.599, 84176
149.601, 84176
149.604, 84176
149.618, 83744
149.621, 83744
149.623, 83744
149.624, 83744
149.626, 83744
149.633, 83960
149.639, 83744
149.644, 83744
149.653, 83744
149.66, 83744
149.665, 83744
149.679, 83528
149.683, 83528
149.687, 83528
149.689, 83528
149.698, 83528
149.704, 83744
149.708, 83528
149.71, 83528
149.713, 83528
149.719, 83744
149.724, 83744
149.737, 83528
149.739, 83528
149.743, 83744
149.744, 83744
149.753, 83960
149.761, 84176
149.762, 84176
149.764, 84176
149.765, 84176
149.766, 84176
149.768, 84176
149.769, 84392
149.77, 84392
149.772, 84392
149.78, 84392
149.782, 84392
149.784, 84392
149.785, 84392
149.786, 84392
149.788, 84392
149.789, 84392
149.79, 84392
149.791, 84392
149.794, 84176
149.795, 84176
149.799, 84176
149.8, 84176
149.801, 84176
149.803, 83960
149.804, 83960
149.805, 83960
149.806, 83960
149.808, 83960
149.809, 83960
149.811, 83960
149.815, 83960
149.816, 83960
149.817, 83960
149.819, 83960
149.82, 84176
149.821, 84176
149.826, 84176
149.828, 83960
149.829, 83960
149.83, 83960
149.832, 83960
149.833, 83960
149.834, 83960
149.836, 83960
149.837, 83960
149.838, 83960
149.84, 83960
149.843, 83960
149.845, 83960
149.846, 83960
149.848, 83960
149.849, 83960
149.851, 83960
149.852, 83960
149.854, 83960
149.855, 83960
149.856, 83960
149.857, 83960
149.858, 83960
149.859, 83960
149.86, 83960
149.862, 83960
149.863, 83744
149.864, 83744
149.865, 83744
149.866, 83744
149.867, 83744
149.868, 83744
149.87, 83744
149.871, 83528
149.872, 83528
149.873, 83528
149.874, 83528
149.876, 83528
149.877, 83528
149.879, 83528
149.88, 83744
149.881, 83744
149.883, 83744
149.884, 83744
149.885, 83744
149.886, 83744
149.887, 83744
149.888, 83744
149.889, 83744
149.891, 83744
149.898, 83744
149.899, 83744
149.9, 83744
149.902, 83744
149.903, 83744
149.904, 83744
149.906, 84176
149.907, 84176
149.908, 84176
149.91, 84176
149.911, 84176
149.912, 84176
149.913, 83960
149.915, 83960
149.916, 83960
149.917, 83960
149.918, 83960
149.919, 83960
149.921, 83960
149.924, 83744
149.925, 83744
149.927, 83744
149.928, 83744
149.929, 83744
149.93, 83960
149.931, 83960
149.932, 83960
149.934, 83960
149.935, 83960
149.936, 83960
149.944, 83744
149.945, 83744
149.946, 83744
149.948, 84176
149.949, 84176
149.95, 84176
149.952, 84176
149.953, 84176
149.954, 84176
149.955, 84176
149.956, 84392
149.957, 84392
149.958, 84392
149.959, 84392
149.961, 84392
149.962, 84392
149.963, 84392
149.964, 84392
149.965, 83960
149.967, 83960
149.968, 83960
149.969, 83960
149.971, 83960
149.972, 83960
149.974, 84392
149.975, 84392
149.976, 84392
149.977, 84392
149.979, 84392
149.98, 84392
149.981, 84392
149.982, 84608
149.983, 84608
149.984, 84608
149.986, 84608
149.987, 84608
149.988, 84608
149.989, 84608
149.99, 84824
149.991, 84824
149.992, 84824
149.994, 84824
149.995, 84824
149.996, 84824
149.997, 84824
149.998, 84824
150, 84824
150.001, 84824
150.006, 84824
150.007, 85040
150.008, 85040
150.009, 85040
150.011, 85040
150.012, 85040
150.013, 85040
150.014, 85040
150.016, 85256
150.017, 85256
150.018, 85256
150.019, 85256
150.02, 85256
150.021, 85256
150.023, 85256
150.024, 85256
150.025, 85040
150.026, 85040
150.027, 85040
150.029, 85040
150.03, 85040
150.031, 85040
150.032, 85040
150.033, 85256
150.034, 85256
150.036, 85256
150.037, 85256
150.038, 85256
150.039, 85256
150.041, 85256
150.042, 85256
150.043, 85256
150.044, 85256
150.046, 85256
150.047, 85256
150.048, 85256
150.049, 85256
150.051, 85040
150.052, 85040
150.053, 85040
150.055, 85040
150.056, 85040
150.057, 85040
150.059, 85040
150.06, 85040
150.061, 85040
150.062, 85040
150.064, 85040
150.065, 85040
150.066, 85040
150.068, 85040
150.069, 85040
150.07, 85040
150.071, 85040
150.073, 85040
150.074, 85040
150.075, 84824
150.077, 84824
150.078, 84824
150.079, 84824
150.081, 84824
150.082, 84824
150.083, 84824
150.084, 84824
150.086, 84824
150.087, 84824
150.088, 84824
150.089, 84824
150.091, 84824
150.092, 84824
150.093, 84824
150.094, 84824
150.096, 84824
150.097, 84824
150.098, 84824
150.1, 84824
150.101, 84824
150.102, 84824
150.103, 84824
150.105, 84824
150.106, 84824
150.107, 84824
150.109, 84824
150.11, 84608
150.111, 84608
150.113, 84608
150.114, 84608
150.115, 84608
150.117, 84608
150.118, 84608
150.119, 84608
150.12, 84608
150.121, 84608
150.123, 84608
150.124, 84608
150.125, 84608
150.126, 84608
150.127, 84608
150.128, 84608
150.13, 84608
150.131, 84608
150.132, 84608
150.133, 84608
150.135, 84608
150.136, 84608
150.137, 84608
150.138, 84608
150.139, 84608
150.141, 84608
150.142, 84608
150.143, 84608
150.144, 84392
150.145, 84392
150.147, 84392
150.148, 84392
150.149, 84392
150.151, 84392
150.152, 84392
150.153, 84392
150.155, 84392
150.156, 84392
150.157, 84392
150.158, 84392
150.159, 84392
150.16, 84176
150.162, 84176
150.163, 84176
150.165, 84176
150.166, 84176
150.167, 84176
150.169, 84176
150.17, 84392
150.171, 84392
150.172, 84392
150.174, 84392
150.175, 84392
150.177, 84392
150.178, 84176
150.179, 84176
150.181, 84176
150.182, 84176
150.183, 84176
150.184, 84176
150.185, 84176
150.186, 84176
150.188, 84176
150.189, 84176
150.19, 84176
150.191, 84176
150.193, 84176
150.194, 84176
150.195, 84176
150.196, 84176
150.198, 84176
150.199, 84176
150.2, 84176
150.201, 84176
150.203, 84176
150.204, 83960
150.205, 83960
150.206, 83960
150.208, 83960
150.209, 83960
150.21, 83960
150.211, 83960
150.213, 83960
150.214, 83960
150.215, 83960
150.217, 83960
150.218, 83960
150.22, 83960
150.221, 83960
150.222, 83960
150.224, 83960
150.225, 83960
150.227, 83960
150.228, 83960
150.23, 83960
150.231, 83960
150.233, 83960
150.234, 83960
150.236, 83960
150.237, 83960
150.239, 83960
150.24, 83960
150.242, 83960
150.244, 83960
150.245, 83960
150.247, 83960
150.248, 83960
150.249, 83960
150.251, 83960
150.252, 83960
150.253, 83960
150.254, 83960
150.256, 83960
150.257, 83960
150.259, 83960
150.26, 83960
150.262, 83960
150.263, 83960
150.265, 83960
150.266, 83960
150.268, 83960
150.269, 83960
150.27, 83960
150.272, 83960
150.273, 83960
150.274, 83960
150.276, 83960
150.277, 83960
150.278, 83960
150.28, 83960
150.281, 83960
150.282, 83960
150.283, 83960
150.284, 83960
150.286, 83960
150.287, 83960
150.288, 83960
150.289, 83744
150.291, 83744
150.292, 83744
150.294, 83744
150.295, 83744
150.296, 83744
150.297, 83960
150.299, 83960
150.3, 83960
150.301, 83960
150.303, 83960
150.304, 83960
150.305, 83960
150.306, 83744
150.307, 83744
150.309, 83744
150.31, 83744
150.311, 83744
150.312, 83744
150.313, 83744
150.315, 83960
150.316, 83960
150.317, 83960
150.318, 83960
150.32, 83960
150.321, 83960
150.322, 83960
150.324, 83960
150.325, 83960
150.326, 83960
150.327, 83960
150.329, 83960
150.33, 83960
150.331, 83960
150.332, 83960
150.333, 83960
150.334, 83960
150.336, 83960
150.337, 83960
150.338, 83960
150.339, 83960
150.341, 83744
150.342, 83744
150.343, 83744
150.345, 83744
150.346, 83744
150.347, 83744
150.349, 83744
150.356, 83744
150.357, 83744
150.359, 83744
150.36, 83744
150.361, 83744
150.362, 83744
150.364, 83744
150.365, 83744
150.366, 83528
150.367, 83528
150.368, 83528
150.369, 83528
150.371, 83528
150.372, 83528
150.374, 83528
150.375, 83744
150.376, 83744
150.378, 83744
150.379, 83744
150.38, 83744
150.381, 83744
150.383, 83744
150.384, 83744
150.385, 83744
150.387, 83744
150.388, 83744
150.389, 83744
150.39, 83744
150.391, 83312
150.392, 83312
150.394, 83312
150.395, 83312
150.396, 83312
150.397, 83312
150.398, 83312
150.4, 83312
150.401, 83312
150.402, 83312
150.404, 83312
150.405, 83312
150.406, 83312
150.407, 83312
150.409, 83096
150.41, 83096
150.412, 83096
150.413, 83096
150.414, 83096
150.416, 83096
150.417, 83312
150.418, 83312
150.42, 83312
150.421, 83312
150.422, 83312
150.423, 83312
150.425, 83312
150.426, 83312
150.427, 83312
150.429, 83312
150.43, 83312
150.431, 83312
150.433, 83312
150.434, 83312
150.435, 83312
150.436, 83312
150.437, 83312
150.438, 83312
150.44, 83312
150.441, 83312
150.442, 83312
150.443, 82880
150.444, 82880
150.445, 82880
150.447, 82880
150.448, 82880
150.449, 82880
150.45, 82880
150.452, 82880
150.453, 82880
150.454, 82880
150.456, 82880
150.457, 82880
150.458, 82880
150.459, 83096
150.46, 83096
150.461, 83096
150.463, 83096
150.464, 83096
150.465, 83096
150.466, 83096
150.467, 83096
150.468, 82880
150.469, 82880
150.471, 82880
150.472, 82880
150.473, 82880
150.474, 82880
150.475, 82880
150.476, 82664
150.477, 82664
150.479, 82664
150.48, 82664
150.481, 82664
150.482, 82664
150.484, 82664
150.485, 82880
150.486, 82880
150.487, 82880
150.488, 82880
150.49, 82880
150.491, 82880
150.492, 82880
150.493, 82880
150.494, 82664
150.495, 82664
150.496, 82664
150.498, 82664
150.499, 82664
150.5, 82664
150.502, 82664
150.503, 82664
150.504, 82664
150.505, 82664
150.507, 82664
150.508, 82664
150.509, 82664
150.51, 83096
150.512, 83096
150.513, 83096
150.514, 83096
150.515, 83096
150.516, 83096
150.518, 83096
150.519, 83096
150.52, 83312
150.521, 83312
150.522, 83312
150.523, 83312
150.524, 83312
150.526, 83312
150.527, 83312
150.528, 83312
150.529, 83312
150.53, 83312
150.532, 83312
150.533, 83312
150.534, 83312
150.535, 83312
150.536, 83528
150.537, 83528
150.539, 83528
150.54, 83528
150.541, 83528
150.542, 83528
150.543, 83528
150.544, 83528
150.546, 83528
150.547, 83528
150.548, 83528
150.55, 83528
150.551, 83528
150.552, 83528
150.554, 83528
150.555, 83528
150.556, 83528
150.557, 83528
150.559, 83528
150.56, 83528
150.561, 83528
150.562, 83528
150.563, 83528
150.564, 83528
150.565, 83528
150.567, 83528
150.568, 83528
150.569, 83528
150.57, 83096
150.571, 83096
150.573, 83096
150.574, 83096
150.575, 83096
150.577, 83096
150.578, 83096
150.579, 83096
150.581, 83096
150.582, 83096
150.583, 83096
150.584, 83096
150.585, 83096
150.587, 83096
150.588, 83312
150.589, 83312
150.59, 83312
150.591, 83312
150.592, 83312
150.593, 83312
150.595, 83312
150.596, 83528
150.597, 83528
150.598, 83528
150.6, 83528
150.601, 83528
150.602, 83528
150.604, 83528
150.605, 83528
150.606, 83528
150.608, 83528
150.609, 83528
150.61, 83528
150.611, 83528
150.613, 83528
150.614, 83744
150.615, 83744
150.616, 83744
150.618, 83744
150.619, 83744
150.62, 83744
150.621, 83744
150.623, 83744
150.624, 83744
150.625, 83744
150.626, 83744
150.628, 83744
150.629, 83744
150.63, 83744
150.632, 83744
150.633, 83744
150.634, 83744
150.635, 83744
150.637, 83744
150.638, 83744
150.639, 83744
150.64, 83744
150.641, 83744
150.643, 83744
150.644, 83744
150.645, 83744
150.647, 83744
150.648, 83744
150.65, 83744
150.651, 83744
150.653, 83744
150.654, 83744
150.655, 83744
150.657, 83744
150.658, 83744
150.659, 83744
150.66, 83744
150.661, 83744
150.663, 83744
150.664, 83960
150.665, 83960
150.666, 83960
150.668, 83960
150.669, 83960
150.671, 83960
150.672, 83960
150.677, 83960
150.678, 83960
150.68, 83960
150.682, 83744
150.683, 83744
150.685, 83744
150.686, 83744
150.687, 83744
150.689, 83744
150.69, 83744
150.691, 83744
150.692, 83744
150.694, 83744
150.695, 83744
150.696, 83744
150.697, 83744
150.698, 83528
150.7, 83528
150.701, 83528
150.702, 83528
150.703, 83528
150.705, 83528
150.706, 83528
150.707, 83528
150.708, 83528
150.71, 83528
150.711, 83528
150.713, 83528
150.714, 83528
150.715, 83528
150.716, 83744
150.718, 83744
150.719, 83744
150.72, 83744
150.721, 83744
150.729, 83744
150.73, 83744
150.732, 83744
150.733, 83744
150.734, 83744
150.735, 83744
150.737, 83744
150.738, 83744
150.739, 83744
150.74, 83744
150.742, 83744
150.743, 83744
150.744, 83744
150.745, 83744
150.747, 83744
150.748, 83744
150.75, 83744
150.752, 83744
150.753, 83744
150.755, 83744
150.756, 83744
150.758, 83744
150.76, 83744
150.761, 83744
150.763, 83744
150.764, 83744
150.766, 83744
150.767, 83744
150.769, 83744
150.77, 83744
150.771, 83744
150.773, 83744
150.774, 83744
150.775, 83744
150.777, 83744
150.778, 83744
150.779, 83744
150.781, 83744
150.782, 83744
150.783, 83744
150.784, 83744
150.786, 83744
150.787, 83744
150.788, 83744
150.789, 83744
150.791, 83744
150.792, 83744
150.793, 83744
150.794, 83744
150.796, 83744
150.797, 83744
150.798, 83744
150.799, 83744
150.801, 83744
150.802, 83744
150.803, 83744
150.804, 83744
150.806, 83744
150.812, 83744
150.814, 83744
150.816, 83744
150.817, 83744
150.818, 83744
150.819, 83744
150.821, 83744
150.822, 83744
150.823, 83744
150.824, 83744
150.826, 83744
150.827, 83744
150.828, 83744
150.829, 83744
150.831, 83744
150.832, 83744
150.84, 83744
150.841, 83744
150.843, 83744
150.844, 83744
150.845, 83744
150.847, 83744
150.848, 83744
150.849, 83744
150.85, 83744
150.852, 83744
150.853, 83960
150.854, 83960
150.855, 83960
150.857, 83960
150.858, 83960
150.859, 83960
150.861, 83960
150.874, 83744
150.876, 83744
150.877, 83744
150.879, 83744
150.88, 83744
150.881, 83744
150.883, 83744
150.884, 83744
150.885, 83744
150.886, 83960
150.888, 83960
150.889, 83960
150.89, 83960
150.891, 83960
150.893, 83960
150.894, 83960
150.895, 83960
150.896, 83960
150.897, 83960
150.899, 83960
150.9, 83960
150.901, 83960
150.902, 83960
150.904, 83960
150.905, 83960
150.906, 83960
150.908, 83960
150.909, 83960
150.91, 83960
150.911, 83960
150.913, 83960
150.914, 83960
150.915, 83960
150.916, 83960
150.923, 83960
150.925, 83960
150.926, 83960
150.927, 83960
150.929, 83960
150.93, 83960
150.931, 83960
150.932, 83960
150.934, 83960
150.935, 83960
150.936, 83960
150.937, 83960
150.938, 83960
150.94, 83960
150.941, 83960
150.942, 83960
150.943, 83960
150.946, 83960
150.947, 83960
150.949, 83960
150.955, 84176
150.957, 84176
150.959, 84176
150.96, 84176
150.961, 84176
150.963, 84176
150.964, 84176
150.965, 84176
150.966, 84176
150.968, 84176
150.969, 84176
150.97, 84176
150.971, 84176
150.973, 84176
150.974, 84176
150.975, 84176
150.977, 84176
150.978, 84176
150.979, 84176
150.98, 84176
150.981, 84176
150.982, 84176
150.984, 84176
150.985, 84176
150.986, 84176
150.987, 84176
150.989, 83744
150.99, 83744
150.991, 83744
150.992, 83744
150.993, 83744
150.994, 83744
150.996, 83744
150.997, 83744
150.998, 83744
150.999, 83744
151, 83744
151.001, 83744
151.003, 83744
151.004, 83744
151.005, 83744
151.006, 83528
151.008, 83528
151.009, 83528
151.01, 83528
151.011, 83528
151.012, 83528
151.014, 83528
151.015, 83312
151.016, 83312
151.018, 83312
151.019, 83312
151.02, 83312
151.022, 83312
151.023, 83528
151.024, 83528
151.025, 83528
151.027, 83528
151.028, 83528
151.029, 83528
151.03, 83528
151.031, 83528
151.033, 83528
151.034, 83528
151.035, 83528
151.036, 83528
151.037, 83528
151.038, 83528
151.039, 83096
151.041, 83096
151.042, 83096
151.043, 83096
151.044, 83096
151.046, 83096
151.047, 83096
151.048, 83312
151.05, 83312
151.051, 83312
151.052, 83312
151.053, 83312
151.054, 83312
151.056, 83312
151.057, 83312
151.058, 83312
151.059, 83312
151.06, 83312
151.061, 83312
151.062, 83312
151.064, 83312
151.065, 83312
151.066, 83096
151.067, 83096
151.068, 83096
151.069, 83096
151.071, 83096
151.072, 83096
151.073, 83096
151.074, 82880
151.075, 82880
151.076, 82880
151.078, 82880
151.079, 82880
151.08, 82880
151.081, 82880
151.083, 82880
151.084, 82880
151.085, 82880
151.086, 82880
151.087, 82880
151.089, 82880
151.09, 82880
151.091, 82880
151.092, 82880
151.093, 82880
151.094, 82880
151.096, 82880
151.097, 82880
151.098, 82880
151.1, 82880
151.101, 82880
151.102, 82880
151.104, 82880
151.105, 82880
151.106, 82880
151.107, 82880
151.109, 83312
151.11, 83312
151.111, 83312
151.112, 83312
151.113, 83312
151.115, 83312
151.116, 83312
151.117, 83528
151.118, 83528
151.119, 83528
151.12, 83528
151.121, 83528
151.123, 83528
151.124, 83528
151.125, 83528
151.126, 83528
151.128, 83528
151.129, 83528
151.13, 83528
151.131, 83528
151.132, 83528
151.133, 83528
151.135, 83528
151.136, 83528
151.137, 83528
151.138, 83528
151.139, 83528
151.14, 83528
151.142, 83528
151.143, 83528
151.144, 83528
151.145, 83528
151.147, 83528
151.148, 83528
151.149, 83528
151.151, 83528
151.152, 83528
151.153, 83528
151.154, 83528
151.156, 83528
151.157, 83528
151.158, 83528
151.159, 83528
151.16, 83528
151.161, 83528
151.162, 83528
151.164, 83528
151.165, 83528
151.166, 83528
151.167, 83528
151.168, 83312
151.169, 83312
151.171, 83312
151.172, 83312
151.173, 83312
151.175, 83312
151.176, 83312
151.177, 83312
151.179, 83312
151.18, 83312
151.181, 83312
151.182, 83312
151.183, 83312
151.184, 83312
151.186, 83528
151.187, 83528
151.188, 83528
151.189, 83528
151.19, 83528
151.191, 83528
151.192, 83528
151.194, 83744
151.195, 83744
151.196, 83744
151.197, 83744
151.198, 83744
151.2, 83744
151.201, 83744
151.202, 83744
151.203, 83744
151.204, 83744
151.205, 83744
151.207, 83744
151.208, 83744
151.209, 83744
151.21, 83960
151.212, 83960
151.213, 83960
151.214, 83960
151.216, 83960
151.217, 83960
151.218, 83960
151.219, 83960
151.221, 83960
151.222, 83960
151.223, 83960
151.224, 83960
151.225, 83960
151.226, 83960
151.228, 83960
151.229, 83960
151.23, 83960
151.231, 83960
151.232, 83960
151.234, 83960
151.235, 83960
151.236, 83960
151.237, 83960
151.238, 83960
151.239, 83960
151.241, 83960
151.242, 83960
151.244, 83960
151.245, 83960
151.246, 83960
151.247, 83960
151.249, 83960
151.25, 83960
151.251, 83960
151.252, 83960
151.254, 83960
151.255, 83960
151.256, 83960
151.257, 83960
151.259, 83960
151.26, 83960
151.261, 83960
151.262, 83960
151.263, 83960
151.265, 83960
151.266, 83960
151.267, 83960
151.268, 83960
151.269, 83960
151.27, 83744
151.271, 83744
151.273, 83744
151.274, 83744
151.275, 83744
151.276, 83744
151.277, 83744
151.278, 83744
151.28, 83744
151.281, 83744
151.282, 83744
151.283, 83744
151.284, 83744
151.286, 83744
151.287, 83744
151.289, 83744
151.29, 83744
151.291, 83744
151.292, 83744
151.294, 83744
151.295, 83744
151.296, 83744
151.297, 83744
151.298, 83744
151.3, 83744
151.301, 83744
151.302, 83744
151.303, 83744
151.304, 83744
151.306, 83744
151.307, 83744
151.308, 83744
151.309, 83744
151.31, 83744
151.312, 83744
151.313, 83960
151.314, 83960
151.315, 83960
151.316, 83960
151.317, 83960
151.319, 83960
151.32, 83960
151.321, 83960
151.322, 83960
151.324, 83960
151.325, 83960
151.326, 83960
151.327, 83960
151.328, 83960
151.329, 83960
151.331, 83960
151.332, 83960
151.333, 83960
151.334, 83960
151.335, 83960
151.337, 83960
151.338, 83960
151.339, 83960
151.34, 83960
151.341, 83960
151.343, 83960
151.344, 83960
151.345, 83960
151.346, 83960
151.347, 83960
151.349, 83960
151.35, 83960
151.351, 83960
151.352, 83960
151.353, 83960
151.354, 83960
151.356, 83744
151.358, 83744
151.359, 83744
151.36, 83744
151.361, 83744
151.363, 83744
151.364, 83744
151.365, 83744
151.366, 83744
151.367, 83744
151.369, 83744
151.37, 83744
151.371, 83744
151.372, 83744
151.374, 83744
151.375, 83744
151.376, 83744
151.377, 83744
151.378, 83744
151.379, 83744
151.381, 83744
151.382, 83744
151.383, 83744
151.384, 83744
151.386, 83744
151.387, 83744
151.388, 83744
151.389, 83744
151.39, 83744
151.392, 83744
151.393, 83744
151.394, 83744
151.395, 83744
151.396, 83744
151.398, 83744
151.399, 83744
151.4, 83744
151.401, 83744
151.403, 83744
151.404, 83744
151.405, 83744
151.406, 83744
151.408, 83744
151.409, 83744
151.41, 83744
151.411, 83744
151.412, 83744
151.414, 83744
151.415, 83744
151.417, 83744
151.418, 83744
151.419, 83744
151.42, 83744
151.421, 83744
151.422, 83744
151.424, 83744
151.425, 83744
151.426, 83744
151.428, 83744
151.429, 83744
151.43, 83744
151.431, 83744
151.432, 83744
151.433, 83744
151.435, 83744
151.436, 83744
151.437, 83744
151.439, 83744
151.44, 83744
151.442, 83744
151.443, 83744
151.445, 83744
151.446, 83744
151.447, 83744
151.449, 83744
151.45, 83744
151.451, 83744
151.453, 83744
151.454, 83744
151.455, 83744
151.456, 83744
151.458, 83744
151.459, 83744
151.46, 83744
151.461, 83744
151.462, 83744
151.463, 83744
151.465, 83744
151.466, 83744
151.467, 83744
151.468, 83744
151.469, 83744
151.471, 83744
151.472, 83744
151.473, 83744
151.474, 83744
151.475, 83744
151.476, 83744
151.478, 83744
151.479, 83744
151.48, 83744
151.481, 83744
151.483, 83744
151.484, 83744
151.485, 83744
151.486, 83744
151.487, 83744
151.488, 83744
151.49, 83744
151.492, 83744
151.493, 83744
151.495, 83744
151.496, 83744
151.497, 83744
151.499, 83744
151.5, 83744
151.501, 83744
151.502, 83744
151.504, 83744
151.505, 83744
151.506, 83744
151.508, 83744
151.509, 83744
151.51, 83744
151.511, 83744
151.512, 83744
151.514, 83744
151.515, 83744
151.516, 83744
151.517, 83744
151.518, 83744
151.52, 83744
151.521, 83744
151.522, 83744
151.524, 83744
151.525, 83744
151.526, 83744
151.527, 83744
151.529, 83744
151.53, 83744
151.532, 83744
151.533, 83744
151.534, 83744
151.535, 83744
151.537, 83744
151.538, 83744
151.539, 83744
151.54, 83744
151.542, 83744
151.543, 83744
151.544, 83744
151.545, 83744
151.547, 83744
151.548, 83744
151.55, 83744
151.551, 83744
151.553, 83744
151.554, 83744
151.556, 83744
151.557, 83744
151.558, 83744
151.559, 83744
151.56, 83744
151.562, 83744
151.563, 83744
151.564, 83744
151.565, 83744
151.566, 83744
151.568, 83744
151.569, 83528
151.57, 83528
151.571, 83528
151.572, 83528
151.573, 83528
151.575, 83528
151.576, 83528
151.578, 83744
151.579, 83744
151.58, 83744
151.582, 83744
151.583, 83744
151.585, 83744
151.586, 83744
151.587, 83744
151.588, 83744
151.59, 83744
151.591, 83744
151.592, 83744
151.593, 83744
151.595, 83528
151.596, 83528
151.597, 83528
151.598, 83528
151.599, 83528
151.601, 83528
151.602, 83528
151.603, 83528
151.604, 83528
151.606, 83528
151.607, 83528
151.608, 83528
151.609, 83528
151.61, 83528
151.612, 83744
151.613, 83744
151.614, 83744
151.615, 83744
151.616, 83744
151.618, 83744
151.619, 83744
151.62, 83744
151.621, 83744
151.622, 83744
151.624, 83744
151.625, 83744
151.626, 83744
151.627, 83744
151.628, 83744
151.63, 83744
151.631, 83744
151.632, 83744
151.634, 83744
151.635, 83744
151.637, 83744
151.638, 83744
151.639, 83744
151.641, 83744
151.642, 83744
151.643, 83744
151.645, 83744
151.646, 83744
151.647, 83744
151.648, 83744
151.649, 83744
151.651, 83744
151.652, 83744
151.653, 83744
151.654, 83312
151.655, 83312
151.656, 83312
151.657, 83312
151.659, 83312
151.66, 83312
151.661, 83312
151.662, 83096
151.664, 83096
151.665, 83096
151.666, 83096
151.668, 83096
151.669, 83096
151.67, 83096
151.671, 83528
151.672, 83528
151.674, 83528
151.675, 83528
151.676, 83528
151.677, 83528
151.678, 83528
151.679, 83312
151.681, 83312
151.682, 83312
151.683, 83312
151.684, 83312
151.685, 83312
151.686, 83312
151.687, 83312
151.689, 83096
151.69, 83096
151.691, 83096
151.692, 83096
151.693, 83096
151.694, 83096
151.696, 83096
151.697, 83096
151.698, 83096
151.699, 83096
151.701, 83096
151.702, 83096
151.703, 83096
151.704, 83096
151.706, 83096
151.707, 83096
151.708, 83096
151.709, 83096
151.71, 83096
151.711, 83096
151.712, 83096
151.714, 82880
151.715, 82880
151.716, 82880
151.718, 82880
151.719, 82880
151.72, 82880
151.722, 82880
151.723, 83312
151.724, 83312
151.725, 83312
151.727, 83312
151.728, 83312
151.729, 83312
151.73, 83312
151.731, 83528
151.733, 83528
151.734, 83528
151.735, 83528
151.736, 83528
151.737, 83528
151.738, 83528
151.739, 83528
151.741, 83528
151.742, 83528
151.743, 83528
151.744, 83528
151.746, 83528
151.747, 83528
151.748, 83528
151.749, 83528
151.75, 83528
151.752, 83528
151.753, 83528
151.754, 83528
151.755, 83528
151.756, 83528
151.757, 83528
151.758, 83528
151.76, 83528
151.761, 83528
151.762, 83528
151.764, 83528
151.765, 83528
151.766, 83528
151.768, 83528
151.769, 83528
151.77, 83528
151.771, 83528
151.773, 83528
151.774, 83528
151.775, 83528
151.776, 83528
151.777, 83528
151.779, 83528
151.78, 83528
151.781, 83528
151.782, 83312
151.783, 83312
151.784, 83312
151.785, 83312
151.787, 83312
151.788, 83312
151.789, 83312
151.79, 83096
151.792, 83096
151.793, 83096
151.794, 83096
151.796, 83096
151.797, 83096
151.798, 83096
151.8, 83312
151.801, 83312
151.802, 83312
151.803, 83312
151.804, 83312
151.805, 83312
151.806, 83312
151.808, 83528
151.809, 83528
151.81, 83528
151.811, 83528
151.812, 83528
151.813, 83528
151.815, 83528
151.816, 83528
151.817, 83528
151.818, 83528
151.82, 83528
151.821, 83528
151.823, 83528
151.824, 83528
151.826, 83528
151.828, 83528
151.829, 83528
151.831, 83528
151.832, 83528
151.833, 83744
151.835, 83744
151.836, 83744
151.837, 83744
151.839, 83744
151.84, 83744
151.841, 83744
151.842, 83744
151.844, 83744
151.845, 83744
151.846, 83744
151.847, 83744
151.849, 83744
151.85, 83744
151.851, 83744
151.852, 83744
151.854, 83744
151.855, 83744
151.856, 83744
151.857, 83744
151.859, 83744
151.86, 83744
151.861, 83744
151.862, 83744
151.864, 83744
151.865, 83744
151.866, 83744
151.868, 83528
151.869, 83528
151.87, 83528
151.871, 83528
151.873, 83528
151.874, 83528
151.875, 83528
151.877, 83528
151.878, 83528
151.88, 83528
151.881, 83528
151.883, 83528
151.884, 83744
151.886, 83744
151.887, 83744
151.888, 83744
151.89, 83744
151.891, 83744
151.892, 83744
151.893, 83744
151.895, 83744
151.896, 83744
151.897, 83744
151.898, 83744
151.9, 83744
151.901, 83744
151.902, 83744
151.914, 83960
151.916, 83960
151.917, 83960
151.918, 83960
151.919, 83960
151.921, 83960
151.922, 83960
151.923, 83960
151.924, 83960
151.926, 83960
151.927, 83960
151.928, 83960
151.93, 83960
151.931, 83960
151.932, 83960
151.933, 83960
151.935, 83960
151.936, 83960
151.937, 83960
151.938, 83960
151.94, 83960
151.941, 83960
151.942, 83960
151.943, 83960
151.945, 83960
151.946, 83960
151.947, 83960
151.948, 83960
151.95, 83960
151.951, 83960
151.952, 83960
151.953, 83960
151.955, 83960
151.956, 83960
151.957, 83960
151.958, 83960
151.964, 83744
151.965, 83744
151.966, 83744
151.968, 83744
151.969, 83744
151.97, 83528
151.972, 83528
151.973, 83528
151.974, 83528
151.976, 83528
151.977, 83528
151.978, 83744
151.979, 83744
151.981, 83744
151.982, 83744
151.983, 83744
151.985, 83744
151.986, 83744
151.987, 83744
151.989, 83744
151.99, 83744
151.992, 83744
151.993, 83744
151.995, 83744
151.996, 83744
151.998, 83744
151.999, 83744
152.001, 83744
152.002, 83744
152.004, 83744
152.005, 83744
152.006, 83744
152.008, 83744
152.009, 83744
152.01, 83744
152.012, 83744
152.013, 83960
152.014, 83960
152.015, 83960
152.017, 83960
152.018, 83960
152.019, 83960
152.02, 83960
152.022, 83960
152.023, 83960
152.024, 83960
152.025, 83960
152.027, 83960
152.028, 83960
152.029, 83960
152.03, 83960
152.032, 83960
152.033, 83960
152.034, 83960
152.035, 83960
152.036, 83960
152.038, 83960
152.039, 83960
152.04, 83960
152.042, 83960
152.043, 83960
152.044, 83960
152.052, 83744
152.054, 83744
152.055, 83744
152.056, 83744
152.058, 83744
152.059, 83744
152.06, 83744
152.061, 83744
152.063, 83744
152.064, 83744
152.065, 83744
152.066, 83744
152.068, 83744
152.069, 83744
152.07, 83744
152.071, 83744
152.073, 83744
152.074, 83744
152.075, 83744
152.082, 83744
152.083, 83744
152.084, 83744
152.086, 83744
152.087, 83744
152.088, 83744
152.089, 83960
152.091, 83960
152.092, 83960
152.093, 83960
152.095, 83960
152.096, 83960
152.097, 83960
152.098, 83960
152.1, 83960
152.101, 83960
152.102, 83960
152.118, 83744
152.12, 83744
152.121, 83744
152.122, 83744
152.124, 83960
152.125, 83960
152.126, 83960
152.127, 83960
152.129, 83960
152.13, 83960
152.131, 83960
152.132, 83960
152.133, 83960
152.135, 83960
152.136, 83960
152.137, 83960
152.138, 83960
152.14, 83960
152.141, 83960
152.142, 83960
152.143, 83960
152.145, 83960
152.146, 83960
152.147, 83960
152.148, 83960
152.15, 83960
152.151, 83960
152.152, 83960
152.153, 83960
152.155, 83960
152.156, 83960
152.157, 83960
152.158, 83960
152.159, 83960
152.161, 83960
152.162, 83960
152.163, 83960
152.165, 83960
152.166, 83744
152.168, 83744
152.169, 83744
152.171, 83744
152.173, 83744
152.174, 83744
152.176, 83744
152.177, 83744
152.178, 83744
152.18, 83744
152.181, 83744
152.182, 83744
152.184, 83744
152.185, 83744
152.186, 83744
152.187, 83744
152.189, 83744
152.19, 83744
152.191, 83744
152.193, 83744
152.194, 83744
152.196, 83744
152.197, 83744
152.199, 83744
152.2, 83960
152.202, 83960
152.203, 83960
152.204, 83960
152.205, 83960
152.206, 83960
152.208, 83960
152.209, 83744
152.21, 83744
152.211, 83744
152.213, 83744
152.214, 83744
152.215, 83744
152.216, 83744
152.217, 83528
152.219, 83528
152.22, 83528
152.221, 83528
152.222, 83528
152.223, 83528
152.224, 83528
152.226, 83312
152.227, 83312
152.229, 83312
152.23, 83312
152.231, 83312
152.233, 83312
152.234, 83528
152.235, 83528
152.237, 83528
152.238, 83528
152.239, 83528
152.24, 83528
152.242, 83528
152.243, 83744
152.244, 83744
152.245, 83744
152.246, 83744
152.247, 83744
152.248, 83744
152.25, 83744
152.251, 83744
152.254, 83312
152.255, 83312
152.257, 83312
152.258, 83312
152.259, 83312
152.261, 83528
152.262, 83528
152.263, 83528
152.265, 83528
152.266, 83528
152.267, 83528
152.269, 83744
152.27, 83744
152.271, 83744
152.272, 83744
152.273, 83744
152.275, 83744
152.276, 83744
152.277, 83312
152.278, 83312
152.279, 83312
152.28, 83312
152.281, 83312
152.283, 83312
152.284, 83312
152.285, 83312
152.286, 83096
152.287, 83096
152.288, 83096
152.289, 83096
152.291, 83096
152.292, 83096
152.294, 83096
152.295, 83096
152.296, 83096
152.297, 83096
152.298, 83096
152.3, 83096
152.301, 83096
152.302, 83096
152.303, 83312
152.304, 83312
152.305, 83312
152.307, 83312
152.308, 83312
152.309, 83312
152.31, 83312
152.312, 83096
152.313, 83096
152.314, 83096
152.316, 83096
152.317, 83096
152.318, 83096
152.319, 83528
152.321, 83528
152.322, 83528
152.323, 83528
152.324, 83528
152.325, 83528
152.327, 83528
152.328, 83528
152.329, 83312
152.33, 83312
152.331, 83312
152.332, 83312
152.333, 83312
152.335, 83312
152.336, 83312
152.337, 83096
152.338, 83096
152.34, 83096
152.341, 83096
152.342, 83096
152.343, 83096
152.344, 83096
152.346, 83312
152.347, 83312
152.348, 83312
152.349, 83312
152.35, 83312
152.351, 83312
152.353, 83312
152.354, 83096
152.356, 83096
152.357, 83096
152.359, 83096
152.36, 83096
152.362, 83096
152.363, 83096
152.364, 83096
152.366, 83096
152.367, 83096
152.368, 83096
152.37, 83096
152.371, 83312
152.372, 83312
152.373, 83312
152.374, 83312
152.376, 83312
152.377, 83312
152.378, 83312
152.379, 83312
152.38, 83096
152.381, 83096
152.382, 83096
152.384, 83096
152.385, 83096
152.386, 83096
152.388, 83096
152.389, 83096
152.39, 83096
152.391, 83096
152.393, 83096
152.394, 83096
152.395, 83096
152.396, 83096
152.397, 83528
152.398, 83528
152.4, 83528
152.401, 83528
152.402, 83528
152.403, 83528
152.404, 83528
152.405, 83744
152.406, 83744
152.408, 83744
152.409, 83744
152.41, 83744
152.411, 83744
152.412, 83744
152.414, 83744
152.415, 83744
152.416, 83744
152.417, 83744
152.418, 83744
152.42, 83744
152.421, 83744
152.423, 83960
152.424, 83960
152.426, 83960
152.427, 83960
152.428, 83960
152.429, 83960
152.43, 83960
152.432, 83960
152.433, 83960
152.434, 83960
152.435, 83960
152.437, 83960
152.438, 83960
152.439, 83960
152.44, 83960
152.441, 83960
152.443, 83960
152.444, 83960
152.445, 83960
152.446, 83960
152.447, 83960
152.449, 83960
152.45, 83960
152.451, 83960
152.452, 83960
152.454, 83960
152.455, 83960
152.456, 83960
152.458, 83960
152.459, 83960
152.46, 83960
152.462, 83960
152.463, 83960
152.464, 83960
152.465, 83960
152.466, 83960
152.467, 83960
152.469, 83960
152.47, 83960
152.471, 83960
152.472, 83960
152.474, 83960
152.475, 83960
152.476, 83960
152.477, 83960
152.478, 83960
152.48, 83960
152.481, 83960
152.482, 83960
152.483, 83960
152.484, 83960
152.485, 83960
152.487, 83960
152.488, 83960
152.49, 83960
152.492, 83960
152.493, 83960
152.495, 83960
152.497, 83960
152.498, 83960
152.499, 83744
152.501, 83744
152.502, 83744
152.503, 83744
152.504, 83744
152.505, 83744
152.506, 83744
152.508, 83960
152.509, 83960
152.51, 83960
152.511, 83960
152.513, 83960
152.514, 83960
152.515, 83960
152.516, 83960
152.517, 83960
152.519, 83960
152.52, 83960
152.521, 83960
152.522, 83960
152.524, 83960
152.525, 83960
152.526, 83960
152.527, 83960
152.528, 83960
152.53, 83960
152.531, 83960
152.532, 83960
152.533, 83960
152.535, 83960
152.536, 83960
152.537, 83960
152.539, 83960
152.54, 83960
152.541, 83960
152.543, 83960
152.544, 83960
152.545, 83960
152.546, 83960
152.547, 83960
152.548, 83960
152.55, 83960
152.551, 83744
152.552, 83744
152.553, 83744
152.554, 83744
152.556, 83744
152.557, 83744
152.558, 83744
152.559, 83960
152.56, 83960
152.561, 83960
152.562, 83960
152.564, 83960
152.565, 83960
152.566, 83960
152.567, 83960
152.568, 83960
152.569, 83960
152.571, 83960
152.572, 83960
152.574, 83960
152.575, 83960
152.576, 83960
152.577, 83960
152.578, 83960
152.579, 83960
152.581, 83960
152.582, 83960
152.583, 83960
152.584, 83960
152.586, 83960
152.587, 83960
152.588, 83960
152.589, 83960
152.591, 83960
152.592, 83960
152.593, 83960
152.594, 83960
152.595, 83960
152.596, 83960
152.598, 83960
152.599, 83960
152.6, 83960
152.602, 83960
152.603, 83960
152.604, 83960
152.606, 83960
152.607, 83960
152.608, 83960
152.609, 83960
152.611, 83960
152.612, 83960
152.613, 83960
152.614, 83960
152.616, 83960
152.617, 83960
152.618, 83960
152.62, 83960
152.621, 83960
152.622, 83960
152.623, 83960
152.625, 83960
152.626, 83960
152.627, 83960
152.628, 83960
152.629, 83960
152.631, 83960
152.632, 83960
152.633, 83960
152.634, 83960
152.635, 83960
152.637, 83960
152.638, 83960
152.639, 83960
152.64, 83960
152.641, 83960
152.643, 83960
152.644, 83960
152.645, 83960
152.646, 83960
152.647, 83960
152.648, 83960
152.65, 83960
152.651, 83960
152.652, 83960
152.654, 83960
152.655, 83960
152.656, 83960
152.657, 83960
152.659, 83960
152.66, 83960
152.661, 83960
152.663, 83960
152.664, 83960
152.665, 83960
152.667, 83960
152.668, 83960
152.669, 83744
152.671, 83744
152.672, 83744
152.673, 83744
152.674, 83744
152.675, 83744
152.677, 83744
152.678, 83744
152.679, 83744
152.68, 83744
152.681, 83744
152.682, 83744
152.684, 83744
152.685, 83744
152.686, 83744
152.687, 83960
152.688, 83960
152.689, 83960
152.69, 83960
152.692, 83960
152.693, 83960
152.694, 83960
152.695, 83960
152.697, 83960
152.698, 83960
152.699, 83960
152.7, 83960
152.701, 83960
152.702, 83960
152.704, 83744
152.705, 83744
152.707, 83744
152.709, 83744
152.71, 83744
152.711, 83744
152.713, 83744
152.714, 83744
152.715, 83744
152.716, 83744
152.718, 83744
152.719, 83744
152.72, 83744
152.721, 83744
152.722, 83744
152.723, 83744
152.725, 83744
152.726, 83744
152.727, 83744
152.728, 83744
152.73, 83744
152.731, 83744
152.732, 83744
152.733, 83744
152.735, 83744
152.736, 83744
152.738, 83744
152.739, 83744
152.74, 83744
152.742, 83744
152.743, 83744
152.744, 83744
152.746, 83744
152.747, 83744
152.748, 83744
152.75, 83744
152.751, 83744
152.752, 83744
152.753, 83744
152.755, 83744
152.756, 83744
152.757, 83744
152.758, 83744
152.759, 83744
152.76, 83744
152.762, 83744
152.763, 83744
152.764, 83744
152.765, 83744
152.767, 83744
152.768, 83744
152.77, 83744
152.771, 83744
152.773, 83744
152.774, 83744
152.776, 83744
152.777, 83744
152.778, 83744
152.779, 83744
152.78, 83528
152.782, 83528
152.783, 83528
152.784, 83528
152.785, 83528
152.787, 83528
152.788, 83528
152.789, 83528
152.79, 83528
152.791, 83528
152.793, 83528
152.794, 83528
152.795, 83528
152.796, 83528
152.798, 83744
152.799, 83744
152.801, 83744
152.802, 83744
152.803, 83744
152.804, 83744
152.805, 83744
152.807, 83744
152.808, 83744
152.809, 83744
152.81, 83744
152.811, 83744
152.813, 83744
152.814, 83744
152.815, 83744
152.816, 83744
152.818, 83744
152.819, 83744
152.82, 83744
152.821, 83744
152.822, 83744
152.824, 83744
152.825, 83744
152.826, 83744
152.827, 83744
152.829, 83744
152.83, 83744
152.831, 83744
152.832, 83744
152.833, 83744
152.834, 83744
152.836, 83744
152.837, 83744
152.838, 83744
152.839, 83744
152.84, 83312
152.842, 83312
152.843, 83312
152.844, 83312
152.845, 83312
152.847, 83312
152.848, 83312
152.849, 83312
152.85, 83312
152.851, 83312
152.853, 83312
152.854, 83312
152.856, 83312
152.857, 83312
152.859, 83312
152.86, 83312
152.862, 83312
152.863, 83312
152.864, 83312
152.865, 83312
152.867, 83312
152.868, 83312
152.869, 83312
152.871, 83312
152.872, 83312
152.873, 83312
152.874, 83312
152.875, 83312
152.876, 83312
152.878, 83312
152.879, 83312
152.88, 83312
152.881, 83312
152.882, 83312
152.883, 83528
152.885, 83528
152.886, 83528
152.887, 83528
152.889, 83528
152.89, 83528
152.891, 83528
152.892, 83528
152.894, 83528
152.895, 83528
152.896, 83528
152.897, 83528
152.898, 83528
152.899, 83528
152.901, 83744
152.902, 83744
152.903, 83744
152.904, 83744
152.905, 83744
152.906, 83744
152.907, 83744
152.909, 83528
152.91, 83528
152.911, 83528
152.912, 83528
152.913, 83528
152.914, 83528
152.915, 83528
152.917, 83528
152.918, 83528
152.919, 83528
152.92, 83528
152.921, 83528
152.923, 83528
152.924, 83528
152.925, 83528
152.927, 83528
152.928, 83528
152.929, 83528
152.93, 83528
152.931, 83528
152.932, 83528
152.933, 83528
152.935, 83528
152.936, 83528
152.937, 83528
152.938, 83528
152.939, 83528
152.941, 83528
152.942, 83528
152.944, 83528
152.945, 83528
152.946, 83528
152.947, 83528
152.949, 83528
152.95, 83528
152.951, 83528
152.952, 83528
152.954, 83528
152.955, 83528
152.956, 83528
152.957, 83528
152.959, 83528
152.96, 83528
152.961, 83528
152.962, 83528
152.963, 83528
152.964, 83528
152.966, 83528
152.967, 83528
152.968, 83312
152.969, 83312
152.97, 83312
152.972, 83312
152.973, 83312
152.974, 83312
152.976, 83312
152.977, 83312
152.978, 83312
152.979, 83312
152.98, 83312
152.981, 83312
152.982, 83312
152.983, 83312
152.985, 83312
152.986, 83096
152.987, 83096
152.989, 83096
152.99, 83096
152.991, 83096
152.993, 83096
152.994, 83312
152.995, 83312
152.997, 83312
152.998, 83312
152.999, 83312
153.001, 83312
153.002, 83312
153.003, 83528
153.004, 83528
153.005, 83528
153.006, 83528
153.008, 83528
153.009, 83528
153.01, 83528
153.011, 83096
153.012, 83096
153.013, 83096
153.014, 83096
153.016, 83096
153.017, 83096
153.018, 83096
153.02, 83096
153.021, 83096
153.022, 83096
153.024, 83096
153.025, 83096
153.026, 83096
153.027, 83096
153.028, 83312
153.029, 83312
153.031, 83312
153.032, 83312
153.033, 83312
153.034, 83312
153.035, 83312
153.037, 83528
153.038, 83528
153.039, 83528
153.04, 83528
153.042, 83528
153.043, 83528
153.044, 83528
153.045, 83528
153.047, 83528
153.048, 83528
153.049, 83528
153.051, 83528
153.052, 83528
153.053, 83528
153.054, 83744
153.056, 83744
153.057, 83744
153.058, 83744
153.059, 83744
153.061, 83744
153.062, 83960
153.063, 83960
153.064, 83960
153.065, 83960
153.067, 83960
153.068, 83960
153.069, 83960
153.07, 83960
153.071, 83960
153.072, 83960
153.074, 83960
153.075, 83960
153.076, 83960
153.077, 83960
153.079, 83960
153.08, 83960
153.081, 83960
153.082, 83960
153.084, 83960
153.085, 83960
153.086, 83960
153.087, 83960
153.089, 83960
153.09, 83960
153.091, 83960
153.092, 83960
153.093, 83960
153.095, 83960
153.096, 83960
153.097, 83960
153.098, 83960
153.1, 83960
153.101, 83960
153.102, 83960
153.103, 83960
153.105, 83960
153.106, 83960
153.107, 83960
153.108, 83960
153.11, 83960
153.111, 83960
153.112, 83960
153.113, 83960
153.115, 83960
153.116, 83960
153.117, 83960
153.119, 83960
153.12, 83960
153.122, 83960
153.123, 83960
153.125, 83960
153.126, 83960
153.127, 83960
153.129, 83960
153.13, 83960
153.131, 83960
153.133, 83960
153.134, 83960
153.135, 83960
153.136, 83960
153.137, 83960
153.139, 83960
153.14, 83960
153.141, 83960
153.142, 83960
153.144, 83960
153.145, 83960
153.146, 83960
153.148, 83960
153.149, 83960
153.151, 83960
153.153, 83960
153.154, 83960
153.156, 83960
153.157, 83960
153.159, 83960
153.16, 83960
153.162, 83960
153.163, 83960
153.164, 83960
153.165, 83960
153.167, 83960
153.168, 83960
153.169, 83960
153.171, 83960
153.172, 83960
153.173, 84176
153.174, 84176
153.175, 84176
153.177, 84176
153.178, 84176
153.179, 84176
153.181, 84176
153.182, 84176
153.183, 84176
153.184, 84176
153.186, 84176
153.187, 84176
153.188, 84176
153.189, 84176
153.191, 84176
153.192, 84176
153.193, 84176
153.194, 84176
153.196, 84176
153.197, 84176
153.198, 83960
153.2, 83960
153.201, 83960
153.203, 83960
153.204, 83960
153.206, 83960
153.208, 83960
153.209, 83960
153.211, 83960
153.212, 83960
153.213, 83960
153.214, 83960
153.216, 83960
153.217, 83960
153.218, 83960
153.219, 83960
153.221, 83960
153.222, 83960
153.223, 83960
153.224, 83960
153.226, 83960
153.238, 83960
153.24, 83960
153.241, 83960
153.243, 83960
153.244, 83960
153.245, 83960
153.247, 83960
153.248, 83960
153.249, 83960
153.25, 83960
153.252, 83960
153.253, 83960
153.254, 83960
153.255, 83960
153.257, 83960
153.258, 83960
153.259, 83744
153.26, 83744
153.261, 83744
153.263, 83744
153.264, 83744
153.265, 83744
153.266, 83744
153.268, 83744
153.269, 83744
153.27, 83744
153.271, 83744
153.273, 83744
153.274, 83744
153.275, 83744
153.276, 83744
153.277, 83744
153.279, 83744
153.28, 83744
153.281, 83744
153.283, 83744
153.284, 83528
153.286, 83528
153.287, 83528
153.289, 83528
153.29, 83528
153.292, 83528
153.293, 84176
153.294, 84176
153.296, 84176
153.297, 84176
153.299, 84176
153.3, 84176
153.302, 85040
153.304, 85040
153.305, 85040
153.307, 85040
153.308, 85040
153.317, 85472
153.318, 85688
153.32, 85688
153.322, 85688
153.323, 85688
153.325, 85688
153.326, 85688
153.328, 85256
153.329, 85256
153.33, 85256
153.332, 85256
153.333, 85256
153.335, 85256
153.336, 85040
153.337, 85040
153.339, 85040
153.341, 85040
153.342, 85040
153.344, 84608
153.345, 84608
153.347, 84608
153.348, 84608
153.349, 84608
153.351, 84608
153.352, 84608
153.354, 84608
153.355, 84608
153.36, 84608
153.361, 84608
153.363, 84608
153.368, 84608
153.37, 84392
153.371, 84392
153.373, 84392
153.374, 84392
153.375, 84392
153.377, 84392
153.378, 84392
153.379, 84392
153.381, 84392
153.382, 84392
153.383, 84392
153.384, 84392
153.386, 84392
153.387, 84392
153.388, 84392
153.39, 84392
153.391, 84392
153.392, 84392
153.394, 84392
153.395, 84608
153.396, 84608
153.397, 84608
153.399, 84608
153.4, 84608
153.401, 84608
153.402, 84608
153.403, 84608
153.405, 84608
153.406, 84608
153.407, 84608
153.409, 84608
153.41, 84608
153.412, 84608
153.413, 84608
153.414, 84608
153.416, 84608
153.417, 84608
153.418, 84608
153.419, 84608
153.42, 84176
153.422, 84176
153.423, 84176
153.424, 84176
153.425, 84176
153.427, 84176
153.428, 84176
153.43, 83960
153.431, 83960
153.433, 83960
153.434, 83960
153.435, 83960
153.44, 83960
153.442, 83960
153.443, 83960
153.445, 83960
153.446, 84176
153.447, 84176
153.449, 84176
153.45, 84176
153.451, 84176
153.453, 84176
153.454, 84176
153.455, 84392
153.456, 84392
153.457, 84392
153.458, 84392
153.459, 84392
153.46, 84392
153.462, 84392
153.463, 84392
153.464, 84392
153.466, 84392
153.47, 84392
153.471, 84392
153.475, 84392
153.476, 84392
153.477, 84392
153.479, 84392
153.48, 84392
153.481, 84608
153.482, 84608
153.483, 84608
153.484, 84608
153.486, 84608
153.487, 84608
153.488, 84608
153.489, 84608
153.49, 84608
153.492, 84608
153.493, 84608
153.494, 84608
153.495, 84608
153.496, 84608
153.498, 84608
153.499, 84608
153.5, 84608
153.501, 84608
153.505, 84608
153.506, 84392
153.508, 84392
153.509, 84392
153.51, 84392
153.511, 84392
153.512, 84392
153.514, 84392
153.515, 84392
153.516, 84392
153.517, 84392
153.518, 84392
153.527, 84392
153.532, 84608
153.534, 84608
153.535, 84608
153.536, 84608
153.537, 84608
153.538, 84608
153.539, 84608
153.541, 84608
153.542, 84608
153.543, 84608
153.544, 84608
153.545, 84608
153.546, 84608
153.548, 84608
153.55, 84608
153.551, 84608
153.553, 84608
153.554, 84608
153.555, 84608
153.556, 84608
153.558, 84608
153.559, 84608
153.56, 84608
153.561, 84608
153.563, 84608
153.564, 84608
153.565, 84608
153.567, 84608
153.569, 84608
153.57, 84608
153.572, 84608
153.578, 84608
153.579, 84608
153.581, 84608
153.582, 84608
153.583, 84608
153.584, 84608
153.585, 84608
153.586, 84608
153.587, 84608
153.588, 84608
153.59, 84608
153.591, 84608
153.592, 84176
153.593, 84176
153.595, 84176
153.596, 84176
153.597, 84176
153.599, 84176
153.6, 84176
153.601, 84176
153.602, 84176
153.603, 84176
153.605, 84176
153.606, 84176
153.607, 84176
153.608, 84176
153.609, 84176
153.61, 84176
153.611, 84176
153.613, 84176
153.614, 84176
153.615, 84176
153.616, 84176
153.617, 84176
153.618, 84176
153.619, 84176
153.62, 84176
153.622, 84176
153.623, 84176
153.624, 84176
153.625, 83960
153.626, 83960
153.627, 83960
153.629, 83960
153.63, 83960
153.631, 83960
153.632, 83960
153.633, 83960
153.634, 84176
153.635, 84176
153.637, 84176
153.638, 84176
153.639, 84176
153.64, 84176
153.641, 84176
153.642, 84176
153.643, 84176
153.645, 84176
153.646, 84176
153.647, 84176
153.648, 84176
153.649, 84176
153.65, 84176
153.652, 84392
153.653, 84392
153.654, 84392
153.655, 84392
153.656, 84392
153.657, 84392
153.658, 84392
153.659, 84392
153.661, 84392
153.662, 84392
153.663, 84392
153.664, 84392
153.665, 84392
153.666, 84392
153.667, 84392
153.669, 84392
153.67, 84392
153.671, 84392
153.672, 84392
153.673, 84392
153.674, 84392
153.675, 84392
153.676, 84392
153.678, 84392
153.679, 84392
153.68, 84392
153.681, 84392
153.682, 84392
153.683, 84392
153.684, 84392
153.686, 84392
153.687, 84392
153.688, 84392
153.689, 84392
153.69, 84392
153.691, 84392
153.692, 84392
153.694, 84392
153.695, 84392
153.696, 84392
153.697, 84392
153.698, 84392
153.699, 84392
153.701, 84392
153.702, 84176
153.703, 84176
153.704, 84176
153.705, 84176
153.706, 84176
153.708, 84176
153.709, 84176
153.71, 84176
153.711, 84176
153.712, 84176
153.714, 84176
153.715, 84176
153.716, 84176
153.718, 84176
153.719, 84176
153.721, 84176
153.722, 84176
153.724, 84176
153.725, 84176
153.726, 84176
153.727, 84176
153.728, 84392
153.73, 84392
153.731, 84392
153.732, 84392
153.733, 84392
153.734, 84392
153.735, 84392
153.737, 84176
153.738, 84176
153.739, 84176
153.74, 84176
153.742, 84176
153.744, 84176
153.745, 84176
153.747, 84176
153.748, 84176
153.749, 84176
153.75, 84176
153.751, 84176
153.753, 84176
153.754, 84392
153.755, 84392
153.756, 84392
153.757, 84392
153.758, 84392
153.76, 84392
153.762, 84392
153.763, 84392
153.764, 84392
153.765, 84392
153.766, 84392
153.768, 84392
153.769, 84392
153.77, 84392
153.771, 84392
153.772, 84392
153.774, 84392
153.775, 84392
153.776, 84392
153.777, 84392
153.778, 84392
153.78, 84176
153.781, 84176
153.782, 84176
153.784, 84176
153.785, 84176
153.786, 84176
153.788, 84392
153.789, 84392
153.791, 84392
153.792, 84392
153.793, 84392
153.794, 84392
153.796, 84392
153.797, 84392
153.798, 84392
153.799, 84392
153.8, 84392
153.801, 84392
153.803, 84392
153.804, 84392
153.805, 84392
153.806, 84392
153.807, 84392
153.808, 84392
153.809, 84392
153.811, 84392
153.812, 84392
153.813, 84176
153.814, 84176
153.815, 84176
153.816, 84176
153.818, 84176
153.819, 84176
153.82, 84176
153.821, 84176
153.822, 83960
153.823, 83960
153.824, 83960
153.826, 83960
153.827, 83960
153.828, 83960
153.829, 83960
153.83, 83960
153.833, 83960
153.834, 83960
153.835, 83960
153.836, 83960
153.837, 83960
153.838, 83960
153.84, 83960
153.841, 83960
153.842, 83960
153.843, 83960
153.844, 83960
153.846, 83960
153.847, 83960
153.848, 83744
153.849, 83744
153.85, 83744
153.851, 83744
153.853, 83744
153.854, 83744
153.855, 83744
153.856, 83744
153.857, 83744
153.859, 83744
153.86, 83744
153.861, 83744
153.862, 83744
153.863, 83744
153.864, 83744
153.866, 83744
153.867, 83744
153.868, 83744
153.87, 83744
153.871, 83744
153.873, 83744
153.874, 83744
153.875, 83744
153.877, 83744
153.878, 83744
153.882, 83960
153.883, 83960
153.885, 83960
153.886, 83960
153.888, 83960
153.889, 83960
153.89, 83960
153.892, 83960
153.893, 83960
153.894, 83960
153.895, 83960
153.897, 83960
153.898, 83960
153.899, 83744
153.9, 83744
153.901, 83744
153.903, 83744
153.904, 83744
153.905, 83744
153.906, 83744
153.907, 83528
153.909, 83528
153.91, 83528
153.911, 83528
153.912, 83528
153.914, 83528
153.915, 83528
153.917, 83528
153.918, 83528
153.919, 83528
153.921, 83528
153.922, 83528
153.923, 83528
153.924, 83312
153.926, 83312
153.927, 83312
153.929, 83312
153.93, 83312
153.931, 83312
153.932, 83096
153.934, 83096
153.935, 83096
153.937, 83096
153.938, 83096
153.939, 83096
153.94, 83096
153.941, 83096
153.943, 83096
153.944, 83096
153.947, 83096
153.95, 83096
153.953, 83096
153.955, 83096
153.957, 83096
153.958, 83528
153.959, 83528
153.96, 83528
153.962, 83528
153.963, 83528
153.964, 83528
153.965, 83528
153.966, 83744
153.968, 83744
153.969, 83744
153.97, 83744
153.971, 83744
153.972, 83744
153.974, 83744
153.975, 83744
153.976, 83528
153.977, 83528
153.978, 83528
153.979, 83528
153.981, 83528
153.982, 83528
153.983, 83528
153.984, 83528
153.985, 83528
153.986, 83528
153.987, 83528
153.989, 83528
153.99, 83528
153.991, 83528
153.992, 83528
153.993, 83528
153.994, 83528
153.996, 83528
154.003, 83528
154.004, 83528
154.005, 83528
154.007, 83528
154.008, 83528
154.019, 84392
154.021, 84392
154.022, 84392
154.023, 84392
154.024, 84392
154.026, 84392
154.027, 84392
154.028, 84392
154.029, 84392
154.03, 84392
154.031, 84392
154.032, 84392
154.034, 84392
154.035, 84176
154.036, 84176
154.037, 84176
154.038, 84176
154.039, 84176
154.041, 84176
154.042, 84176
154.043, 84176
154.044, 84176
154.045, 84176
154.046, 84176
154.047, 84176
154.049, 84176
154.05, 84176
154.051, 84176
154.052, 84176
154.053, 84176
154.054, 84176
154.055, 84176
154.057, 84176
154.058, 84176
154.059, 84176
154.06, 84176
154.061, 84176
154.062, 84176
154.064, 84176
154.065, 84176
154.066, 84176
154.067, 84176
154.068, 84176
154.069, 84176
154.071, 84176
154.072, 84176
154.073, 84176
154.074, 84176
154.075, 84176
154.076, 84176
154.078, 84176
154.079, 84176
154.08, 84176
154.081, 84176
154.082, 84176
154.083, 84176
154.084, 84176
154.086, 84176
154.087, 84176
154.088, 84176
154.089, 84176
154.09, 84176
154.091, 84176
154.093, 84176
154.094, 84176
154.095, 83960
154.096, 83960
154.097, 83960
154.098, 83960
154.099, 83960
154.101, 83960
154.102, 83960
154.103, 83960
154.104, 83960
154.105, 83960
154.106, 83960
154.107, 83960
154.109, 83960
154.11, 83960
154.111, 83960
154.112, 83960
154.113, 83960
154.114, 83960
154.116, 83960
154.117, 83960
154.118, 83960
154.119, 83960
154.12, 83960
154.124, 83960
154.129, 83960
154.13, 83960
154.132, 83960
154.133, 83960
154.134, 83960
154.136, 83960
154.137, 83960
154.138, 84176
154.139, 84176
154.141, 84176
154.142, 84176
154.143, 84176
154.144, 84176
154.145, 84176
154.147, 84176
154.148, 84176
154.149, 84176
154.15, 84176
154.151, 84176
154.153, 84176
154.154, 84176
154.155, 84176
154.156, 84176
154.157, 84176
154.159, 84176
154.16, 84176
154.161, 84176
154.162, 84176
154.163, 84176
154.164, 84176
154.166, 84176
154.167, 84176
154.168, 84176
154.173, 83960
154.177, 83960
154.179, 84176
154.189, 84392
154.19, 84392
154.191, 84392
154.193, 84392
154.195, 84392
154.197, 84392
154.198, 84392
154.204, 84392
154.205, 84392
154.206, 84608
154.208, 84608
154.209, 84608
154.211, 84608
154.212, 84608
154.213, 84608
154.215, 84608
154.216, 84608
154.217, 84608
154.218, 84608
154.22, 84608
154.221, 84608
154.222, 84392
154.224, 84392
154.23, 84392
154.231, 84392
154.233, 84392
154.234, 84392
154.235, 84392
154.237, 84392
154.238, 84392
154.239, 84392
154.24, 84392
154.242, 84392
154.243, 84392
154.249, 84392
154.25, 84392
154.251, 84392
154.253, 84392
154.254, 84392
154.255, 84392
154.257, 84392
154.258, 84392
154.26, 84392
154.261, 84392
154.262, 84392
154.263, 84392
154.265, 84392
154.266, 84392
154.267, 84392
154.269, 84392
154.27, 84392
154.271, 84392
154.273, 84392
154.274, 84392
154.276, 84392
154.277, 84392
154.278, 84392
154.28, 84392
154.281, 84392
154.282, 84176
154.283, 84176
154.285, 84176
154.286, 84176
154.288, 84176
154.289, 84176
154.29, 84176
154.291, 84176
154.292, 84176
154.294, 84176
154.295, 84176
154.296, 84176
154.297, 84176
154.298, 84176
154.299, 83960
154.301, 83960
154.302, 83960
154.303, 83960
154.304, 83960
154.305, 83960
154.307, 83960
154.308, 83744
154.309, 83744
154.31, 83744
154.311, 83744
154.313, 83744
154.314, 83744
154.315, 83744
154.316, 83744
154.317, 83744
154.319, 83744
154.32, 83744
154.321, 83744
154.322, 83744
154.324, 83744
154.325, 83528
154.326, 83528
154.328, 83528
154.329, 83528
154.331, 83528
154.332, 83528
154.333, 83528
154.334, 83528
154.336, 83528
154.337, 83528
154.338, 83528
154.34, 83528
154.341, 83528
154.343, 83528
154.345, 83528
154.346, 83528
154.349, 83312
154.354, 83312
154.356, 83312
154.357, 83312
154.359, 83312
154.36, 83312
154.363, 83312
154.369, 83312
154.371, 83312
154.373, 83312
154.375, 83312
154.377, 83312
154.388, 83528
154.399, 83528
154.403, 83744
154.405, 83744
154.407, 83744
154.408, 83744
154.409, 83744
154.411, 83960
154.413, 83960
154.415, 83960
154.421, 83960
154.422, 83960
154.424, 83960
154.426, 83960
154.428, 83960
154.429, 83960
154.43, 83960
154.44, 83960
154.444, 83960
154.446, 83960
154.448, 83960
154.454, 83960
154.459, 83960
154.464, 83960
154.468, 83960
154.474, 83960
154.476, 83960
154.478, 83960
154.48, 83960
154.482, 83960
154.483, 83960
154.485, 83960
154.487, 83960
154.489, 83960
154.491, 83960
154.502, 83960
154.505, 83960
154.507, 83960
154.508, 83960
154.515, 83960
154.517, 83960
154.518, 83960
154.52, 83960
154.521, 83960
154.522, 83960
154.524, 83960
154.526, 83960
154.528, 83960
154.536, 83960
154.56, 83744
154.562, 83744
154.564, 83744
154.565, 83744
154.567, 83744
154.568, 83744
154.569, 83744
154.57, 83744
154.574, 83744
154.579, 83744
154.581, 83744
154.582, 83744
154.583, 83744
154.585, 83744
154.586, 83744
154.588, 83744
154.589, 83744
154.59, 83744
154.592, 83744
154.593, 83744
154.595, 83744
154.596, 83744
154.598, 83744
154.599, 83744
154.6, 83744
154.601, 83744
154.603, 83744
154.604, 83744
154.605, 83744
154.607, 83744
154.608, 83744
154.609, 83744
154.611, 83744
154.612, 83744
154.614, 83744
154.616, 83744
154.617, 83744
154.618, 83744
154.62, 83744
154.621, 83744
154.622, 83744
154.624, 83744
154.625, 83744
154.627, 83744
154.629, 83744
154.631, 83744
154.633, 83960
154.635, 83960
154.637, 83960
154.64, 83960
154.642, 83960
154.645, 83960
154.648, 83960
154.65, 83960
154.652, 83960
154.657, 83744
154.671, 83744
154.673, 83744
154.68, 83744
154.688, 83960
154.69, 83960
154.692, 83960
154.693, 83960
154.695, 83960
154.697, 83960
154.7, 83960
154.704, 83960
154.707, 83960
154.709, 83960
154.71, 83960
154.711, 83960
154.712, 83960
154.714, 83960
154.716, 83960
154.718, 83960
154.722, 83960
154.724, 83960
154.728, 83960
154.731, 83960
154.732, 83960
154.733, 83960
154.735, 83744
154.736, 83744
154.737, 83744
154.738, 83744
154.74, 83744
154.741, 83744
154.742, 83744
154.743, 83744
154.744, 83744
154.746, 83744
154.747, 83744
154.748, 83744
154.749, 83744
154.75, 83744
154.752, 83528
154.753, 83528
154.754, 83528
154.756, 83528
154.757, 83528
154.758, 83528
154.76, 83312
154.761, 83312
154.762, 83312
154.764, 83312
154.765, 83312
154.766, 83312
154.767, 83312
154.768, 83312
154.77, 83312
154.771, 83312
154.772, 83312
154.773, 83312
154.775, 83312
154.776, 83312
154.777, 83312
154.779, 83312
154.78, 83312
154.781, 83312
154.782, 83312
154.784, 83312
154.785, 83312
154.786, 83312
154.787, 83312
154.789, 83312
154.79, 83312
154.791, 83312
154.792, 83312
154.794, 83312
154.795, 83312
154.796, 83312
154.797, 83312
154.798, 83312
154.8, 83312
154.801, 83312
154.802, 83312
154.803, 83096
154.805, 83096
154.806, 83096
154.807, 83096
154.808, 83096
154.81, 83096
154.811, 83096
154.812, 83096
154.813, 83096
154.814, 83096
154.816, 83096
154.817, 83096
154.818, 83096
154.819, 83096
154.82, 83096
154.822, 83096
154.823, 83096
154.824, 83096
154.825, 83096
154.827, 83096
154.828, 83096
154.829, 83096
154.83, 83096
154.832, 83096
154.833, 83096
154.834, 83096
154.835, 83096
154.836, 83096
154.838, 83096
154.839, 83096
154.84, 83096
154.841, 83096
154.842, 83096
154.843, 83096
154.844, 83096
154.846, 83312
154.847, 83312
154.848, 83312
154.849, 83312
154.85, 83312
154.851, 83312
154.853, 83312
154.854, 83312
154.855, 83312
154.856, 83312
154.858, 83312
154.859, 83312
154.86, 83312
154.861, 83312
154.862, 83312
154.863, 83528
154.865, 83528
154.866, 83528
154.867, 83528
154.868, 83528
154.869, 83528
154.87, 83528
154.872, 83528
154.873, 83528
154.874, 83528
154.875, 83528
154.876, 83528
154.877, 83528
154.878, 83528
154.88, 83528
154.881, 83528
154.882, 83528
154.883, 83528
154.884, 83528
154.885, 83528
154.886, 83528
154.888, 83528
154.889, 83528
154.89, 83528
154.891, 83528
154.892, 83528
154.894, 83528
154.895, 83528
154.896, 83528
154.897, 83528
154.898, 83528
154.9, 83528
154.901, 83528
154.902, 83528
154.903, 83528
154.904, 83528
154.905, 83528
154.906, 83528
154.908, 83528
154.909, 83528
154.91, 83528
154.911, 83528
154.912, 83528
154.913, 83528
154.915, 83744
154.916, 83744
154.917, 83744
154.918, 83744
154.92, 83744
154.921, 83744
154.922, 83744
154.923, 83744
154.925, 83744
154.926, 83744
154.927, 83744
154.928, 83744
154.93, 83744
154.931, 83744
154.932, 83744
154.933, 83744
154.935, 83744
154.936, 83744
154.937, 83744
154.938, 83744
154.939, 83960
154.941, 83960
154.942, 83960
154.943, 83960
154.944, 83960
154.946, 83960
154.947, 83960
154.948, 83960
154.949, 83960
154.951, 83960
154.952, 83960
154.953, 83960
154.954, 83960
154.956, 83960
154.957, 83744
154.958, 83744
154.959, 83744
154.96, 83744
154.962, 83744
154.963, 83744
154.964, 83744
154.966, 83744
154.967, 83744
154.968, 83744
154.969, 83744
154.97, 83744
154.972, 83744
154.973, 83744
154.974, 83744
154.975, 83744
154.976, 83744
154.978, 83744
154.979, 83744
154.98, 83744
154.981, 83744
154.983, 83528
154.984, 83528
154.985, 83528
154.987, 83528
154.988, 83528
154.989, 83528
154.99, 83528
154.992, 83528
154.994, 83528
154.999, 83528
155.001, 83528
155.003, 83528
155.004, 83528
155.005, 83528
155.008, 83528
155.009, 83528
155.011, 83528
155.013, 83528
155.014, 83528
155.015, 83528
155.017, 83528
155.018, 83528
155.019, 83528
155.02, 83528
155.021, 83528
155.023, 83528
155.024, 83528
155.025, 83528
155.028, 83528
155.029, 83528
155.031, 83528
155.032, 83528
155.033, 83528
155.034, 83528
155.038, 83528
155.043, 83528
155.048, 83528
155.05, 83528
155.052, 83528
155.055, 83528
155.057, 83528
155.067, 83312
155.068, 83312
155.07, 83312
155.072, 83528
155.082, 83528
155.084, 83528
155.085, 83528
155.086, 83528
155.088, 83528
155.089, 83528
155.09, 83528
155.091, 83528
155.092, 83528
155.094, 83528
155.095, 83528
155.097, 83528
155.106, 83528
155.11, 83528
155.112, 83528
155.123, 83312
155.125, 83312
155.127, 83312
155.136, 83312
155.144, 83312
155.147, 83312
155.151, 83312
155.157, 83312
155.162, 83312
155.164, 83312
155.166, 83312
155.172, 83312
155.183, 83312
155.185, 83312
155.204, 83312
155.209, 83312
155.212, 83528
155.215, 83528
155.217, 83528
155.219, 83528
155.221, 83744
155.223, 83744
155.224, 83744
155.226, 83744
155.227, 83744
155.228, 83744
155.23, 83744
155.231, 83744
155.232, 83744
155.236, 83528
155.247, 83744
155.262, 83744
155.265, 83744
155.266, 83744
155.268, 83744
155.269, 83744
155.27, 83744
155.272, 83744
155.273, 83960
155.274, 83960
155.276, 83960
155.277, 83960
155.278, 83960
155.279, 83960
155.281, 83744
155.282, 83744
155.283, 83744
155.285, 83744
155.286, 83744
155.287, 83744
155.288, 83744
155.29, 83960
155.291, 83960
155.292, 83960
155.293, 83960
155.295, 83960
155.296, 83960
155.297, 83960
155.299, 83960
155.3, 83960
155.301, 83960
155.302, 83960
155.304, 83960
155.305, 83960
155.307, 83960
155.309, 83960
155.31, 83960
155.312, 83960
155.313, 83960
155.315, 83960
155.316, 83960
155.317, 83960
155.319, 83960
155.32, 83960
155.321, 83960
155.323, 83960
155.324, 84176
155.325, 84176
155.327, 84176
155.328, 84176
155.329, 84176
155.33, 84176
155.331, 84176
155.333, 84176
155.334, 84176
155.335, 84176
155.337, 84176
155.338, 84176
155.339, 84176
155.341, 84176
155.342, 84176
155.343, 84176
155.345, 84176
155.346, 84176
155.347, 84176
155.348, 84176
155.349, 84176
155.35, 84176
155.352, 84176
155.353, 84176
155.354, 84176
155.355, 84176
155.356, 84176
155.357, 83744
155.359, 83744
155.36, 83744
155.361, 83744
155.362, 83744
155.364, 83744
155.365, 83744
155.366, 83744
155.367, 83744
155.368, 83744
155.37, 83744
155.371, 83744
155.372, 83744
155.373, 83744
155.374, 83744
155.376, 83744
155.377, 83744
155.378, 83744
155.379, 83744
155.381, 83744
155.382, 83744
155.383, 83744
155.384, 83744
155.385, 83744
155.387, 83744
155.388, 83744
155.389, 83744
155.39, 83744
155.392, 83744
155.393, 83744
155.394, 83744
155.395, 83744
155.396, 83744
155.398, 83744
155.399, 83744
155.4, 83744
155.401, 83744
155.403, 83744
155.404, 83744
155.405, 83744
155.406, 83744
155.408, 83744
155.409, 83744
155.41, 83744
155.411, 83744
155.413, 83744
155.414, 83744
155.415, 83744
155.417, 83744
155.418, 83528
155.419, 83528
155.421, 83528
155.422, 83528
155.423, 83528
155.425, 83528
155.426, 83528
155.427, 83528
155.428, 83528
155.43, 83528
155.431, 83528
155.432, 83528
155.433, 83528
155.435, 83528
155.436, 83528
155.437, 83528
155.439, 83528
155.44, 83528
155.441, 83528
155.442, 83528
155.444, 83528
155.445, 83528
155.446, 83528
155.447, 83528
155.448, 83528
155.45, 83528
155.451, 83528
155.452, 83528
155.453, 83528
155.454, 83528
155.456, 83528
155.457, 83528
155.458, 83528
155.459, 83528
155.461, 83528
155.462, 83528
155.463, 83528
155.464, 83528
155.466, 83528
155.467, 83528
155.468, 83312
155.47, 83312
155.472, 83312
155.473, 83312
155.475, 83312
155.476, 83312
155.477, 83312
155.478, 83312
155.479, 83312
155.481, 83312
155.482, 83312
155.483, 83312
155.484, 83312
155.485, 83312
155.487, 83312
155.488, 83312
155.489, 83312
155.49, 83312
155.491, 83312
155.493, 83312
155.494, 83312
155.495, 83312
155.497, 83312
155.498, 83312
155.499, 83312
155.5, 83312
155.502, 83312
155.503, 83312
155.504, 83312
155.505, 83312
155.506, 83312
155.508, 83312
155.509, 83312
155.51, 83312
155.511, 83312
155.512, 83312
155.514, 83312
155.515, 83312
155.516, 83312
155.517, 83312
155.519, 83312
155.52, 83312
155.521, 83312
155.522, 83312
155.524, 83312
155.525, 83312
155.526, 83312
155.528, 83312
155.529, 83312
155.53, 83312
155.531, 83312
155.532, 83312
155.533, 83312
155.534, 83312
155.536, 83312
155.537, 83312
155.538, 83312
155.539, 83312
155.541, 83312
155.542, 83312
155.543, 83312
155.545, 83312
155.546, 83312
155.547, 83312
155.548, 83312
155.549, 83312
155.551, 83312
155.552, 83312
155.553, 83312
155.554, 83312
155.555, 83312
155.557, 83312
155.558, 83312
155.559, 83312
155.56, 83312
155.561, 83312
155.563, 83312
155.564, 83312
155.565, 83312
155.567, 83312
155.568, 83312
155.569, 83312
155.57, 83312
155.572, 83096
155.573, 83096
155.574, 83096
155.576, 83096
155.577, 83096
155.578, 83096
155.579, 83096
155.581, 83096
155.582, 83096
155.583, 83096
155.584, 83096
155.585, 83096
155.586, 83096
155.588, 83096
155.589, 83096
155.59, 83096
155.591, 83096
155.592, 83096
155.594, 83096
155.595, 83096
155.596, 83096
155.597, 83096
155.599, 83096
155.6, 83096
155.601, 83096
155.602, 83096
155.603, 83096
155.605, 83096
155.606, 83096
155.607, 83096
155.608, 83096
155.609, 83096
155.611, 83096
155.612, 83096
155.613, 83096
155.614, 83312
155.616, 83312
155.617, 83312
155.618, 83312
155.619, 83312
155.62, 83312
155.622, 83312
155.623, 83096
155.624, 83096
155.625, 83096
155.627, 83096
155.631, 83096
155.633, 83096
155.634, 83096
155.635, 83096
155.636, 83096
155.638, 83096
155.639, 83096
155.64, 83096
155.641, 83096
155.643, 83096
155.644, 83096
155.645, 83096
155.646, 83096
155.647, 83096
155.649, 83096
155.65, 83096
155.651, 83096
155.652, 83096
155.653, 83096
155.655, 83096
155.656, 83096
155.657, 83096
155.658, 83096
155.66, 83096
155.661, 83096
155.662, 83096
155.663, 83096
155.664, 83096
155.666, 83096
155.667, 83096
155.668, 83096
155.669, 83096
155.67, 83096
155.671, 83096
155.673, 83096
155.674, 83096
155.675, 83096
155.676, 83096
155.678, 83096
155.679, 83096
155.68, 83096
155.681, 83096
155.683, 83096
155.684, 83096
155.685, 83096
155.686, 83096
155.687, 83096
155.688, 83096
155.69, 83096
155.691, 82880
155.692, 82880
155.694, 82880
155.695, 82880
155.696, 82880
155.697, 82880
155.698, 82880
155.7, 82880
155.701, 82880
155.702, 82880
155.703, 82880
155.704, 82880
155.706, 82880
155.707, 82880
155.708, 82880
155.709, 82880
155.71, 82880
155.712, 82880
155.713, 82880
155.714, 82880
155.715, 82880
155.717, 82880
155.718, 82880
155.719, 82880
155.72, 82880
155.721, 82880
155.723, 82880
155.724, 82880
155.725, 82880
155.727, 82880
155.728, 82880
155.729, 82880
155.73, 82880
155.731, 82880
155.733, 82880
155.734, 82880
155.735, 82880
155.736, 82880
155.737, 82880
155.739, 82880
155.74, 82880
155.741, 82880
155.742, 82880
155.743, 82880
155.745, 82880
155.746, 82880
155.747, 82880
155.748, 82880
155.749, 82880
155.75, 82880
155.752, 82880
155.753, 82880
155.754, 82880
155.755, 82880
155.756, 82880
155.757, 82880
155.759, 82880
155.76, 82880
155.761, 82880
155.762, 82880
155.763, 82880
155.764, 82880
155.765, 82880
155.767, 82880
155.768, 82880
155.769, 82880
155.77, 82880
155.772, 82880
155.773, 82880
155.774, 82880
155.775, 82880
155.776, 82880
155.777, 82880
155.779, 82880
155.78, 82880
155.781, 82880
155.782, 82880
155.783, 82880
155.784, 82880
155.785, 82880
155.787, 82880
155.788, 82880
155.789, 82880
155.79, 82880
155.791, 82880
155.792, 82880
155.793, 83096
155.795, 83096
155.796, 83096
155.797, 83096
155.798, 83096
155.799, 83096
155.8, 83096
155.801, 83096
155.803, 83096
155.804, 83096
155.805, 83096
155.806, 83096
155.807, 83096
155.809, 83096
155.81, 83312
155.811, 83312
155.812, 83312
155.813, 83312
155.815, 83312
155.816, 83312
155.817, 83312
155.818, 83312
155.819, 83312
155.82, 83312
155.822, 83312
155.823, 83312
155.824, 83312
155.825, 83312
155.826, 83312
155.827, 83312
155.828, 83312
155.83, 83312
155.831, 83312
155.832, 83312
155.833, 83312
155.834, 83312
155.835, 83528
155.837, 83528
155.838, 83528
155.839, 83528
155.84, 83528
155.841, 83528
155.842, 83528
155.844, 83528
155.845, 83528
155.846, 83528
155.847, 83528
155.848, 83528
155.849, 83528
155.851, 83528
155.852, 83528
155.853, 83528
155.854, 83528
155.855, 83528
155.856, 83528
155.858, 83528
155.859, 83528
155.86, 83528
155.861, 83528
155.862, 83528
155.864, 83528
155.865, 83528
155.866, 83528
155.867, 83528
155.868, 83528
155.87, 83312
155.871, 83312
155.872, 83312
155.873, 83312
155.874, 83312
155.875, 83312
155.877, 83312
155.878, 83312
155.879, 83312
155.88, 83312
155.881, 83312
155.882, 83312
155.883, 83312
155.885, 83312
155.886, 83312
155.887, 83096
155.888, 83096
155.889, 83096
155.89, 83096
155.891, 83096
155.893, 83096
155.894, 83096
155.895, 83096
155.896, 83096
155.897, 83096
155.898, 83096
155.899, 83096
155.901, 83096
155.902, 83096
155.903, 83096
155.904, 83096
155.905, 83096
155.906, 83096
155.907, 83096
155.909, 83096
155.91, 83096
155.911, 83096
155.912, 83096
155.913, 83096
155.915, 83096
155.916, 83096
155.917, 83096
155.918, 83096
155.92, 83096
155.921, 83312
155.922, 83312
155.923, 83312
155.924, 83312
155.925, 83312
155.926, 83312
155.928, 83312
155.929, 83312
155.93, 83528
155.931, 83528
155.932, 83528
155.933, 83528
155.935, 83528
155.936, 83528
155.937, 83528
155.939, 83312
155.942, 83312
155.945, 83312
155.946, 83312
155.947, 83312
155.949, 83312
155.95, 83312
155.951, 83312
155.952, 83312
155.953, 83312
155.954, 83312
155.956, 83528
155.957, 83528
155.958, 83528
155.959, 83528
155.961, 83528
155.962, 83528
155.963, 83744
155.964, 83744
155.966, 83744
155.967, 83744
155.969, 83744
155.971, 83744
155.973, 83744
155.974, 83744
155.976, 83744
155.977, 83744
155.98, 83960
155.982, 83960
155.983, 83960
155.985, 83960
155.986, 83960
155.988, 83960
155.989, 83960
155.99, 83960
155.991, 83960
155.992, 83960
155.993, 83960
155.994, 83960
155.996, 83960
155.997, 83960
155.998, 83744
155.999, 83744
156.001, 83744
156.002, 83744
156.003, 83744
156.004, 83744
156.006, 83744
156.007, 83744
156.008, 83744
156.009, 83744
156.011, 83744
156.012, 83744
156.013, 83744
156.015, 83744
156.016, 83744
156.019, 83744
156.021, 83744
156.022, 83744
156.023, 84176
156.025, 84176
156.026, 84176
156.027, 84176
156.029, 84176
156.03, 84176
156.031, 84176
156.032, 84608
156.033, 84608
156.035, 84608
156.036, 84608
156.037, 84608
156.038, 84608
156.039, 84608
156.041, 84824
156.042, 84824
156.043, 84824
156.045, 84824
156.046, 84824
156.048, 84824
156.049, 85256
156.05, 85256
156.052, 85256
156.053, 85256
156.055, 85256
156.056, 85256
156.058, 85256
156.059, 85256
156.06, 85256
156.061, 85256
156.063, 85256
156.064, 85256
156.066, 85256
156.067, 85256
156.068, 85256
156.07, 85256
156.071, 85256
156.072, 85256
156.073, 85256
156.075, 85040
156.076, 85040
156.077, 85040
156.08, 85040
156.081, 85040
156.082, 85040
156.083, 85040
156.085, 85040
156.086, 85040
156.087, 85040
156.088, 85040
156.09, 85040
156.091, 85040
156.092, 85040
156.094, 85040
156.095, 85040
156.097, 85040
156.098, 85040
156.099, 85040
156.101, 85040
156.102, 85040
156.104, 85040
156.105, 85040
156.106, 85040
156.107, 85040
156.109, 85040
156.11, 85040
156.112, 85040
156.113, 85040
156.114, 85040
156.116, 85040
156.117, 84824
156.118, 84824
156.119, 84824
156.121, 84824
156.122, 84824
156.123, 84824
156.125, 84824
156.126, 84824
156.127, 84824
156.129, 84824
156.13, 84824
156.131, 84824
156.133, 84824
156.135, 84824
156.136, 84824
156.137, 84824
156.139, 84824
156.14, 84824
156.141, 84824
156.143, 84608
156.144, 84608
156.145, 84608
156.146, 84608
156.148, 84608
156.149, 84608
156.15, 84608
156.151, 84608
156.153, 84608
156.154, 84608
156.156, 84608
156.157, 84608
156.158, 84608
156.16, 84608
156.161, 84608
156.162, 84608
156.164, 84608
156.165, 84608
156.167, 84608
156.168, 84176
156.169, 84176
156.171, 84176
156.172, 84176
156.173, 84176
156.174, 84176
156.176, 84176
156.177, 84392
156.178, 84392
156.179, 84392
156.18, 84392
156.181, 84392
156.183, 84392
156.184, 84392
156.185, 84176
156.187, 84176
156.188, 84176
156.189, 84176
156.19, 84176
156.191, 84176
156.192, 84176
156.194, 84176
156.195, 84176
156.196, 84176
156.197, 84176
156.199, 84176
156.2, 84176
156.201, 84176
156.202, 84176
156.203, 84176
156.205, 84176
156.206, 84176
156.207, 84176
156.208, 84176
156.209, 84176
156.21, 84176
156.212, 84176
156.213, 84176
156.214, 84176
156.216, 84176
156.217, 84176
156.218, 84176
156.219, 84176
156.22, 84176
156.222, 84176
156.223, 84176
156.224, 84176
156.225, 84176
156.226, 84176
156.228, 84176
156.229, 83960
156.23, 83960
156.231, 83960
156.232, 83960
156.234, 83960
156.235, 83960
156.236, 83960
156.237, 84176
156.238, 84176
156.239, 84176
156.241, 84176
156.242, 84176
156.243, 84176
156.245, 84176
156.246, 84176
156.247, 84176
156.248, 84176
156.249, 84176
156.25, 84176
156.252, 84176
156.253, 84176
156.254, 83960
156.255, 83960
156.257, 83960
156.258, 83960
156.259, 83960
156.26, 83960
156.262, 83960
156.263, 83960
156.264, 83960
156.266, 83960
156.267, 83960
156.268, 83960
156.27, 83960
156.271, 83960
156.272, 83960
156.273, 83960
156.275, 83960
156.277, 83960
156.278, 83960
156.28, 83744
156.281, 83744
156.282, 83744
156.284, 83744
156.285, 83744
156.287, 83744
156.288, 83744
156.289, 83744
156.29, 83744
156.291, 83744
156.293, 83744
156.294, 83744
156.295, 83744
156.296, 83960
156.297, 83960
156.298, 83960
156.3, 83960
156.301, 83960
156.302, 83960
156.303, 83960
156.304, 83960
156.305, 83960
156.306, 83960
156.308, 83960
156.309, 83960
156.31, 83960
156.311, 83960
156.313, 83960
156.314, 83960
156.315, 83960
156.316, 83960
156.317, 83960
156.318, 83960
156.32, 83960
156.321, 83960
156.322, 83960
156.323, 83960
156.325, 83960
156.326, 83960
156.328, 83960
156.329, 83960
156.331, 83960
156.332, 83960
156.333, 83960
156.334, 83960
156.336, 83960
156.337, 83960
156.338, 83960
156.339, 83960
156.34, 83960
156.341, 83960
156.343, 83960
156.344, 83960
156.345, 83960
156.346, 83960
156.347, 83744
156.348, 83744
156.35, 83744
156.351, 83744
156.352, 83744
156.353, 83744
156.355, 83744
156.356, 83960
156.357, 83960
156.359, 83960
156.36, 83960
156.361, 83960
156.362, 83960
156.364, 83960
156.365, 83960
156.366, 83960
156.367, 83960
156.368, 83960
156.369, 83960
156.371, 83960
156.372, 83960
156.373, 83960
156.375, 83960
156.376, 83960
156.378, 83960
156.379, 83960
156.38, 83960
156.382, 83744
156.383, 83744
156.384, 83744
156.385, 83744
156.386, 83744
156.394, 83960
156.395, 83960
156.397, 83960
156.398, 83960
156.399, 83744
156.4, 83744
156.402, 83744
156.403, 83744
156.404, 83744
156.405, 83744
156.406, 83744
156.407, 83528
156.408, 83528
156.41, 83528
156.411, 83528
156.412, 83528
156.413, 83528
156.415, 83528
156.416, 83744
156.417, 83744
156.418, 83744
156.419, 83744
156.42, 83744
156.422, 83744
156.423, 83744
156.425, 83744
156.426, 83744
156.427, 83744
156.429, 83744
156.43, 83744
156.431, 83744
156.433, 83528
156.434, 83528
156.435, 83528
156.436, 83528
156.438, 83528
156.439, 83528
156.44, 83528
156.441, 83528
156.443, 83528
156.444, 83528
156.445, 83528
156.446, 83528
156.447, 83528
156.449, 83528
156.45, 83744
156.451, 83744
156.452, 83744
156.453, 83744
156.454, 83744
156.456, 83744
156.457, 83744
156.458, 83528
156.459, 83528
156.46, 83528
156.462, 83528
156.463, 83528
156.464, 83528
156.465, 83528
156.466, 83528
156.467, 83312
156.469, 83312
156.47, 83312
156.471, 83312
156.473, 83312
156.474, 83312
156.475, 83312
156.476, 83312
156.477, 83312
156.478, 83312
156.48, 83312
156.481, 83312
156.483, 83312
156.484, 83096
156.485, 83096
156.487, 83096
156.488, 83096
156.489, 83096
156.49, 83096
156.492, 83096
156.493, 83528
156.494, 83528
156.496, 83528
156.497, 83528
156.498, 83528
156.499, 83528
156.5, 83528
156.501, 83528
156.502, 83528
156.504, 83528
156.505, 83528
156.506, 83528
156.507, 83528
156.508, 83528
156.509, 83528
156.511, 83528
156.512, 83528
156.513, 83528
156.515, 83528
156.516, 83528
156.517, 83528
156.519, 83528
156.52, 83528
156.521, 83528
156.522, 83528
156.523, 83528
156.525, 83528
156.526, 83528
156.527, 83528
156.528, 83528
156.529, 83528
156.53, 83528
156.531, 83528
156.533, 83528
156.534, 83528
156.535, 83312
156.536, 83312
156.537, 83312
156.538, 83312
156.539, 83312
156.541, 83312
156.542, 83312
156.543, 83312
156.544, 83312
156.545, 83312
156.546, 83312
156.548, 83312
156.549, 83312
156.55, 83312
156.552, 83312
156.553, 83528
156.554, 83528
156.555, 83528
156.556, 83528
156.557, 83528
156.558, 83528
156.56, 83528
156.561, 83312
156.562, 83312
156.563, 83312
156.564, 83312
156.566, 83312
156.567, 83312
156.568, 83312
156.57, 83312
156.571, 83312
156.572, 83312
156.574, 83312
156.575, 83312
156.576, 83312
156.577, 83312
156.579, 83528
156.58, 83528
156.581, 83528
156.582, 83528
156.583, 83528
156.584, 83528
156.586, 83528
156.587, 83528
156.588, 83528
156.589, 83528
156.59, 83528
156.591, 83528
156.593, 83528
156.594, 83528
156.595, 83528
156.597, 83528
156.598, 83528
156.599, 83528
156.6, 83528
156.601, 83528
156.602, 83528
156.603, 83528
156.605, 83528
156.606, 83528
156.607, 83528
156.608, 83528
156.609, 83528
156.611, 83528
156.612, 83312
156.614, 83312
156.616, 83312
156.617, 83312
156.619, 83312
156.62, 83312
156.621, 83312
156.623, 83312
156.624, 83312
156.625, 83312
156.627, 83312
156.628, 83312
156.629, 83312
156.63, 83312
156.631, 83312
156.633, 83312
156.634, 83312
156.635, 83312
156.636, 83312
156.637, 83312
156.638, 83528
156.64, 83528
156.641, 83528
156.642, 83528
156.644, 83528
156.645, 83528
156.647, 83312
156.648, 83312
156.649, 83312
156.65, 83312
156.651, 83312
156.653, 83312
156.654, 83312
156.655, 83528
156.656, 83528
156.657, 83528
156.658, 83528
156.66, 83528
156.661, 83528
156.662, 83528
156.663, 83744
156.664, 83744
156.665, 83744
156.666, 83744
156.668, 83744
156.669, 83744
156.67, 83744
156.671, 83744
156.673, 83744
156.674, 83744
156.675, 83744
156.676, 83744
156.677, 83744
156.678, 83744
156.68, 83960
156.681, 83960
156.682, 83960
156.684, 83960
156.685, 83960
156.686, 83960
156.687, 83960
156.689, 83744
156.69, 83744
156.691, 83744
156.692, 83744
156.693, 83744
156.694, 83744
156.696, 83744
156.697, 83744
156.698, 83744
156.7, 83744
156.701, 83744
156.702, 83744
156.703, 83744
156.705, 83744
156.706, 83744
156.707, 83744
156.708, 83744
156.709, 83744
156.71, 83744
156.712, 83744
156.713, 83744
156.715, 83744
156.716, 83744
156.717, 83744
156.719, 83744
156.72, 83744
156.722, 83744
156.723, 83528
156.724, 83528
156.725, 83528
156.726, 83528
156.728, 83528
156.729, 83528
156.73, 83528
156.731, 83528
156.732, 83528
156.734, 83528
156.735, 83528
156.736, 83528
156.738, 83528
156.739, 83528
156.74, 83528
156.741, 83528
156.742, 83528
156.743, 83528
156.745, 83528
156.746, 83528
156.747, 83528
156.748, 83744
156.75, 83744
156.751, 83744
156.752, 83744
156.753, 83744
156.755, 83744
156.756, 83744
156.757, 83744
156.759, 83744
156.76, 83744
156.761, 83744
156.762, 83744
156.764, 83744
156.765, 83744
156.766, 83744
156.767, 83744
156.769, 83744
156.77, 83744
156.772, 83744
156.773, 83744
156.774, 83744
156.775, 83744
156.777, 83744
156.778, 83744
156.78, 83744
156.781, 83744
156.783, 83744
156.784, 83744
156.785, 83744
156.786, 83744
156.788, 83744
156.789, 83744
156.79, 83744
156.792, 83744
156.793, 83744
156.795, 83744
156.796, 83744
156.798, 83744
156.8, 83744
156.801, 83744
156.803, 83744
156.804, 83744
156.806, 83744
156.807, 83744
156.809, 83744
156.811, 83744
156.812, 83744
156.813, 83744
156.814, 83744
156.816, 83744
156.817, 83744
156.818, 83744
156.819, 83744
156.82, 83744
156.822, 83744
156.823, 83744
156.824, 83744
156.825, 83744
156.827, 83744
156.828, 83744
156.829, 83744
156.83, 83744
156.832, 83744
156.833, 83744
156.834, 83744
156.835, 83744
156.837, 83744
156.838, 83744
156.839, 83744
156.84, 83744
156.842, 83744
156.843, 83744
156.844, 83744
156.845, 83744
156.847, 83744
156.849, 83744
156.85, 83744
156.852, 83528
156.854, 83528
156.855, 83528
156.856, 83528
156.858, 83528
156.859, 83528
156.86, 83744
156.861, 83744
156.862, 83744
156.864, 83744
156.865, 83744
156.866, 83744
156.867, 83744
156.869, 83744
156.87, 83744
156.872, 83744
156.882, 83744
156.884, 83744
156.885, 83744
156.887, 83744
156.889, 83744
156.89, 83744
156.891, 83744
156.893, 83744
156.894, 83744
156.895, 83744
156.896, 83744
156.898, 83744
156.899, 83744
156.9, 83744
156.901, 83744
156.903, 83528
156.904, 83528
156.905, 83528
156.906, 83528
156.908, 83528
156.909, 83528
156.91, 83528
156.911, 83744
156.913, 83744
156.914, 83744
156.915, 83744
156.917, 83744
156.918, 83744
156.919, 83744
156.92, 83744
156.922, 83744
156.923, 83744
156.924, 83744
156.925, 83744
156.927, 83744
156.928, 83528
156.93, 83528
156.932, 83528
156.933, 83528
156.935, 83528
156.936, 83744
156.938, 83744
156.939, 83744
156.941, 83744
156.942, 83744
156.943, 83744
156.945, 83528
156.946, 83528
156.947, 83528
156.948, 83528
156.95, 83528
156.951, 83528
156.952, 83528
156.953, 83528
156.955, 83528
156.956, 83528
156.958, 83528
156.959, 83528
156.961, 83528
156.963, 83744
156.964, 83744
156.966, 83744
156.967, 83744
156.969, 83744
156.97, 83744
156.971, 83744
156.973, 83744
156.974, 83744
156.975, 83744
156.977, 83744
156.978, 83744
156.979, 83744
156.98, 83744
156.982, 83744
156.983, 83744
156.984, 83744
156.985, 83744
156.986, 83744
156.988, 83744
156.989, 83744
156.99, 83744
156.991, 83744
156.993, 83744
156.994, 83744
156.995, 83744
156.996, 83744
156.998, 83744
156.999, 83744
157, 83744
157.001, 83744
157.003, 83744
157.004, 83744
157.005, 83744
157.006, 83744
157.008, 83744
157.011, 83744
157.012, 83744
157.014, 83744
157.015, 83744
157.017, 83744
157.018, 83744
157.019, 83744
157.021, 83744
157.022, 83960
157.023, 83960
157.024, 83960
157.026, 83960
157.027, 83960
157.028, 83960
157.029, 83960
157.031, 83744
157.032, 83744
157.033, 83744
157.034, 83744
157.036, 83744
157.037, 83744
157.039, 83744
157.04, 83744
157.042, 83744
157.043, 83744
157.045, 83744
157.046, 83744
157.048, 83960
157.049, 83960
157.05, 83960
157.051, 83960
157.053, 83960
157.054, 83960
157.055, 83960
157.057, 83744
157.058, 83744
157.059, 83744
157.06, 83744
157.062, 83744
157.063, 83744
157.07, 83744
157.071, 83744
157.073, 83312
157.074, 83312
157.076, 83312
157.078, 83312
157.079, 83312
157.081, 83312
157.083, 83312
157.084, 83312
157.086, 83312
157.087, 83312
157.089, 83312
157.09, 83096
157.091, 83096
157.093, 83096
157.094, 83096
157.095, 83096
157.097, 83096
157.098, 83312
157.099, 83312
157.101, 83312
157.102, 83312
157.103, 83312
157.104, 83312
157.105, 83312
157.107, 83312
157.108, 83312
157.109, 83312
157.11, 83312
157.112, 83312
157.113, 83312
157.122, 82880
157.123, 82880
157.125, 83312
157.126, 83312
157.127, 83312
157.128, 83312
157.129, 83312
157.131, 83312
157.132, 83312
157.133, 83312
157.134, 83312
157.135, 83312
157.136, 83312
157.138, 83312
157.139, 83312
157.14, 83312
157.141, 83096
157.142, 83096
157.143, 83096
157.144, 83096
157.146, 83096
157.147, 83096
157.148, 83096
157.149, 83096
157.15, 82664
157.151, 82664
157.153, 82664
157.154, 82664
157.156, 82664
157.157, 82664
157.159, 82880
157.16, 82880
157.161, 82880
157.162, 82880
157.163, 82880
157.164, 82880
157.165, 82880
157.167, 82664
157.168, 82664
157.169, 82664
157.17, 82664
157.172, 82664
157.173, 82664
157.174, 82664
157.176, 82664
157.177, 82664
157.178, 82664
157.18, 82664
157.181, 82664
157.182, 82664
157.183, 83096
157.185, 83096
157.186, 83096
157.187, 83096
157.188, 83096
157.19, 83096
157.191, 83096
157.192, 83096
157.193, 82880
157.194, 82880
157.195, 82880
157.196, 82880
157.198, 82880
157.199, 82880
157.2, 82880
157.201, 82664
157.203, 82664
157.204, 82664
157.205, 82664
157.206, 82664
157.207, 82664
157.209, 82664
157.21, 82664
157.211, 82664
157.212, 82664
157.213, 82664
157.214, 82664
157.216, 82664
157.217, 82664
157.218, 82448
157.22, 82448
157.221, 82448
157.222, 82448
157.224, 82448
157.225, 82448
157.226, 82880
157.227, 82880
157.229, 82880
157.23, 82880
157.231, 82880
157.232, 82880
157.233, 82880
157.235, 83096
157.236, 83096
157.237, 83096
157.238, 83096
157.239, 83096
157.24, 83096
157.241, 83096
157.243, 83096
157.244, 82664
157.245, 82664
157.246, 82664
157.247, 82664
157.249, 82664
157.25, 82664
157.251, 82664
157.253, 82880
157.254, 82880
157.255, 82880
157.256, 82880
157.258, 82880
157.259, 82880
157.26, 82880
157.261, 83096
157.262, 83096
157.263, 83096
157.264, 83096
157.266, 83096
157.267, 83096
157.268, 83096
157.269, 83312
157.27, 83312
157.271, 83312
157.272, 83312
157.274, 83312
157.275, 83312
157.276, 83312
157.277, 83312
157.279, 83312
157.28, 83312
157.281, 83312
157.282, 83312
157.284, 83312
157.285, 83312
157.286, 83528
157.287, 83528
157.288, 83528
157.29, 83528
157.291, 83528
157.292, 83528
157.293, 83528
157.295, 83744
157.296, 83744
157.297, 83744
157.298, 83744
157.3, 83744
157.301, 83744
157.302, 83744
157.303, 83744
157.305, 83744
157.306, 83744
157.307, 83744
157.308, 83744
157.309, 83744
157.311, 83744
157.312, 83744
157.313, 83744
157.314, 83744
157.316, 83744
157.317, 83744
157.318, 83744
157.319, 83744
157.321, 83744
157.322, 83744
157.323, 83744
157.324, 83744
157.325, 83744
157.327, 83744
157.328, 83744
157.329, 83744
157.33, 83744
157.332, 83744
157.333, 83744
157.334, 83744
157.335, 83744
157.337, 83744
157.338, 83744
157.339, 83744
157.34, 83744
157.341, 83744
157.343, 83744
157.344, 83744
157.345, 83744
157.346, 83960
157.348, 83960
157.349, 83960
157.35, 83960
157.351, 83960
157.353, 83960
157.354, 83960
157.355, 83960
157.356, 83960
157.358, 83960
157.359, 83960
157.36, 83960
157.361, 83960
157.362, 83960
157.364, 83960
157.365, 83960
157.366, 83960
157.367, 83960
157.369, 83960
157.37, 83960
157.371, 83960
157.372, 83744
157.373, 83744
157.375, 83744
157.376, 83744
157.377, 83744
157.378, 83744
157.38, 83528
157.381, 83528
157.382, 83528
157.383, 83528
157.385, 83528
157.386, 83528
157.387, 83528
157.388, 83744
157.389, 83744
157.391, 83744
157.392, 83744
157.393, 83744
157.394, 83744
157.396, 83744
157.397, 83744
157.398, 83744
157.399, 83744
157.401, 83744
157.402, 83744
157.403, 83744
157.404, 83744
157.405, 83744
157.407, 83744
157.408, 83744
157.409, 83744
157.41, 83744
157.412, 83744
157.413, 83744
157.414, 83960
157.415, 83960
157.416, 83960
157.418, 83960
157.419, 83960
157.42, 83960
157.421, 83960
157.423, 83744
157.424, 83744
157.425, 83744
157.426, 83744
157.427, 83744
157.429, 83744
157.43, 83744
157.431, 83960
157.432, 83960
157.434, 83960
157.435, 83960
157.436, 83960
157.437, 83960
157.439, 83960
157.44, 83960
157.441, 83960
157.442, 83960
157.443, 83960
157.445, 83960
157.446, 83960
157.447, 83960
157.448, 83960
157.45, 83960
157.451, 83960
157.452, 83960
157.453, 83960
157.455, 83960
157.456, 83960
157.457, 83960
157.458, 83960
157.459, 83960
157.461, 83960
157.462, 83960
157.463, 83960
157.464, 83960
157.466, 83960
157.467, 83960
157.468, 83960
157.469, 83960
157.47, 83960
157.472, 83960
157.473, 83960
157.474, 83960
157.475, 83960
157.477, 83960
157.478, 83960
157.479, 83960
157.48, 83960
157.481, 83960
157.483, 83960
157.484, 83960
157.485, 83960
157.486, 83960
157.488, 83960
157.489, 83960
157.49, 83960
157.491, 83960
157.492, 83960
157.494, 83960
157.495, 83960
157.496, 83960
157.497, 83960
157.499, 83960
157.5, 83960
157.501, 83960
157.502, 83960
157.504, 83960
157.505, 83960
157.506, 83960
157.507, 83960
157.508, 84176
157.51, 84176
157.511, 84176
157.512, 84176
157.513, 84176
157.515, 84176
157.516, 84176
157.517, 84176
157.518, 84176
157.52, 84176
157.521, 84176
157.522, 84176
157.523, 84176
157.524, 84176
157.526, 84176
157.527, 84176
157.528, 84176
157.529, 84176
157.531, 84176
157.532, 84176
157.533, 84176
157.534, 84176
157.536, 84176
157.537, 84176
157.538, 84176
157.539, 84176
157.541, 84176
157.542, 84176
157.543, 84176
157.544, 84176
157.545, 84176
157.547, 84176
157.548, 84176
157.549, 84176
157.55, 84176
157.552, 84176
157.553, 84176
157.554, 84176
157.555, 84176
157.556, 84176
157.558, 84176
157.559, 84176
157.56, 84176
157.561, 84176
157.563, 84176
157.564, 84176
157.565, 84176
157.566, 84176
157.568, 84176
157.569, 84176
157.57, 84176
157.571, 84176
157.572, 84176
157.574, 84176
157.575, 84176
157.576, 84176
157.577, 84176
157.579, 84176
157.58, 84176
157.581, 84176
157.582, 84176
157.584, 84176
157.585, 84176
157.586, 84176
157.587, 84176
157.588, 84176
157.59, 84176
157.591, 84176
157.592, 84176
157.593, 84176
157.595, 84176
157.596, 84176
157.597, 84176
157.598, 84176
157.599, 84176
157.601, 84176
157.602, 84176
157.603, 84176
157.604, 84176
157.606, 84176
157.607, 84176
157.608, 84176
157.609, 84176
157.611, 83960
157.612, 83960
157.613, 83960
157.614, 83960
157.616, 83960
157.617, 83960
157.618, 83960
157.619, 83960
157.621, 83960
157.622, 83960
157.623, 83960
157.624, 83960
157.625, 83960
157.627, 83960
157.628, 83960
157.629, 83960
157.63, 83960
157.632, 83960
157.633, 83960
157.634, 83960
157.635, 83960
157.637, 84176
157.638, 84176
157.639, 84176
157.64, 84176
157.642, 84176
157.643, 84176
157.644, 83960
157.645, 83960
157.647, 83960
157.648, 83960
157.649, 83960
157.65, 83960
157.652, 83960
157.653, 83960
157.654, 83960
157.655, 83960
157.656, 83960
157.658, 83960
157.659, 83960
157.66, 83960
157.661, 83960
157.663, 83960
157.664, 83960
157.665, 83960
157.666, 83960
157.667, 83960
157.669, 83960
157.67, 83312
157.671, 83312
157.672, 83312
157.674, 83312
157.675, 83312
157.676, 83312
157.677, 83312
157.679, 83528
157.68, 83528
157.681, 83528
157.682, 83528
157.684, 83528
157.685, 83528
157.686, 83528
157.687, 83528
157.689, 83528
157.69, 83528
157.691, 83528
157.692, 83528
157.694, 83528
157.695, 83528
157.696, 83096
157.697, 83096
157.698, 83096
157.7, 83096
157.701, 83096
157.702, 83096
157.703, 83096
157.705, 83096
157.706, 83096
157.707, 83096
157.708, 83096
157.71, 83096
157.711, 83096
157.712, 83096
157.713, 83312
157.714, 83312
157.716, 83312
157.717, 83312
157.718, 83312
157.719, 83312
157.721, 83312
157.722, 83096
157.723, 83096
157.724, 83096
157.725, 83096
157.727, 83096
157.728, 83096
157.729, 83096
157.73, 83312
157.732, 83312
157.733, 83312
157.734, 83312
157.735, 83312
157.737, 83312
157.738, 83312
157.739, 82880
157.74, 82880
157.741, 82880
157.743, 82880
157.744, 82880
157.745, 82880
157.746, 82880
157.748, 83096
157.749, 83096
157.75, 83096
157.751, 83096
157.753, 83096
157.754, 83096
157.755, 83096
157.756, 82880
157.757, 82880
157.759, 82880
157.76, 82880
157.761, 82880
157.762, 82880
157.764, 83096
157.765, 83096
157.766, 83096
157.767, 83096
157.769, 83096
157.77, 83096
157.771, 83096
157.772, 83312
157.773, 83312
157.775, 83312
157.776, 83312
157.777, 83312
157.778, 83312
157.78, 83312
157.781, 82880
157.782, 82880
157.783, 82880
157.785, 82880
157.786, 82880
157.787, 82880
157.788, 82880
157.789, 83096
157.791, 83096
157.792, 83096
157.793, 83096
157.795, 83096
157.796, 83096
157.797, 83096
157.798, 82880
157.799, 82880
157.801, 82880
157.803, 82880
157.805, 82880
157.807, 83096
157.813, 83096
157.814, 83096
157.815, 83528
157.816, 83528
157.817, 83528
157.819, 83528
157.82, 83528
157.821, 83528
157.822, 83528
157.823, 83528
157.824, 83096
157.825, 83096
157.827, 83096
157.828, 83096
157.829, 83096
157.831, 83096
157.832, 83312
157.833, 83312
157.834, 83312
157.836, 83312
157.837, 83312
157.838, 83312
157.839, 83312
157.841, 83528
157.842, 83528
157.843, 83528
157.844, 83528
157.845, 83528
157.846, 83528
157.847, 83528
157.849, 83528
157.85, 83744
157.851, 83744
157.852, 83744
157.853, 83744
157.854, 83744
157.856, 83744
157.857, 83744
157.859, 83744
157.86, 83744
157.861, 83744
157.863, 83744
157.864, 83744
157.865, 83744
157.867, 83960
157.868, 83960
157.869, 83960
157.871, 83960
157.872, 83960
157.873, 83960
157.875, 83960
157.876, 83960
157.878, 83960
157.879, 83960
157.88, 83960
157.881, 83960
157.883, 83960
157.884, 83960
157.885, 83960
157.887, 83960
157.888, 83960
157.889, 83960
157.89, 83960
157.891, 83960
157.892, 83960
157.894, 83960
157.895, 83960
157.896, 83960
157.898, 83960
157.899, 83960
157.901, 83960
157.902, 83960
157.903, 83960
157.905, 83960
157.906, 83960
157.908, 83960
157.909, 84176
157.91, 84176
157.912, 84176
157.913, 84176
157.914, 84176
157.916, 84176
157.917, 84176
157.919, 84176
157.92, 84176
157.922, 84176
157.923, 84176
157.924, 84176
157.926, 84176
157.927, 84176
157.929, 84176
157.93, 84176
157.932, 84176
157.933, 84176
157.935, 84176
157.936, 84176
157.937, 84176
157.939, 84176
157.94, 84176
157.941, 84176
157.943, 84176
157.944, 84176
157.946, 84176
157.947, 84176
157.948, 84176
157.95, 84176
157.951, 84176
157.953, 84176
157.954, 84176
157.956, 84176
157.957, 84176
157.958, 84176
157.96, 84176
157.961, 84176
157.962, 84176
157.964, 84176
157.965, 84176
157.967, 84176
157.968, 84176
157.969, 84392
157.971, 84392
157.972, 84392
157.973, 84392
157.975, 84392
157.976, 84392
157.978, 84392
157.979, 84392
157.98, 84392
157.982, 84392
157.983, 84392
157.984, 84392
157.986, 84392
157.987, 84392
157.989, 84392
157.99, 84392
157.991, 84392
157.993, 84392
157.994, 84392
157.996, 84392
157.997, 84392
157.998, 84392
158, 84392
158.001, 84392
158.002, 84392
158.004, 84392
158.005, 84392
158.007, 84392
158.008, 84392
158.009, 84392
158.011, 84392
158.012, 84392
158.014, 84392
158.015, 84392
158.016, 84392
158.018, 84392
158.019, 84392
158.02, 84176
158.021, 84176
158.023, 84176
158.024, 84176
158.025, 84176
158.026, 84176
158.027, 84176
158.028, 83960
158.029, 83960
158.031, 83960
158.032, 83960
158.033, 83960
158.035, 83960
158.036, 83960
158.037, 83744
158.038, 83744
158.04, 83744
158.041, 83744
158.042, 83744
158.043, 83744
158.044, 83744
158.046, 84176
158.047, 84176
158.048, 84176
158.049, 84176
158.051, 84176
158.052, 84176
158.053, 84176
158.054, 84176
158.056, 84176
158.057, 84176
158.058, 84176
158.06, 84176
158.061, 84176
158.062, 84176
158.064, 84176
158.065, 84176
158.066, 84176
158.068, 84176
158.069, 84176
158.07, 84176
158.071, 84176
158.073, 84176
158.074, 84176
158.075, 84176
158.077, 84176
158.078, 84176
158.079, 84176
158.08, 84176
158.081, 84176
158.083, 84176
158.084, 84176
158.085, 84176
158.086, 84176
158.088, 84176
158.089, 84392
158.09, 84392
158.092, 84392
158.093, 84392
158.094, 84392
158.095, 84392
158.097, 84392
158.098, 84392
158.099, 84392
158.1, 84392
158.102, 84392
158.103, 84392
158.104, 84392
158.106, 84392
158.107, 84392
158.109, 84392
158.11, 84392
158.111, 84392
158.113, 84392
158.114, 84392
158.115, 84392
158.117, 84392
158.118, 84392
158.119, 84392
158.121, 84392
158.122, 84392
158.123, 84392
158.125, 84392
158.126, 84392
158.127, 84392
158.129, 84392
158.13, 84392
158.131, 84392
158.132, 84392
158.134, 84392
158.135, 84392
158.137, 84392
158.138, 84392
158.139, 84392
158.14, 84392
158.142, 84392
158.143, 84392
158.144, 84392
158.145, 84392
158.147, 84392
158.148, 84392
158.149, 84392
158.15, 84392
158.152, 84392
158.153, 84392
158.154, 84392
158.156, 84392
158.157, 84392
158.158, 84392
158.159, 84392
158.161, 84392
158.162, 84392
158.163, 84392
158.165, 84392
158.166, 84392
158.167, 84392
158.168, 84392
158.17, 84392
158.171, 84392
158.172, 84392
158.173, 84392
158.174, 84392
158.175, 84392
158.177, 84392
158.178, 84392
158.179, 84392
158.181, 84392
158.182, 84392
158.183, 84176
158.184, 84176
158.185, 84176
158.186, 84176
158.188, 84176
158.189, 84176
158.19, 84176
158.191, 84176
158.193, 84176
158.194, 84176
158.196, 84176
158.197, 84176
158.198, 84176
158.199, 84176
158.201, 84176
158.202, 84176
158.203, 84176
158.204, 84176
158.205, 84176
158.207, 84176
158.208, 84176
158.209, 84176
158.21, 84176
158.212, 84176
158.213, 84176
158.214, 84176
158.215, 84176
158.216, 84176
158.217, 84176
158.218, 84176
158.22, 84176
158.221, 84176
158.222, 84176
158.224, 84176
158.225, 84176
158.227, 84176
158.228, 84176
158.229, 84176
158.23, 84176
158.232, 84176
158.233, 84392
158.234, 84392
158.236, 84392
158.237, 84392
158.239, 84392
158.24, 84392
158.241, 84392
158.242, 84392
158.244, 84392
158.245, 84392
158.246, 84392
158.247, 84392
158.248, 84392
158.25, 84392
158.251, 84176
158.252, 84176
158.253, 84176
158.255, 84176
158.256, 84176
158.257, 84176
158.258, 84176
158.259, 83960
158.261, 83960
158.262, 83960
158.263, 83960
158.264, 83960
158.265, 83960
158.266, 83960
158.268, 83744
158.269, 83744
158.27, 83744
158.271, 83744
158.272, 83744
158.274, 83744
158.275, 83744
158.276, 83744
158.278, 83744
158.279, 83744
158.281, 83744
158.282, 83744
158.283, 83744
158.285, 83960
158.286, 83960
158.287, 83960
158.289, 83960
158.29, 83960
158.291, 83960
158.293, 83960
158.294, 84176
158.295, 84176
158.296, 84176
158.297, 84176
158.298, 84176
158.299, 84176
158.301, 84176
158.302, 84176
158.303, 84176
158.304, 84176
158.305, 84176
158.307, 84176
158.308, 84176
158.309, 84176
158.311, 84176
158.312, 84176
158.313, 84176
158.315, 84176
158.316, 84176
158.317, 84176
158.318, 84176
158.319, 84176
158.321, 84176
158.322, 84176
158.323, 84176
158.324, 84176
158.325, 84176
158.326, 84176
158.327, 84176
158.329, 84176
158.33, 84176
158.331, 84176
158.332, 84176
158.333, 84176
158.334, 84176
158.335, 84176
158.336, 83960
158.338, 83960
158.339, 83960
158.34, 83960
158.341, 83960
158.343, 83960
158.344, 83960
158.346, 83960
158.347, 83960
158.348, 83960
158.349, 83960
158.35, 83960
158.351, 83960
158.352, 83960
158.354, 83960
158.355, 83960
158.356, 83960
158.357, 83960
158.359, 83960
158.36, 83960
158.362, 83960
158.363, 83960
158.365, 83960
158.366, 83960
158.368, 83960
158.369, 83960
158.37, 83960
158.372, 83960
158.373, 83960
158.374, 83960
158.376, 83960
158.377, 83960
158.378, 83744
158.379, 83744
158.38, 83744
158.382, 83744
158.383, 83744
158.384, 83744
158.385, 83744
158.386, 83744
158.387, 83528
158.388, 83528
158.39, 83528
158.391, 83528
158.392, 83528
158.394, 83528
158.395, 83528
158.396, 83528
158.397, 83528
158.398, 83528
158.4, 83528
158.401, 83528
158.402, 83528
158.403, 83528
158.404, 83528
158.405, 83528
158.406, 83528
158.408, 83528
158.409, 83528
158.411, 83528
158.412, 83528
158.413, 83528
158.415, 83528
158.416, 83528
158.418, 83528
158.419, 83528
158.42, 83528
158.422, 83744
158.423, 83744
158.424, 83744
158.425, 83744
158.427, 83744
158.428, 83744
158.429, 83744
158.43, 83744
158.431, 83744
158.432, 83744
158.433, 83744
158.435, 83744
158.436, 83744
158.437, 83744
158.438, 83312
158.44, 83312
158.441, 83312
158.443, 83312
158.444, 83312
158.446, 83312
158.447, 83528
158.448, 83528
158.449, 83528
158.45, 83528
158.452, 83528
158.453, 83528
158.454, 83528
158.455, 83960
158.456, 83960
158.457, 83960
158.459, 83960
158.46, 83960
158.461, 83960
158.462, 83960
158.463, 83960
158.464, 83960
158.466, 83960
158.467, 83960
158.468, 83960
158.47, 83960
158.471, 83960
158.472, 83960
158.474, 83960
158.475, 83960
158.477, 83960
158.478, 83960
158.48, 83960
158.481, 84392
158.482, 84392
158.484, 84392
158.485, 84392
158.486, 84392
158.487, 84392
158.489, 84392
158.49, 84176
158.491, 84176
158.492, 84176
158.493, 84176
158.494, 84176
158.496, 84176
158.497, 84176
158.498, 84176
158.499, 84176
158.501, 84176
158.502, 84176
158.503, 84176
158.505, 84176
158.506, 84176
158.507, 84176
158.509, 84176
158.51, 84176
158.511, 84176
158.513, 84176
158.514, 84176
158.515, 84176
158.517, 84176
158.518, 84176
158.519, 84176
158.521, 84176
158.522, 84176
158.523, 84176
158.525, 84176
158.526, 84176
158.527, 84176
158.529, 84176
158.53, 84176
158.531, 84176
158.532, 84176
158.534, 84176
158.535, 84176
158.536, 84176
158.537, 84176
158.538, 84176
158.539, 84176
158.541, 83960
158.542, 83960
158.543, 83960
158.544, 83960
158.545, 83960
158.547, 83960
158.548, 83960
158.549, 83960
158.55, 83960
158.551, 83960
158.553, 83960
158.554, 83960
158.556, 83960
158.557, 83960
158.559, 83960
158.56, 83960
158.562, 83960
158.563, 83960
158.564, 83960
158.566, 83960
158.567, 83960
158.568, 83960
158.569, 83960
158.571, 83960
158.572, 83960
158.573, 83960
158.574, 83960
158.576, 83960
158.577, 83960
158.578, 83960
158.579, 83960
158.581, 83960
158.582, 83960
158.583, 83960
158.584, 83960
158.586, 83960
158.587, 83960
158.588, 83960
158.589, 83960
158.591, 83960
158.592, 83960
158.593, 83960
158.594, 83960
158.596, 83960
158.597, 83960
158.598, 83960
158.599, 83960
158.601, 83960
158.602, 83960
158.603, 83960
158.605, 83960
158.606, 83960
158.608, 83960
158.609, 83960
158.611, 83960
158.613, 83960
158.614, 83960
158.615, 83960
158.617, 83960
158.618, 84176
158.619, 84176
158.62, 84176
158.622, 84176
158.623, 84176
158.624, 84176
158.626, 83960
158.627, 83960
158.628, 83960
158.63, 83960
158.631, 83960
158.632, 83960
158.633, 83960
158.635, 84176
158.636, 84176
158.637, 84176
158.638, 84176
158.64, 84176
158.641, 84176
158.642, 84176
158.643, 84176
158.645, 84176
158.646, 84176
158.647, 84176
158.648, 84176
158.65, 84176
158.651, 83960
158.652, 83960
158.654, 83960
158.655, 83960
158.656, 83960
158.658, 83960
158.659, 83960
158.66, 83960
158.661, 83960
158.662, 83960
158.664, 83960
158.665, 83960
158.666, 83960
158.668, 83960
158.669, 83960
158.67, 83960
158.671, 83960
158.672, 83960
158.674, 83960
158.675, 83960
158.677, 83960
158.678, 83960
158.679, 83960
158.68, 83960
158.682, 83960
158.683, 83960
158.684, 83960
158.685, 83960
158.686, 83960
158.688, 83960
158.689, 83960
158.69, 83960
158.691, 83960
158.693, 83960
158.694, 83960
158.695, 83960
158.696, 83960
158.698, 83960
158.699, 83960
158.7, 83960
158.701, 83960
158.702, 83960
158.704, 83960
158.705, 83960
158.706, 83960
158.708, 83960
158.709, 83960
158.71, 83960
158.711, 83960
158.712, 83960
158.714, 83960
158.715, 83960
158.716, 83960
158.717, 83960
158.718, 83960
158.719, 83960
158.721, 83960
158.722, 83960
158.723, 83960
158.724, 83960
158.726, 83960
158.727, 83960
158.728, 83960
158.729, 84176
158.73, 84176
158.731, 84176
158.733, 84176
158.734, 84176
158.735, 84176
158.736, 84176
158.737, 84176
158.738, 84176
158.74, 84176
158.741, 84176
158.742, 84176
158.743, 84176
158.744, 84176
158.745, 84176
158.747, 84176
158.748, 84176
158.749, 84176
158.75, 84176
158.752, 84176
158.753, 84176
158.755, 83960
158.756, 83960
158.757, 83960
158.759, 83960
158.76, 83960
158.761, 83960
158.763, 83960
158.764, 83960
158.765, 83960
158.766, 83960
158.767, 83960
158.768, 83960
158.77, 83960
158.771, 83960
158.772, 83960
158.773, 83960
158.774, 83960
158.776, 83960
158.777, 83960
158.778, 83960
158.779, 83960
158.781, 83960
158.782, 83960
158.783, 83960
158.785, 83960
158.786, 83960
158.788, 84176
158.789, 84176
158.79, 84176
158.791, 84176
158.793, 84176
158.794, 84176
158.795, 84176
158.796, 84176
158.797, 83960
158.798, 83960
158.8, 83960
158.801, 83960
158.802, 83960
158.803, 83960
158.804, 83960
158.806, 83960
158.807, 83960
158.808, 83960
158.809, 83960
158.81, 83960
158.812, 83960
158.813, 83960
158.815, 84176
158.816, 84176
158.817, 84176
158.818, 84176
158.82, 84176
158.821, 84176
158.822, 84176
158.823, 84176
158.824, 84176
158.826, 84176
158.827, 84176
158.828, 84176
158.829, 84176
158.83, 83960
158.832, 83960
158.833, 83960
158.834, 83960
158.836, 83960
158.837, 83960
158.838, 83960
158.839, 83744
158.841, 83744
158.842, 83744
158.843, 83744
158.844, 83744
158.845, 83744
158.847, 83744
158.848, 83744
158.85, 83744
158.851, 83744
158.852, 83744
158.854, 83744
158.855, 83744
158.857, 83960
158.858, 83960
158.859, 83960
158.86, 83960
158.862, 83960
158.863, 83960
158.864, 83960
158.865, 83744
158.866, 83744
158.867, 83744
158.869, 83744
158.87, 83744
158.871, 83744
158.872, 83744
158.874, 83960
158.875, 83960
158.876, 83960
158.877, 83960
158.879, 83960
158.88, 83960
158.881, 83960
158.882, 83960
158.884, 83960
158.885, 83960
158.886, 83960
158.887, 83960
158.888, 83960
158.889, 83960
158.891, 83960
158.892, 83960
158.893, 83960
158.894, 83960
158.895, 83960
158.897, 83960
158.898, 83960
158.899, 83960
158.9, 83960
158.901, 83960
158.902, 83960
158.904, 83960
158.905, 83960
158.906, 83960
158.908, 83528
158.91, 83528
158.912, 83528
158.913, 83528
158.915, 83528
158.916, 83528
158.918, 83528
158.919, 83528
158.92, 83528
158.921, 83528
158.923, 83528
158.924, 83528
158.925, 83528
158.926, 83528
158.928, 83528
158.929, 83528
158.93, 83528
158.931, 83528
158.932, 83528
158.933, 83528
158.935, 83528
158.936, 83528
158.937, 83528
158.938, 83528
158.94, 83528
158.941, 83528
158.942, 83312
158.944, 83312
158.945, 83312
158.947, 83312
158.948, 83312
158.949, 83312
158.951, 83528
158.952, 83528
158.953, 83528
158.954, 83528
158.955, 83528
158.956, 83528
158.958, 83528
158.959, 83312
158.96, 83312
158.961, 83312
158.962, 83312
158.963, 83312
158.965, 83312
158.966, 83312
158.967, 83312
158.968, 83312
158.969, 83312
158.97, 83312
158.972, 83312
158.973, 83312
158.974, 83312
158.975, 83312
158.977, 83312
158.978, 83312
158.98, 83312
158.981, 83312
158.982, 83312
158.983, 83312
158.984, 83312
158.986, 83312
158.987, 83312
158.988, 83312
158.989, 83312
158.99, 83312
158.992, 83312
158.993, 83096
158.994, 83096
158.996, 83096
158.997, 83096
158.999, 83096
159, 83096
159.001, 83312
159.003, 83312
159.004, 83312
159.005, 83312
159.006, 83312
159.008, 83312
159.009, 83312
159.01, 83528
159.011, 83528
159.012, 83528
159.013, 83528
159.014, 83528
159.016, 83528
159.017, 83528
159.018, 83528
159.019, 83096
159.02, 83096
159.021, 83096
159.023, 83096
159.024, 83096
159.025, 83096
159.026, 83096
159.028, 83096
159.029, 83096
159.03, 83096
159.031, 83096
159.032, 83096
159.034, 83096
159.035, 83096
159.036, 83096
159.037, 83096
159.038, 83096
159.039, 83096
159.041, 83096
159.042, 83096
159.044, 83096
159.045, 83096
159.047, 83096
159.048, 83096
159.049, 83096
159.051, 83096
159.052, 83096
159.053, 83312
159.054, 83312
159.055, 83312
159.057, 83312
159.058, 83312
159.059, 83312
159.06, 83312
159.061, 83312
159.062, 83312
159.063, 83312
159.065, 83312
159.066, 83312
159.067, 83312
159.068, 83312
159.069, 83096
159.071, 83096
159.072, 83096
159.074, 83096
159.075, 83096
159.076, 83096
159.078, 83096
159.079, 83528
159.08, 83528
159.081, 83528
159.082, 83528
159.083, 83528
159.085, 83528
159.086, 83528
159.087, 83744
159.088, 83744
159.089, 83744
159.09, 83744
159.092, 83744
159.093, 83744
159.094, 83744
159.095, 83744
159.096, 83744
159.097, 83744
159.099, 83744
159.1, 83744
159.101, 83744
159.102, 83744
159.104, 83744
159.105, 83744
159.106, 83744
159.107, 83744
159.109, 83744
159.11, 83744
159.111, 83744
159.112, 84176
159.113, 84176
159.115, 84176
159.116, 84176
159.117, 84176
159.119, 84176
159.12, 84176
159.121, 83960
159.122, 83960
159.123, 83960
159.125, 83960
159.126, 83960
159.127, 83960
159.128, 83960
159.13, 83960
159.131, 83960
159.132, 83960
159.133, 83960
159.134, 83960
159.136, 83960
159.137, 83960
159.138, 83960
159.139, 83960
159.14, 83960
159.142, 83960
159.143, 83960
159.144, 83960
159.146, 83960
159.147, 83960
159.149, 83960
159.15, 83960
159.151, 83960
159.152, 83960
159.153, 83960
159.155, 83960
159.156, 83960
159.157, 83960
159.158, 83960
159.16, 83960
159.161, 83960
159.162, 83960
159.163, 83744
159.165, 83744
159.166, 83744
159.167, 83744
159.168, 83744
159.17, 83744
159.171, 83744
159.172, 83960
159.173, 83960
159.174, 83960
159.176, 83960
159.177, 83960
159.178, 83960
159.179, 83960
159.181, 83960
159.182, 83960
159.184, 83960
159.185, 83960
159.186, 83960
159.187, 83960
159.188, 83960
159.19, 83960
159.191, 83960
159.192, 83960
159.193, 83960
159.195, 83960
159.196, 83960
159.197, 83960
159.198, 83960
159.199, 83960
159.201, 83960
159.202, 83960
159.203, 83960
159.204, 83960
159.205, 83960
159.206, 83960
159.208, 83960
159.209, 83960
159.21, 83960
159.212, 83960
159.213, 83960
159.214, 83960
159.215, 84176
159.216, 84176
159.218, 84176
159.219, 84176
159.22, 84176
159.221, 84176
159.222, 84176
159.223, 84176
159.225, 84176
159.226, 84176
159.227, 84176
159.228, 84176
159.229, 84176
159.231, 84176
159.232, 84176
159.233, 84176
159.234, 84176
159.235, 84176
159.237, 84176
159.238, 84176
159.239, 84176
159.24, 84176
159.241, 84176
159.242, 84176
159.244, 84176
159.245, 84176
159.246, 84176
159.247, 84176
159.249, 84176
159.25, 84176
159.252, 84176
159.253, 84176
159.254, 84176
159.255, 84176
159.256, 84176
159.258, 84176
159.259, 84176
159.26, 84176
159.262, 84176
159.263, 84176
159.264, 84176
159.265, 84176
159.266, 84392
159.268, 84392
159.269, 84392
159.27, 84392
159.271, 84392
159.273, 84392
159.274, 84392
159.275, 84176
159.276, 84176
159.277, 84176
159.278, 84176
159.28, 84176
159.281, 84176
159.282, 84176
159.283, 83960
159.284, 83960
159.285, 83960
159.287, 83960
159.288, 83960
159.289, 83960
159.291, 83960
159.292, 83744
159.293, 83744
159.295, 83744
159.296, 83744
159.297, 83744
159.298, 83744
159.299, 83744
159.301, 83960
159.302, 83960
159.303, 83960
159.304, 83960
159.306, 83960
159.307, 83960
159.309, 83960
159.31, 83960
159.311, 83960
159.312, 83960
159.313, 83960
159.314, 83960
159.316, 83960
159.317, 83960
159.318, 83960
159.319, 83960
159.321, 83960
159.322, 83960
159.323, 83960
159.325, 83960
159.326, 83960
159.327, 83960
159.328, 83960
159.33, 83960
159.331, 83960
159.332, 83960
159.333, 83960
159.335, 83960
159.336, 83960
159.337, 83960
159.338, 83960
159.339, 83960
159.34, 83960
159.342, 83960
159.343, 83960
159.344, 83960
159.345, 83960
159.346, 83960
159.348, 83960
159.349, 83960
159.351, 83960
159.352, 83960
159.353, 83960
159.354, 83960
159.356, 83960
159.357, 83960
159.358, 83960
159.359, 83960
159.36, 83960
159.361, 83960
159.363, 83960
159.364, 83960
159.365, 83960
159.367, 83960
159.368, 83960
159.369, 83960
159.37, 83960
159.372, 83960
159.373, 83960
159.374, 83960
159.375, 83960
159.376, 83960
159.377, 83960
159.379, 83960
159.38, 83960
159.381, 83960
159.383, 83960
159.384, 83960
159.385, 83960
159.386, 83960
159.387, 83960
159.388, 83960
159.39, 83960
159.391, 83960
159.392, 83960
159.394, 83960
159.395, 83960
159.396, 83960
159.398, 83960
159.399, 83960
159.4, 83960
159.401, 83960
159.403, 83960
159.404, 83960
159.405, 83960
159.406, 83960
159.407, 83960
159.409, 83960
159.41, 83960
159.411, 83960
159.413, 83960
159.414, 83960
159.415, 83960
159.416, 83960
159.418, 83960
159.419, 83960
159.42, 83960
159.421, 83960
159.422, 83960
159.424, 83960
159.426, 83960
159.427, 83960
159.429, 83960
159.43, 83960
159.431, 83960
159.432, 83960
159.434, 83960
159.435, 83960
159.436, 83960
159.437, 83960
159.439, 83960
159.44, 83960
159.442, 83960
159.443, 83960
159.444, 83960
159.445, 83960
159.447, 83960
159.448, 83960
159.449, 83960
159.45, 83960
159.452, 83960
159.453, 83960
159.454, 83960
159.456, 83960
159.457, 83960
159.459, 83960
159.46, 83960
159.461, 83960
159.462, 83960
159.464, 83960
159.465, 83960
159.466, 83960
159.467, 83960
159.469, 83960
159.47, 83960
159.471, 83960
159.473, 83960
159.474, 83960
159.475, 83960
159.476, 83960
159.478, 83960
159.479, 83960
159.481, 83960
159.483, 83960
159.485, 83960
159.487, 83960
159.488, 83960
159.49, 83960
159.492, 83960
159.493, 83960
159.495, 83960
159.496, 83960
159.498, 83960
159.499, 83960
159.5, 83960
159.501, 83960
159.503, 83960
159.504, 83960
159.505, 83960
159.506, 83960
159.507, 83960
159.509, 83960
159.51, 83960
159.511, 83960
159.512, 83960
159.514, 83744
159.515, 83744
159.516, 83744
159.517, 83744
159.519, 83744
159.52, 83744
159.521, 83744
159.522, 83312
159.524, 83312
159.525, 83312
159.526, 83312
159.527, 83312
159.529, 83312
159.53, 83312
159.531, 83312
159.532, 83312
159.534, 83312
159.535, 83312
159.536, 83312
159.538, 83312
159.54, 83312
159.541, 83312
159.543, 83312
159.544, 83312
159.545, 83312
159.547, 83312
159.548, 83744
159.549, 83744
159.55, 83744
159.552, 83744
159.553, 83744
159.554, 83744
159.555, 83744
159.557, 83096
159.558, 83096
159.559, 83096
159.56, 83096
159.562, 83096
159.563, 83096
159.564, 83096
159.565, 83096
159.567, 83096
159.568, 83096
159.569, 83096
159.57, 83096
159.572, 83096
159.573, 83528
159.574, 83528
159.575, 83528
159.576, 83528
159.577, 83528
159.578, 83528
159.58, 83528
159.581, 83528
159.582, 83096
159.583, 83096
159.584, 83096
159.585, 83096
159.586, 83096
159.588, 83096
159.589, 83096
159.59, 82880
159.591, 82880
159.592, 82880
159.593, 82880
159.595, 82880
159.596, 82880
159.597, 82880
159.598, 82880
159.6, 82880
159.601, 82880
159.602, 82880
159.604, 82880
159.605, 82880
159.606, 82880
159.607, 83096
159.608, 83096
159.609, 83096
159.61, 83096
159.611, 83096
159.613, 83096
159.614, 83096
159.615, 82880
159.617, 82880
159.618, 82880
159.62, 82880
159.621, 82880
159.622, 82880
159.624, 82880
159.625, 83312
159.626, 83312
159.627, 83312
159.629, 83312
159.63, 83312
159.631, 83312
159.632, 83312
159.633, 83528
159.634, 83528
159.636, 83528
159.637, 83528
159.638, 83528
159.639, 83528
159.64, 83528
159.641, 83528
159.642, 83528
159.644, 83528
159.645, 83528
159.646, 83528
159.647, 83528
159.649, 83528
159.65, 83528
159.651, 83528
159.652, 83528
159.654, 83528
159.655, 83528
159.656, 83528
159.657, 83528
159.658, 83744
159.659, 83744
159.661, 83744
159.662, 83744
159.663, 83744
159.665, 83744
159.666, 83744
159.667, 83528
159.669, 83528
159.67, 83528
159.671, 83528
159.673, 83528
159.674, 83528
159.675, 83528
159.677, 83528
159.678, 83528
159.679, 83528
159.681, 83528
159.682, 83528
159.683, 83528
159.685, 83528
159.686, 83528
159.687, 83528
159.688, 83528
159.689, 83528
159.69, 83528
159.692, 83528
159.693, 83528
159.694, 83528
159.696, 83528
159.697, 83528
159.699, 83528
159.701, 83312
159.702, 83312
159.704, 83312
159.706, 83312
159.707, 83312
159.708, 83312
159.71, 83312
159.711, 83312
159.712, 83312
159.713, 83312
159.714, 83312
159.716, 83312
159.717, 83312
159.719, 83096
159.72, 83096
159.721, 83096
159.723, 83096
159.724, 83096
159.725, 83096
159.727, 83312
159.728, 83312
159.729, 83312
159.731, 83312
159.732, 83312
159.733, 83312
159.734, 83312
159.736, 83096
159.738, 83096
159.739, 83096
159.741, 83096
159.742, 83096
159.744, 83960
159.745, 83960
159.747, 83960
159.748, 83960
159.749, 83960
159.751, 83960
159.752, 83960
159.753, 84392
159.754, 84392
159.756, 84392
159.757, 84392
159.758, 84392
159.76, 84392
159.761, 84824
159.763, 84824
159.764, 84824
159.766, 84824
159.767, 84824
159.768, 84824
159.77, 84608
159.771, 84608
159.773, 84608
159.774, 84608
159.776, 84608
159.777, 84608
159.778, 84392
159.78, 84392
159.781, 84392
159.782, 84392
159.784, 84392
159.785, 84392
159.787, 84392
159.788, 84392
159.79, 84392
159.791, 84392
159.793, 84392
159.794, 84392
159.796, 84392
159.797, 84392
159.799, 84392
159.8, 84392
159.802, 84392
159.803, 84176
159.805, 84176
159.806, 84176
159.808, 84176
159.809, 84176
159.81, 84176
159.812, 84176
159.813, 84176
159.814, 84176
159.815, 84176
159.817, 84176
159.818, 84176
159.819, 84176
159.82, 84392
159.822, 84392
159.823, 84392
159.825, 84392
159.826, 84392
159.827, 84392
159.829, 84392
159.83, 84392
159.831, 84392
159.832, 84392
159.834, 84392
159.835, 84392
159.836, 84392
159.838, 84608
159.839, 84608
159.84, 84608
159.842, 84608
159.843, 84608
159.845, 84608
159.846, 84608
159.848, 84608
159.849, 84608
159.851, 84608
159.852, 84608
159.853, 84608
159.855, 84608
159.856, 84608
159.858, 84608
159.859, 84608
159.86, 84608
159.862, 84608
159.863, 84824
159.865, 84824
159.866, 84824
159.869, 84824
159.87, 84824
159.872, 84824
159.873, 84824
159.874, 84824
159.875, 84824
159.877, 84824
159.878, 84824
159.879, 84824
159.88, 84824
159.882, 84824
159.883, 84824
159.884, 84824
159.885, 84824
159.887, 84824
159.888, 84608
159.89, 84608
159.891, 84608
159.893, 84608
159.894, 84608
159.896, 84608
159.897, 84608
159.899, 84608
159.9, 84608
159.901, 84608
159.903, 84608
159.904, 84608
159.906, 84608
159.907, 84608
159.909, 84608
159.91, 84608
159.912, 84608
159.913, 84608
159.914, 84608
159.916, 84608
159.917, 84608
159.918, 84608
159.919, 84608
159.921, 84608
159.922, 84608
159.923, 85040
159.925, 85040
159.926, 85040
159.927, 85040
159.929, 85040
159.93, 85040
159.931, 85040
159.932, 84824
159.933, 84824
159.935, 84824
159.936, 84824
159.937, 84824
159.938, 84824
159.939, 84824
159.94, 84824
159.942, 84824
159.943, 84824
159.944, 84824
159.945, 84824
159.947, 84824
159.948, 85040
159.949, 85040
159.951, 85040
159.952, 85040
159.953, 85040
159.955, 85040
159.956, 85040
159.958, 84824
159.959, 84824
159.961, 84824
159.962, 84824
159.963, 84824
159.965, 84824
159.966, 84824
159.967, 84824
159.969, 84824
159.97, 84824
159.971, 84824
159.973, 84824
159.974, 84824
159.976, 84824
159.977, 84824
159.979, 84824
159.98, 84824
159.981, 84824
159.983, 85040
159.984, 85040
159.986, 85040
159.987, 85040
159.988, 85040
159.99, 85040
159.991, 85040
159.993, 85040
159.994, 85040
159.995, 85040
159.997, 85040
159.998, 85040
160, 85040
160.001, 85040
160.003, 85040
160.005, 85040
160.006, 85040
160.008, 85040
160.009, 85040
160.01, 85040
160.011, 85040
160.013, 85040
160.014, 85040
160.015, 85040
160.017, 85040
160.018, 85040
160.023, 85040
160.025, 84824
160.026, 84824
160.028, 84824
160.029, 84824
160.03, 84824
160.031, 84824
160.033, 84824
160.035, 84824
160.036, 84824
160.038, 84824
160.039, 84824
160.041, 84824
160.043, 84824
160.044, 84824
160.046, 84824
160.047, 84824
160.048, 84824
160.05, 84824
160.051, 84824
160.052, 84824
160.054, 84824
160.055, 84824
160.057, 84824
160.058, 84824
160.06, 84824
160.061, 84824
160.063, 84824
160.064, 84824
160.066, 84824
160.068, 84824
160.069, 84824
160.07, 84824
160.071, 84824
160.073, 84824
160.074, 84824
160.075, 84824
160.076, 84824
160.078, 84824
160.079, 84824
160.08, 84824
160.082, 84824
160.083, 84824
160.084, 84824
160.085, 84824
160.087, 84824
160.088, 84824
160.089, 84824
160.091, 84824
160.092, 84824
160.094, 84824
160.095, 84824
160.096, 84824
160.097, 84824
160.099, 84824
160.1, 84824
160.102, 84608
160.104, 84608
160.105, 84608
160.106, 84608
160.108, 84608
160.109, 84608
160.11, 84824
160.112, 84824
160.113, 84824
160.115, 84824
160.116, 84824
160.118, 84824
160.119, 84824
160.12, 84824
160.122, 84824
160.123, 84824
160.124, 84824
160.125, 84824
160.127, 84824
160.128, 84392
160.129, 84392
160.13, 84392
160.132, 84392
160.133, 84392
160.135, 84392
160.136, 84392
160.137, 84392
160.138, 84392
160.139, 84392
160.141, 84392
160.142, 84392
160.144, 84392
160.145, 84392
160.147, 84392
160.148, 84392
160.149, 84392
160.151, 84392
160.152, 84392
160.154, 84824
160.155, 84824
160.156, 84824
160.157, 84824
160.159, 84824
160.16, 84824
160.161, 84824
160.162, 84608
160.163, 84608
160.164, 84608
160.165, 84608
160.167, 84608
160.168, 84608
160.169, 84608
160.17, 84392
160.172, 84392
160.173, 84392
160.175, 84392
160.176, 84392
160.178, 84392
160.179, 84824
160.181, 84824
160.182, 84824
160.183, 84824
160.184, 84824
160.185, 84824
160.186, 84824
160.187, 84608
160.189, 84608
160.19, 84608
160.191, 84608
160.192, 84608
160.193, 84608
160.194, 84608
160.195, 84608
160.197, 84392
160.198, 84392
160.199, 84392
160.2, 84392
160.201, 84392
160.202, 84392
160.203, 84392
160.205, 84176
160.206, 84176
160.207, 84176
160.209, 84176
160.21, 84176
160.211, 84176
160.213, 84176
160.214, 84392
160.215, 84392
160.216, 84392
160.217, 84392
160.218, 84392
160.22, 84392
160.221, 84392
160.222, 84176
160.223, 84176
160.225, 84176
160.227, 84176
160.229, 84176
160.23, 84392
160.232, 84392
160.233, 84392
160.234, 84392
160.236, 84392
160.237, 84392
160.238, 84392
160.24, 84608
160.241, 84608
160.242, 84608
160.243, 84608
160.244, 84608
160.245, 84608
160.247, 84608
160.248, 84608
160.249, 84608
160.25, 84608
160.251, 84608
160.252, 84608
160.254, 84608
160.255, 84608
160.257, 84392
160.258, 84392
160.259, 84392
160.261, 84392
160.262, 84392
160.263, 84392
160.264, 84608
160.265, 84608
160.266, 84608
160.267, 84608
160.269, 84608
160.27, 84608
160.271, 84608
160.272, 84608
160.274, 84392
160.275, 84392
160.277, 84392
160.278, 84392
160.28, 84392
160.281, 84392
160.282, 84608
160.283, 84608
160.285, 84608
160.286, 84608
160.287, 84608
160.289, 84608
160.29, 84824
160.291, 84824
160.292, 84824
160.293, 84824
160.295, 84824
160.296, 84824
160.297, 84824
160.298, 84824
160.299, 84608
160.3, 84608
160.301, 84608
160.303, 84608
160.304, 84608
160.306, 84608
160.307, 84392
160.309, 84392
160.31, 84392
160.312, 84392
160.313, 84392
160.314, 84392
160.316, 84608
160.317, 84608
160.319, 84608
160.32, 84608
160.321, 84608
160.323, 84608
160.324, 84824
160.329, 84824
160.331, 84824
160.332, 85040
160.334, 85040
160.335, 85040
160.336, 85040
160.338, 85040
160.339, 85040
160.341, 85256
160.342, 85256
160.344, 85256
160.346, 85256
160.348, 85256
160.35, 85256
160.351, 85256
160.353, 85256
160.354, 85256
160.359, 85040
160.36, 85040
160.362, 85040
160.363, 85040
160.365, 85040
160.366, 85040
160.374, 85040
160.376, 85040
160.377, 85040
160.379, 85040
160.38, 85040
160.382, 85040
160.383, 85040
160.384, 85040
160.385, 85040
160.387, 85040
160.388, 85040
160.39, 85040
160.391, 85040
160.392, 85040
160.393, 85040
160.395, 85040
160.396, 85040
160.398, 85040
160.399, 85040
160.401, 85040
160.402, 85040
160.404, 85040
160.405, 85040
160.407, 85040
160.409, 84824
160.411, 84824
160.412, 84824
160.413, 84824
160.415, 84824
160.416, 84824
160.418, 84824
160.419, 84824
160.42, 84824
160.422, 84824
160.423, 84824
160.424, 84824
160.426, 84824
160.427, 84824
160.428, 84824
160.429, 84824
160.43, 84824
160.432, 84824
160.433, 84824
160.434, 84824
160.435, 84824
160.436, 84824
160.437, 84824
160.439, 84824
160.44, 84824
160.441, 84824
160.442, 84824
160.444, 85040
160.445, 85040
160.446, 85040
160.447, 85040
160.448, 85040
160.45, 85040
160.451, 85040
160.452, 85040
160.453, 85040
160.455, 85040
160.456, 85040
160.457, 85040
160.458, 85040
160.459, 85040
160.46, 85040
160.462, 85040
160.463, 85040
160.464, 85040
160.465, 85040
160.466, 85040
160.468, 85040
160.469, 85040
160.47, 85040
160.471, 85040
160.473, 85040
160.474, 85040
160.475, 85040
160.476, 85040
160.478, 84824
160.479, 84824
160.48, 84824
160.481, 84824
160.483, 84824
160.484, 84824
160.485, 84824
160.486, 84824
160.488, 84824
160.489, 84824
160.49, 84824
160.492, 84824
160.493, 84824
160.494, 84824
160.495, 84824
160.497, 84824
160.498, 84824
160.499, 84824
160.5, 84824
160.502, 84824
160.503, 84608
160.505, 84608
160.506, 84608
160.508, 84608
160.509, 84608
160.51, 84608
160.511, 84608
160.513, 84608
160.514, 84608
160.515, 84608
160.517, 84608
160.518, 84608
160.519, 84608
160.521, 84392
160.522, 84392
160.523, 84392
160.524, 84392
160.526, 84392
160.527, 84392
160.528, 84392
160.529, 84392
160.531, 84392
160.532, 84392
160.533, 84392
160.534, 84392
160.536, 84392
160.537, 84392
160.538, 84392
160.539, 84392
160.54, 84392
160.542, 84392
160.543, 84392
160.544, 84392
160.545, 84392
160.546, 84392
160.548, 84392
160.549, 84392
160.55, 84392
160.551, 84392
160.552, 84392
160.554, 84392
160.555, 84176
160.556, 84176
160.558, 84176
160.559, 84176
160.56, 84176
160.562, 84176
160.563, 84392
160.564, 84392
160.565, 84392
160.566, 84392
160.568, 84392
160.569, 84392
160.57, 84392
160.571, 84392
160.572, 84392
160.573, 84392
160.575, 84392
160.576, 84392
160.577, 84392
160.578, 84392
160.579, 84392
160.58, 84176
160.582, 84176
160.583, 84176
160.584, 84176
160.585, 84176
160.587, 84176
160.588, 84176
160.589, 84176
160.591, 84176
160.592, 84176
160.593, 84176
160.594, 84176
160.595, 84176
160.597, 84176
160.598, 84176
160.599, 84176
160.6, 84176
160.601, 84176
160.602, 84176
160.604, 84176
160.605, 84176
160.606, 84176
160.608, 84176
160.609, 84176
160.61, 84176
160.611, 84176
160.613, 84176
160.614, 83960
160.615, 83960
160.616, 83960
160.618, 83960
160.619, 83960
160.62, 83960
160.621, 83960
160.622, 83744
160.624, 83744
160.625, 83744
160.626, 83744
160.627, 83744
160.629, 83744
160.63, 83744
160.631, 83960
160.632, 83960
160.633, 83960
160.635, 83960
160.636, 83960
160.637, 83960
160.639, 83960
160.641, 83960
160.643, 83960
160.644, 83960
160.646, 83960
160.647, 83960
160.648, 83960
160.649, 83960
160.651, 83960
160.652, 83960
160.653, 83960
160.654, 83960
160.655, 83960
160.657, 83960
160.658, 83960
160.659, 83960
160.66, 83960
160.662, 83960
160.663, 83960
160.664, 83960
160.665, 83960
160.666, 83960
160.668, 83960
160.669, 83960
160.671, 83960
160.672, 83960
160.673, 83960
160.675, 83960
160.676, 83960
160.677, 83960
160.678, 83960
160.68, 83960
160.681, 83960
160.682, 83960
160.683, 83960
160.685, 83960
160.686, 83960
160.687, 83960
160.688, 83960
160.69, 83960
160.691, 83744
160.692, 83744
160.693, 83744
160.694, 83744
160.696, 83744
160.697, 83744
160.698, 83744
160.699, 83744
160.701, 83744
160.702, 83744
160.703, 83744
160.705, 83744
160.706, 83744
160.707, 83744
160.709, 83744
160.71, 83744
160.711, 83744
160.713, 83744
160.714, 83744
160.715, 83744
160.716, 83744
160.718, 83744
160.719, 83744
160.72, 83744
160.721, 83744
160.722, 83744
160.724, 83744
160.725, 83744
160.726, 83744
160.73, 83744
160.731, 83744
160.732, 83744
160.734, 83744
160.735, 83744
160.737, 83744
160.738, 83744
160.74, 83744
160.741, 83744
160.742, 83528
160.743, 83528
160.745, 83528
160.746, 83528
160.747, 83528
160.748, 83528
160.75, 83528
160.751, 83312
160.752, 83312
160.753, 83312
160.755, 83312
160.756, 83312
160.758, 83312
160.759, 83312
160.76, 83312
160.762, 83312
160.767, 83096
160.77, 83096
160.772, 83096
160.774, 83096
160.776, 83096
160.777, 83096
160.778, 83096
160.784, 83096
160.792, 83096
160.794, 82880
160.796, 82880
160.803, 82880
160.807, 82880
160.814, 83096
160.817, 83096
160.82, 83096
160.822, 83096
160.823, 83096
160.824, 83096
160.826, 83096
160.827, 83096
160.832, 82880
160.843, 83096
160.846, 83312
160.848, 83312
160.849, 83312
160.85, 83312
160.852, 83312
160.853, 83096
160.855, 83096
160.856, 83096
160.857, 83096
160.859, 83096
160.86, 83096
160.861, 83096
160.863, 83096
160.864, 83096
160.865, 83096
160.866, 83096
160.868, 83096
160.869, 83096
160.87, 82880
160.871, 82880
160.872, 82880
160.874, 82880
160.875, 82880
160.876, 82880
160.879, 82880
160.883, 82880
160.889, 83096
160.892, 83096
160.894, 83096
160.895, 83312
160.897, 83312
160.898, 83312
160.899, 83312
160.901, 83312
160.902, 83312
160.905, 83096
160.923, 83312
160.927, 83312
160.939, 83528
160.943, 83528
160.944, 83528
160.951, 83528
160.953, 83528
160.955, 83744
160.957, 83744
160.96, 83744
160.964, 83528
160.965, 83528
160.966, 83528
160.968, 83528
160.969, 83528
160.97, 83528
160.972, 83528
160.979, 83528
160.983, 83528
160.984, 83528
160.986, 83528
160.987, 83528
160.989, 83528
160.99, 83528
160.991, 83528
160.992, 83528
160.994, 83528
160.995, 83528
160.996, 83528
160.998, 83528
161.001, 83528
161.011, 83312
161.019, 83312
161.028, 83312
161.043, 83312
161.048, 83312
161.053, 83312
161.056, 83312
161.058, 83096
161.063, 83096
161.073, 83312
161.075, 83528
161.077, 83528
161.078, 83528
161.08, 83096
161.088, 83096
161.096, 83096
161.105, 83312
161.108, 83312
161.116, 83096
161.119, 83312
161.134, 83096
161.138, 83096
161.145, 83312
161.148, 83312
161.158, 83528
161.164, 83528
161.169, 83528
161.17, 83528
161.172, 83528
161.178, 83312
161.183, 83312
161.184, 83312
161.185, 83312
161.187, 83528
161.189, 83528
161.19, 83528
161.191, 83528
161.193, 83528
161.197, 83960
161.199, 83960
161.204, 83960
161.205, 83960
161.207, 83960
161.208, 83960
161.21, 83960
161.211, 84176
161.213, 84176
161.215, 84176
161.217, 84176
161.218, 84176
161.226, 84176
161.228, 84176
161.229, 84176
161.23, 84176
161.232, 84176
161.233, 84176
161.234, 84176
161.236, 84176
161.237, 84392
161.238, 84392
161.239, 84392
161.241, 84392
161.242, 84392
161.243, 84392
161.245, 84392
161.246, 84392
161.247, 84392
161.249, 84392
161.25, 84392
161.252, 84392
161.253, 84392
161.255, 84392
161.256, 84392
161.258, 84392
161.259, 84392
161.26, 84392
161.262, 84392
161.263, 84392
161.264, 84392
161.266, 84392
161.267, 84392
161.27, 84392
161.272, 84392
161.273, 84392
161.274, 84392
161.276, 84392
161.277, 84392
161.279, 84392
161.28, 84392
161.282, 84392
161.283, 84392
161.285, 84392
161.287, 84392
161.288, 84392
161.289, 84392
161.291, 84392
161.292, 84392
161.294, 84392
161.295, 84392
161.296, 84608
161.301, 84608
161.303, 84608
161.304, 84608
161.306, 84392
161.307, 84392
161.308, 84392
161.312, 84392
161.314, 84608
161.315, 84608
161.317, 84608
161.318, 84608
161.319, 84608
161.321, 84608
161.323, 84608
161.324, 84608
161.326, 84608
161.335, 84608
161.337, 84608
161.338, 84608
161.339, 84608
161.341, 84608
161.342, 84608
161.344, 84608
161.345, 84608
161.348, 84824
161.35, 84824
161.353, 84824
161.354, 84824
161.356, 84824
161.36, 84392
161.374, 84176
161.393, 83960
161.396, 83960
161.401, 84176
161.404, 84176
161.407, 83960
161.412, 83960
161.418, 83960
161.419, 83960
161.42, 83960
161.423, 83960
161.428, 83960
161.43, 83960
161.431, 83960
161.433, 83960
161.434, 83960
161.435, 83960
161.437, 83960
161.438, 83960
161.441, 83744
161.447, 83744
161.45, 83960
161.453, 83960
161.458, 83960
161.471, 83528
161.48, 83528
161.482, 83528
161.488, 83528
161.497, 83744
161.511, 83744
161.514, 83744
161.52, 83960
161.522, 83960
161.525, 83960
161.53, 83960
161.538, 83960
161.54, 83960
161.553, 83744
161.559, 83528
161.57, 83528
161.572, 83528
161.574, 83528
161.584, 83528
161.587, 83744
161.592, 83528
161.599, 83528
161.6, 83528
161.602, 83528
161.615, 83744
161.623, 83528
161.63, 83528
161.632, 83528
161.636, 83312
161.646, 83528
161.65, 83528
161.655, 83744
161.659, 83744
161.661, 83744
161.662, 83744
161.663, 83744
161.665, 83744
161.667, 83744
161.669, 83744
161.671, 83744
161.672, 83528
161.673, 83528
161.675, 83528
161.676, 83528
161.68, 83528
161.69, 83528
161.692, 83528
161.693, 83528
161.698, 83312
161.714, 83528
161.719, 83528
161.72, 83528
161.724, 83528
161.727, 83528
161.734, 83528
161.739, 83528
161.747, 83528
161.75, 83528
161.752, 83528
161.754, 83528
161.756, 83528
161.764, 83528
161.772, 83312
161.779, 83312
161.782, 83312
161.784, 83312
161.785, 83312
161.793, 83744
161.797, 83744
161.8, 83744
161.808, 83744
161.813, 83744
161.818, 83960
161.821, 83960
161.824, 83744
161.83, 83744
161.831, 83744
161.833, 83744
161.834, 83744
161.835, 83744
161.837, 83744
161.838, 83744
161.839, 83744
161.84, 83744
161.841, 83744
161.843, 83744
161.845, 83744
161.847, 83744
161.849, 83744
161.851, 83744
161.855, 83744
161.858, 83744
161.866, 83960
161.868, 83960
161.869, 84176
161.87, 84176
161.871, 84176
161.872, 84176
161.873, 84176
161.875, 84176
161.876, 84176
161.877, 83960
161.878, 83960
161.886, 84176
161.887, 84176
161.889, 84176
161.89, 84176
161.891, 84176
161.892, 84176
161.893, 84176
161.895, 84392
161.896, 84392
161.897, 84392
161.898, 84392
161.899, 84392
161.9, 84392
161.902, 84392
161.903, 84392
161.904, 84392
161.905, 84392
161.906, 84392
161.907, 84392
161.908, 84392
161.91, 84392
161.911, 84392
161.912, 84176
161.913, 84176
161.914, 84176
161.915, 84176
161.917, 84176
161.922, 84176
161.924, 84176
161.927, 84176
161.929, 84176
161.93, 84176
161.931, 84176
161.932, 84176
161.933, 84176
161.934, 84176
161.936, 84176
161.937, 83960
161.938, 83960
161.94, 83960
161.941, 83960
161.954, 83960
161.959, 83960
161.975, 83960
161.98, 83960
161.984, 83960
161.987, 83744
161.99, 83744
161.993, 83744
162.005, 83744
162.011, 83744
162.015, 83744
162.019, 83744
162.02, 83744
162.022, 83744
162.023, 83528
162.024, 83528
162.025, 83528
162.027, 83528
162.029, 83528
162.045, 83960
162.051, 83960
162.055, 83960
162.058, 83960
162.061, 83960
162.065, 84176
162.072, 84176
162.087, 83960
162.092, 83960
162.096, 83960
162.098, 83744
162.101, 83744
162.103, 83744
162.105, 83744
162.107, 83744
162.11, 83744
162.112, 83744
162.115, 83744
162.12, 83744
162.128, 83744
162.131, 83744
162.136, 83744
162.137, 83744
162.14, 83744
162.142, 83528
162.148, 83528
162.15, 83744
162.152, 83744
162.153, 83744
162.154, 83744
162.156, 83744
162.157, 83744
162.158, 83744
162.159, 83744
162.161, 83744
162.162, 83744
162.164, 83744
162.165, 83744
162.166, 83744
162.168, 83744
162.175, 83528
162.189, 83312
162.192, 83528
162.195, 83528
162.197, 83528
162.198, 83528
162.2, 83528
162.203, 83312
162.214, 83312
162.219, 83528
162.227, 83528
162.229, 83528
162.232, 83528
162.233, 83528
162.238, 83528
162.247, 83528
162.25, 83528
162.254, 83744
162.255, 83744
162.26, 83744
162.262, 83744
162.269, 83744
162.279, 83528
162.29, 83528
162.292, 83528
162.293, 83528
162.298, 83528
162.3, 83528
162.307, 83528
162.31, 83528
162.312, 83528
162.315, 83528
162.319, 83528
162.321, 83528
162.323, 83528
162.324, 83528
162.326, 83528
162.336, 83312
162.341, 83312
162.349, 83312
162.35, 83312
162.352, 83312
162.356, 83312
162.361, 83312
162.363, 83312
162.365, 83312
162.376, 83528
162.378, 83528
162.379, 83528
162.38, 83312
162.382, 83312
162.383, 83312
162.384, 83312
162.385, 83312
162.387, 83312
162.388, 83312
162.39, 83528
162.391, 83528
162.392, 83528
162.393, 83528
162.395, 83528
162.396, 83528
162.397, 83528
162.398, 83312
162.4, 83312
162.401, 83312
162.402, 83312
162.404, 83312
162.405, 83312
162.406, 83528
162.409, 83528
162.41, 83528
162.411, 83528
162.413, 83528
162.414, 83528
162.421, 83744
162.422, 83744
162.424, 83960
162.425, 83960
162.426, 83960
162.428, 83960
162.429, 83960
162.431, 83960
162.432, 84176
162.433, 84176
162.435, 84176
162.438, 84176
162.439, 84176
162.44, 84176
162.442, 84176
162.443, 84176
162.449, 84392
162.451, 84392
162.452, 84392
162.454, 84392
162.455, 84392
162.456, 84392
162.458, 84392
162.459, 84392
162.461, 84392
162.462, 84392
162.466, 84392
162.468, 84392
162.469, 84392
162.471, 84392
162.472, 84392
162.473, 84392
162.475, 84608
162.477, 84608
162.478, 84608
162.479, 84608
162.481, 84608
162.482, 84608
162.483, 84608
162.485, 84608
162.486, 84608
162.487, 84608
162.488, 84608
162.489, 84608
162.49, 84608
162.491, 84608
162.492, 84608
162.494, 84608
162.495, 84608
162.497, 84608
162.499, 84608
162.5, 84392
162.502, 84392
162.504, 84392
162.505, 84392
162.506, 84392
162.508, 84392
162.509, 84608
162.51, 84608
162.514, 84608
162.515, 84608
162.517, 84608
162.518, 84608
162.52, 84608
162.521, 84608
162.523, 84608
162.526, 84608
162.527, 84608
162.538, 84608
162.541, 84608
162.552, 84824
162.553, 84824
162.555, 84824
162.556, 84824
162.561, 84824
162.563, 84824
162.564, 84824
162.566, 84824
162.567, 84824
162.569, 84824
162.57, 84824
162.572, 84824
162.573, 84824
162.575, 84824
162.576, 84824
162.577, 84824
162.578, 84824
162.58, 84824
162.581, 84824
162.582, 84824
162.584, 84824
162.585, 84824
162.586, 84824
162.587, 84824
162.589, 84824
162.59, 84824
162.591, 84824
162.592, 84824
162.594, 84824
162.595, 84824
162.596, 84824
162.597, 84824
162.599, 84824
162.6, 84824
162.602, 84824
162.604, 84824
162.605, 84824
162.607, 84824
162.608, 84824
162.609, 84824
162.611, 84824
162.612, 84824
162.613, 84824
162.614, 84824
162.615, 84824
162.617, 84824
162.618, 84824
162.62, 84608
162.621, 84608
162.622, 84608
162.624, 84608
162.625, 84608
162.627, 84608
162.628, 84608
162.629, 84608
162.631, 84608
162.632, 84608
162.633, 84608
162.635, 84608
162.636, 84608
162.637, 84608
162.638, 84608
162.64, 84608
162.641, 84608
162.642, 84608
162.643, 84608
162.645, 84608
162.646, 84824
162.648, 84824
162.649, 84824
162.651, 84824
162.652, 84824
162.654, 84824
162.655, 84824
162.656, 84824
162.658, 84824
162.659, 84824
162.66, 84824
162.662, 84824
162.663, 84608
162.665, 84608
162.666, 84608
162.668, 84608
162.669, 84608
162.67, 84608
162.672, 84608
162.673, 84608
162.674, 84608
162.675, 84608
162.677, 84608
162.678, 84608
162.68, 84608
162.681, 84608
162.682, 84608
162.684, 84608
162.685, 84608
162.686, 84608
162.688, 84608
162.689, 84608
162.691, 84608
162.692, 84608
162.693, 84608
162.695, 84608
162.696, 84392
162.698, 84392
162.699, 84392
162.7, 84392
162.702, 84392
162.703, 84392
162.704, 83960
162.706, 83960
162.707, 83960
162.708, 83960
162.709, 83960
162.711, 83960
162.712, 83960
162.713, 83744
162.714, 83744
162.716, 83744
162.718, 83744
162.719, 83744
162.721, 83744
162.722, 83744
162.723, 83744
162.725, 83744
162.726, 83744
162.728, 83744
162.729, 83744
162.73, 83960
162.732, 83960
162.733, 83960
162.734, 83960
162.736, 83960
162.737, 83960
162.739, 83960
162.74, 83960
162.741, 83960
162.743, 83960
162.744, 83960
162.746, 83960
162.747, 83528
162.748, 83528
162.75, 83528
162.751, 83528
162.753, 83528
162.754, 83528
162.755, 83528
162.757, 83960
162.758, 83960
162.759, 83960
162.76, 83960
162.761, 83960
162.762, 83960
162.764, 83960
162.765, 83744
162.766, 83744
162.767, 83744
162.768, 83744
162.769, 83744
162.77, 83744
162.772, 83744
162.773, 83528
162.774, 83528
162.775, 83528
162.776, 83528
162.777, 83528
162.779, 83528
162.78, 83528
162.781, 83528
162.782, 83528
162.783, 83528
162.784, 83528
162.786, 83528
162.787, 83528
162.788, 83528
162.79, 83960
162.791, 83960
162.792, 83960
162.794, 83960
162.795, 83960
162.796, 83960
162.797, 83960
162.798, 83960
162.799, 83960
162.8, 83960
162.802, 83960
162.803, 83960
162.805, 83960
162.806, 83960
162.807, 83960
162.809, 83960
162.81, 83960
162.811, 83960
162.813, 83960
162.814, 83960
162.815, 84392
162.817, 84392
162.818, 84392
162.819, 84392
162.82, 84392
162.821, 84392
162.822, 84392
162.823, 84392
162.825, 84392
162.826, 84392
162.827, 84392
162.828, 84392
162.829, 84392
162.83, 84392
162.832, 84392
162.833, 84176
162.835, 84176
162.836, 84176
162.837, 84176
162.839, 84176
162.84, 84176
162.841, 84176
162.842, 84392
162.843, 84392
162.844, 84392
162.845, 84392
162.847, 84392
162.848, 84392
162.85, 84176
162.851, 84176
162.852, 84176
162.854, 84176
162.855, 84176
162.856, 84176
162.858, 84176
162.859, 84608
162.86, 84608
162.862, 84608
162.863, 84608
162.864, 84608
162.865, 84608
162.866, 84608
162.868, 84824
162.869, 84824
162.87, 84824
162.871, 84824
162.872, 84824
162.873, 84824
162.875, 84824
162.876, 84392
162.877, 84392
162.879, 84392
162.88, 84392
162.881, 84392
162.882, 84392
162.883, 84392
162.884, 84392
162.886, 84392
162.887, 84392
162.888, 84392
162.889, 84392
162.89, 84392
162.891, 84392
162.892, 84176
162.894, 84176
162.895, 84176
162.896, 84176
162.897, 84176
162.898, 84176
162.899, 84176
162.9, 84176
162.902, 84176
162.903, 84176
162.904, 84176
162.905, 84176
162.906, 84176
162.907, 84176
162.908, 84176
162.909, 84176
162.911, 84176
162.912, 84176
162.913, 84176
162.914, 84176
162.915, 84176
162.916, 84176
162.918, 84176
162.919, 84176
162.92, 84176
162.921, 84176
162.922, 84176
162.924, 84176
162.925, 84176
162.926, 84176
162.927, 84176
162.928, 84176
162.929, 84176
162.93, 84176
162.932, 84176
162.933, 84176
162.934, 84176
162.935, 84176
162.936, 84176
162.937, 84176
162.938, 84176
162.94, 84176
162.941, 84176
162.942, 84176
162.943, 84176
162.944, 83960
162.945, 83960
162.946, 83960
162.948, 83960
162.949, 83960
162.95, 83960
162.951, 83960
162.952, 83960
162.953, 83960
162.954, 83960
162.956, 83960
162.957, 83960
162.958, 83960
162.959, 83960
162.96, 83960
162.961, 83960
162.962, 83960
162.963, 83960
162.965, 83960
162.966, 83960
162.967, 83960
162.968, 83960
162.969, 83960
162.97, 83960
162.972, 83960
162.973, 83960
162.974, 83960
162.975, 83960
162.976, 83960
162.977, 83960
162.978, 83960
162.98, 83960
162.981, 83960
162.982, 83960
162.983, 83960
162.984, 83960
162.985, 83960
162.987, 83960
162.988, 83960
162.989, 83960
162.99, 83960
162.991, 83960
162.992, 83960
162.994, 83960
162.995, 83960
162.996, 83960
162.997, 83960
162.998, 83960
162.999, 83960
163.001, 83960
163.002, 83960
163.003, 83960
163.004, 83960
163.005, 83960
163.007, 83960
163.008, 83960
163.009, 83960
163.01, 83960
163.011, 83960
163.013, 84176
163.014, 84176
163.015, 84176
163.016, 84176
163.017, 84176
163.018, 84176
163.02, 84176
163.021, 83960
163.023, 83960
163.024, 83960
163.025, 83960
163.026, 83960
163.028, 83960
163.029, 84392
163.03, 84392
163.034, 84392
163.035, 84392
163.037, 84392
163.038, 84392
163.039, 84392
163.041, 84392
163.042, 84392
163.043, 84392
163.044, 84392
163.046, 84392
163.047, 84392
163.048, 84392
163.05, 84392
163.053, 84392
163.054, 84392
163.056, 84392
163.057, 84392
163.059, 84392
163.06, 84392
163.061, 84392
163.062, 84392
163.064, 84392
163.065, 84392
163.066, 84392
163.067, 84392
163.068, 84392
163.07, 84392
163.071, 84392
163.072, 84608
163.073, 84608
163.074, 84608
163.075, 84608
163.077, 84608
163.078, 84608
163.079, 84608
163.08, 84608
163.081, 84608
163.082, 84608
163.084, 84608
163.085, 84608
163.086, 84608
163.087, 84608
163.088, 84608
163.089, 84392
163.09, 84392
163.092, 84392
163.093, 84392
163.094, 84392
163.095, 84392
163.096, 84392
163.097, 84392
163.099, 84392
163.1, 84392
163.101, 84392
163.102, 84392
163.103, 84392
163.105, 84392
163.106, 84392
163.107, 84392
163.108, 84392
163.11, 84392
163.111, 84392
163.112, 84392
163.113, 84392
163.114, 84392
163.116, 84392
163.117, 84392
163.118, 84392
163.119, 84392
163.12, 84392
163.121, 84392
163.123, 84392
163.124, 84392
163.125, 84392
163.126, 84392
163.13, 84392
163.138, 84176
163.139, 84176
163.141, 84392
163.145, 84392
163.146, 84392
163.148, 84392
163.149, 84392
163.15, 84392
163.152, 84392
163.153, 84392
163.154, 84392
163.156, 84392
163.157, 84392
163.158, 84392
163.159, 84392
163.16, 84392
163.162, 84392
163.163, 84392
163.164, 84392
163.165, 84392
163.166, 84176
163.167, 84176
163.169, 84176
163.17, 84176
163.171, 84176
163.172, 84176
163.173, 84176
163.174, 84176
163.176, 84176
163.177, 84176
163.178, 84176
163.179, 84176
163.18, 84176
163.181, 84176
163.183, 84176
163.184, 84176
163.185, 84176
163.186, 84176
163.187, 84176
163.188, 84176
163.19, 84176
163.191, 84176
163.192, 84176
163.193, 84176
163.194, 84176
163.195, 84176
163.197, 84176
163.198, 84176
163.199, 84176
163.2, 84176
163.201, 84176
163.202, 84176
163.204, 84176
163.205, 84176
163.206, 84176
163.207, 84176
163.21, 84392
163.212, 84392
163.213, 84392
163.214, 84392
163.216, 84392
163.217, 84392
163.218, 84392
163.219, 84392
163.221, 84392
163.222, 84392
163.223, 84392
163.224, 84392
163.226, 84608
163.227, 84608
163.228, 84608
163.229, 84608
163.231, 84608
163.232, 84608
163.233, 84608
163.234, 84392
163.235, 84392
163.237, 84392
163.238, 84392
163.239, 84392
163.24, 84392
163.241, 84392
163.242, 84392
163.243, 84392
163.245, 84392
163.246, 84392
163.247, 84392
163.248, 84392
163.249, 84392
163.25, 84392
163.252, 84176
163.253, 84176
163.254, 84176
163.255, 84176
163.256, 84176
163.257, 84176
163.259, 84176
163.26, 84176
163.261, 84176
163.262, 84176
163.263, 84176
163.264, 84176
163.266, 84176
163.267, 84176
163.268, 83960
163.269, 83960
163.27, 83960
163.271, 83960
163.273, 83960
163.274, 83960
163.275, 83960
163.276, 83960
163.277, 83960
163.278, 83960
163.28, 83960
163.281, 83960
163.282, 83960
163.283, 83960
163.284, 83960
163.288, 83960
163.29, 83960
163.293, 83960
163.294, 83960
163.296, 83960
163.297, 83960
163.298, 83960
163.3, 83960
163.301, 83960
163.302, 84176
163.303, 84176
163.305, 84176
163.306, 84176
163.307, 84176
163.308, 84176
163.309, 84176
163.31, 83960
163.312, 83960
163.313, 83960
163.314, 83960
163.315, 83960
163.316, 83960
163.317, 83960
163.318, 83960
163.32, 83960
163.321, 83960
163.322, 83960
163.323, 83960
163.324, 83960
163.325, 83960
163.326, 83960
163.328, 83960
163.329, 83960
163.33, 83960
163.331, 83960
163.332, 83960
163.333, 83960
163.334, 83960
163.335, 83960
163.337, 83744
163.338, 83744
163.339, 83744
163.34, 83744
163.341, 83744
163.342, 83744
163.343, 83744
163.345, 83744
163.346, 83744
163.347, 83744
163.348, 83744
163.349, 83744
163.35, 83744
163.351, 83744
163.353, 83744
163.354, 83744
163.355, 83744
163.356, 83744
163.357, 83744
163.358, 83744
163.359, 83744
163.361, 83744
163.362, 83744
163.363, 83744
163.364, 83744
163.365, 83744
163.366, 83744
163.367, 83744
163.369, 83744
163.37, 83744
163.371, 83744
163.372, 83744
163.373, 83744
163.374, 83744
163.376, 83744
163.377, 83744
163.378, 83744
163.379, 83744
163.38, 83744
163.382, 83744
163.383, 83744
163.384, 83744
163.385, 83744
163.387, 83744
163.388, 83960
163.389, 83960
163.39, 83960
163.391, 83960
163.392, 83960
163.393, 83960
163.395, 83960
163.396, 83744
163.397, 83744
163.398, 83744
163.399, 83744
163.4, 83744
163.401, 83744
163.403, 83744
163.404, 83744
163.405, 83960
163.406, 83960
163.408, 83960
163.409, 83960
163.411, 83960
163.412, 83960
163.414, 84176
163.415, 84176
163.417, 84176
163.418, 84176
163.42, 84176
163.421, 84176
163.422, 84176
163.423, 84176
163.425, 84176
163.426, 84176
163.427, 84176
163.429, 84176
163.43, 84176
163.431, 84176
163.432, 84176
163.434, 84176
163.435, 84176
163.436, 84176
163.437, 84176
163.439, 84392
163.44, 84392
163.441, 84392
163.443, 84392
163.444, 84392
163.445, 84392
163.446, 84392
163.448, 84392
163.449, 84392
163.45, 84392
163.454, 84392
163.455, 84392
163.458, 84176
163.459, 84176
163.461, 84176
163.462, 84176
163.464, 84176
163.465, 84392
163.467, 84392
163.468, 84392
163.469, 84392
163.471, 84392
163.472, 84392
163.473, 84392
163.475, 84392
163.476, 84392
163.477, 84392
163.479, 84392
163.482, 84392
163.483, 84392
163.484, 84392
163.486, 84392
163.487, 84392
163.488, 84392
163.502, 84392
163.504, 84392
163.506, 84392
163.508, 84392
163.51, 84392
163.511, 84392
163.513, 84392
163.514, 84392
163.515, 84608
163.517, 84608
163.518, 84608
163.519, 84608
163.521, 84608
163.523, 84608
163.525, 84608
163.527, 84608
163.529, 84608
163.531, 84608
163.533, 84608
163.535, 84608
163.536, 84608
163.538, 84608
163.54, 84608
163.541, 84608
163.543, 84608
163.545, 84608
163.547, 84608
163.549, 84392
163.552, 84392
163.554, 84392
163.556, 84392
163.558, 84392
163.56, 84392
163.562, 84392
163.564, 84392
163.565, 84392
163.566, 84392
163.567, 84392
163.569, 84392
163.57, 84392
163.571, 84392
163.572, 84392
163.573, 84392
163.575, 84392
163.576, 84392
163.577, 84392
163.578, 84392
163.579, 84392
163.58, 84392
163.582, 84392
163.583, 84392
163.584, 84392
163.585, 84392
163.586, 84392
163.588, 84392
163.589, 84392
163.59, 84392
163.592, 84176
163.593, 84176
163.595, 84176
163.596, 84176
163.598, 84176
163.599, 84176
163.601, 84176
163.602, 84176
163.603, 84176
163.604, 84176
163.606, 84176
163.607, 84176
163.608, 84176
163.609, 84176
163.611, 84176
163.612, 84176
163.613, 84176
163.614, 84176
163.616, 84176
163.617, 84176
163.618, 84176
163.62, 84176
163.621, 84176
163.622, 84176
163.624, 84176
163.625, 84176
163.626, 84176
163.627, 84176
163.629, 84176
163.63, 84176
163.632, 84176
163.633, 84176
163.634, 84176
163.636, 84176
163.637, 84176
163.638, 84176
163.64, 84176
163.641, 84176
163.642, 84176
163.644, 84176
163.646, 84176
163.648, 84176
163.649, 84176
163.65, 84176
163.651, 84176
163.653, 84392
163.654, 84392
163.656, 84392
163.657, 84392
163.659, 84392
163.66, 84392
163.661, 84392
163.663, 84392
163.665, 84392
163.666, 84392
163.668, 84392
163.669, 84392
163.671, 84392
163.673, 84392
163.675, 84392
163.676, 84392
163.677, 84392
163.679, 84392
163.68, 84392
163.682, 84392
163.684, 84392
163.686, 84392
163.687, 84392
163.689, 84392
163.691, 84392
163.692, 84392
163.694, 84392
163.695, 84392
163.697, 84392
163.699, 84392
163.7, 84392
163.702, 84392
163.703, 84392
163.705, 84392
163.706, 84392
163.708, 84392
163.709, 84392
163.71, 84392
163.712, 84608
163.713, 84608
163.714, 84608
163.716, 84608
163.718, 84608
163.719, 84608
163.72, 84608
163.722, 84608
163.723, 84608
163.724, 84608
163.725, 84608
163.727, 84608
163.728, 84608
163.729, 84392
163.731, 84392
163.732, 84392
163.734, 84392
163.736, 84392
163.737, 84392
163.739, 84392
163.74, 84392
163.741, 84392
163.743, 84392
163.745, 84392
163.746, 84608
163.748, 84608
163.749, 84608
163.751, 84608
163.752, 84608
163.753, 84608
163.755, 84608
163.756, 84608
163.757, 84608
163.758, 84608
163.76, 84608
163.761, 84608
163.762, 84608
163.764, 84392
163.765, 84392
163.766, 84392
163.768, 84392
163.769, 84392
163.771, 84176
163.773, 84176
163.775, 84176
163.777, 84176
163.778, 84176
163.779, 84176
163.781, 84176
163.782, 84176
163.783, 84176
163.784, 84176
163.786, 84176
163.787, 84176
163.788, 84176
163.79, 84176
163.791, 84176
163.792, 84176
163.793, 84176
163.795, 84176
163.796, 84176
163.797, 84176
163.799, 84176
163.8, 84176
163.801, 84176
163.802, 84176
163.804, 84176
163.805, 84176
163.807, 84176
163.808, 84176
163.809, 84176
163.811, 84176
163.812, 84176
163.813, 84176
163.814, 84176
163.816, 84176
163.817, 84176
163.821, 84176
163.829, 84176
163.83, 84176
163.832, 84392
163.833, 84392
163.834, 84392
163.836, 84392
163.837, 84392
163.838, 84392
163.839, 84392
163.84, 84392
163.841, 84392
163.843, 84392
163.844, 84392
163.845, 84392
163.846, 84392
163.847, 84392
163.849, 84176
163.85, 84176
163.851, 84176
163.852, 84176
163.853, 84176
163.854, 84176
163.855, 84176
163.857, 84176
163.858, 84176
163.859, 84176
163.86, 84176
163.861, 84176
163.862, 84176
163.863, 84176
163.865, 84176
163.866, 83960
163.867, 83960
163.868, 83960
163.869, 83960
163.87, 83960
163.872, 83960
163.873, 83960
163.874, 83960
163.875, 83960
163.876, 83960
163.877, 83960
163.878, 83960
163.88, 83960
163.881, 83960
163.882, 83960
163.883, 83744
163.884, 83744
163.885, 83744
163.887, 83744
163.888, 83744
163.889, 83744
163.89, 83744
163.891, 83744
163.892, 83744
163.894, 83744
163.895, 83744
163.896, 83744
163.897, 83744
163.898, 83744
163.899, 83744
163.9, 83744
163.902, 83744
163.903, 83744
163.904, 83744
163.905, 83744
163.906, 83744
163.907, 83744
163.909, 83744
163.91, 83744
163.911, 83744
163.912, 83744
163.913, 83744
163.914, 83744
163.916, 83744
163.917, 83744
163.918, 83744
163.919, 83744
163.92, 83744
163.921, 83744
163.922, 83744
163.924, 83744
163.925, 83744
163.926, 83744
163.927, 83744
163.928, 83744
163.929, 83744
163.93, 83744
163.932, 83744
163.933, 83744
163.934, 83960
163.935, 83960
163.936, 83960
163.937, 83960
163.939, 83960
163.94, 83960
163.941, 83960
163.942, 83960
163.943, 83960
163.944, 83960
163.946, 83960
163.947, 83960
163.948, 83960
163.949, 83960
163.951, 84176
163.952, 84176
163.953, 84176
163.954, 84176
163.955, 84176
163.957, 84176
163.958, 84176
163.959, 84176
163.96, 84176
163.961, 84176
163.962, 84176
163.964, 84176
163.965, 84176
163.966, 84176
163.968, 83960
163.969, 83960
163.97, 83960
163.971, 83960
163.972, 83960
163.973, 83960
163.975, 83960
163.976, 83960
163.977, 83960
163.978, 83960
163.98, 83960
163.981, 83960
163.982, 83960
163.983, 83960
163.985, 83960
163.986, 83960
163.987, 83960
163.989, 83960
163.99, 83960
163.991, 83960
163.992, 83960
163.994, 83960
163.995, 83960
163.996, 83960
163.997, 83960
163.999, 83960
164, 83960
164.001, 83960
164.002, 83744
164.003, 83744
164.004, 83744
164.006, 83744
164.007, 83744
164.008, 83744
164.009, 83744
164.011, 83744
164.012, 83744
164.013, 83744
164.014, 83744
164.016, 83744
164.017, 83744
164.018, 83744
164.02, 83528
164.021, 83528
164.022, 83528
164.023, 83528
164.025, 83528
164.026, 83528
164.027, 83528
164.028, 83528
164.03, 83528
164.031, 83528
164.032, 83528
164.033, 83528
164.034, 83528
164.036, 83528
164.037, 83528
164.038, 83528
164.039, 83528
164.041, 83528
164.042, 83528
164.043, 83528
164.045, 83528
164.046, 83528
164.047, 83528
164.049, 83528
164.05, 83528
164.051, 83528
164.052, 83528
164.054, 83528
164.055, 83528
164.056, 83528
164.057, 83528
164.059, 83528
164.06, 83528
164.061, 83528
164.062, 83528
164.064, 83528
164.065, 83528
164.066, 83528
164.067, 83528
164.068, 83528
164.069, 83528
164.071, 83744
164.072, 83744
164.073, 83744
164.074, 83744
164.075, 83744
164.076, 83744
164.078, 83744
164.079, 83744
164.08, 83744
164.081, 83744
164.082, 83744
164.083, 83744
164.084, 83744
164.086, 83744
164.087, 83744
164.088, 83744
164.089, 83744
164.09, 83744
164.091, 83744
164.092, 83744
164.094, 83744
164.095, 83744
164.096, 83744
164.097, 83744
164.098, 83744
164.099, 83744
164.1, 83744
164.102, 83744
164.103, 83744
164.104, 83744
164.105, 83744
164.106, 83744
164.107, 83744
164.109, 83744
164.11, 83744
164.111, 83744
164.112, 83744
164.113, 83744
164.114, 83744
164.115, 83744
164.117, 83744
164.118, 83744
164.119, 83744
164.12, 83744
164.121, 83744
164.122, 83744
164.123, 83744
164.125, 83744
164.126, 83744
164.127, 83744
164.128, 83744
164.129, 83744
164.13, 83960
164.131, 83960
164.133, 83960
164.134, 83960
164.146, 83960
164.148, 84176
164.149, 84176
164.15, 84176
164.151, 84176
164.153, 84176
164.154, 84176
164.155, 84392
164.156, 84392
164.158, 84392
164.159, 84392
164.16, 84392
164.161, 84392
164.163, 84392
164.164, 84392
164.166, 84392
164.167, 84392
164.169, 84392
164.171, 84392
164.172, 84608
164.174, 84608
164.175, 84608
164.177, 84608
164.179, 84608
164.18, 84608
164.181, 84824
164.182, 84824
164.184, 84824
164.185, 84824
164.186, 84824
164.188, 84824
164.189, 84824
164.19, 84824
164.191, 84824
164.192, 84824
164.194, 84824
164.195, 84824
164.196, 84824
164.198, 84824
164.199, 84608
164.2, 84608
164.201, 84608
164.203, 84608
164.204, 84608
164.205, 84608
164.206, 84608
164.208, 84608
164.209, 84608
164.21, 84608
164.211, 84608
164.213, 84608
164.214, 84608
164.215, 84608
164.217, 84608
164.218, 84608
164.219, 84608
164.22, 84608
164.222, 84608
164.223, 84608
164.224, 84608
164.225, 84608
164.227, 84608
164.228, 84608
164.229, 84608
164.231, 84608
164.232, 84608
164.233, 84392
164.235, 84392
164.236, 84392
164.237, 84392
164.239, 84392
164.24, 84392
164.241, 84392
164.243, 84392
164.244, 84392
164.245, 84392
164.246, 84392
164.248, 84392
164.249, 84392
164.25, 84392
164.252, 84392
164.253, 84392
164.254, 84392
164.256, 84392
164.257, 84392
164.258, 84392
164.259, 84392
164.261, 84392
164.262, 84392
164.263, 84392
164.264, 84392
164.266, 84392
164.267, 84392
164.268, 84392
164.269, 84392
164.271, 84392
164.272, 84392
164.273, 84392
164.274, 84392
164.276, 84392
164.277, 84392
164.278, 84392
164.279, 84392
164.28, 84392
164.282, 84392
164.283, 84392
164.284, 84392
164.286, 84392
164.287, 84392
164.288, 84392
164.289, 84392
164.29, 84392
164.291, 84392
164.293, 84176
164.294, 84176
164.295, 84176
164.296, 84176
164.297, 84176
164.298, 84176
164.299, 84176
164.301, 84176
164.302, 84176
164.303, 84176
164.304, 84176
164.305, 84176
164.306, 84176
164.307, 84176
164.309, 84176
164.31, 84176
164.311, 84176
164.312, 84176
164.313, 84176
164.314, 84176
164.315, 84176
164.317, 84176
164.318, 83960
164.319, 83960
164.32, 83960
164.321, 83960
164.322, 83960
164.323, 83960
164.325, 83960
164.326, 83960
164.327, 83960
164.328, 83960
164.329, 83960
164.33, 83960
164.331, 83960
164.333, 83960
164.334, 83960
164.335, 83960
164.336, 83960
164.337, 83960
164.339, 83960
164.34, 83960
164.341, 83960
164.342, 83960
164.343, 83744
164.344, 83744
164.346, 83744
164.347, 83744
164.348, 83744
164.349, 83744
164.35, 83744
164.351, 83960
164.353, 83960
164.354, 83960
164.355, 83960
164.356, 83960
164.357, 83960
164.358, 83960
164.359, 83960
164.361, 83960
164.362, 83960
164.363, 83960
164.364, 83960
164.365, 83960
164.366, 83960
164.367, 83960
164.369, 83960
164.37, 83960
164.371, 83960
164.372, 83960
164.374, 83960
164.375, 83960
164.376, 83960
164.378, 83960
164.379, 83960
164.38, 83960
164.381, 83960
164.382, 83960
164.383, 83960
164.384, 83960
164.386, 83960
164.387, 83960
164.388, 83960
164.389, 83960
164.39, 83960
164.391, 83960
164.392, 83960
164.394, 83960
164.395, 83960
164.396, 83960
164.397, 83960
164.398, 83960
164.399, 83960
164.4, 83960
164.402, 83960
164.403, 83960
164.404, 83960
164.405, 83960
164.406, 83960
164.407, 83960
164.408, 83960
164.41, 83960
164.411, 83960
164.412, 83960
164.413, 83960
164.414, 83960
164.415, 83960
164.417, 83960
164.418, 83960
164.419, 83960
164.42, 83960
164.421, 83960
164.422, 83960
164.423, 83960
164.425, 83960
164.426, 83960
164.427, 83960
164.428, 83960
164.429, 83960
164.43, 83960
164.431, 83960
164.433, 83960
164.434, 83960
164.435, 83960
164.436, 83960
164.437, 83960
164.438, 83960
164.439, 83960
164.441, 83960
164.442, 83960
164.443, 83960
164.444, 83960
164.445, 83960
164.446, 83960
164.447, 83960
164.449, 83960
164.45, 83960
164.451, 83960
164.452, 83960
164.453, 83960
164.454, 83960
164.455, 83960
164.457, 83960
164.458, 83960
164.459, 83960
164.46, 83960
164.461, 83960
164.462, 83960
164.463, 83960
164.465, 83960
164.466, 83960
164.467, 83960
164.468, 83960
164.469, 83960
164.47, 83960
164.471, 83960
164.473, 83960
164.474, 83960
164.475, 83960
164.476, 83960
164.477, 83960
164.478, 83960
164.479, 83960
164.481, 83960
164.482, 83960
164.483, 83960
164.484, 83960
164.485, 83960
164.486, 83960
164.487, 83960
164.489, 83960
164.49, 83960
164.491, 83960
164.492, 83960
164.493, 83960
164.494, 83960
164.496, 83960
164.497, 83960
164.498, 83960
164.499, 83960
164.502, 83960
164.504, 83960
164.505, 83744
164.507, 83744
164.508, 83744
164.509, 83744
164.51, 83744
164.514, 83744
164.516, 83744
164.517, 83744
164.519, 83744
164.52, 83744
164.521, 83744
164.523, 83744
164.524, 83744
164.525, 83744
164.527, 83744
164.528, 83744
164.529, 83744
164.531, 83528
164.534, 83528
164.536, 83528
164.537, 83528
164.538, 83528
164.539, 83528
164.54, 83528
164.542, 83528
164.543, 83528
164.544, 83528
164.545, 83528
164.546, 83528
164.547, 83528
164.548, 83312
164.55, 83312
164.551, 83312
164.552, 83312
164.553, 83312
164.554, 83312
164.555, 83312
164.556, 83312
164.557, 83312
164.559, 83312
164.56, 83312
164.561, 83312
164.562, 83312
164.563, 83312
164.564, 83312
164.565, 83312
164.567, 83312
164.568, 83312
164.569, 83312
164.57, 83312
164.571, 83312
164.572, 83312
164.574, 83312
164.575, 83312
164.576, 83312
164.577, 83312
164.578, 83312
164.579, 83312
164.58, 83312
164.582, 83312
164.583, 83312
164.584, 83312
164.585, 83312
164.586, 83312
164.587, 83312
164.588, 83312
164.59, 83312
164.591, 83312
164.592, 83312
164.593, 83312
164.594, 83312
164.595, 83312
164.596, 83312
164.598, 83312
164.599, 83312
164.6, 83312
164.601, 83312
164.602, 83312
164.603, 83312
164.604, 83312
164.606, 83312
164.607, 83312
164.608, 83312
164.609, 83312
164.61, 83312
164.611, 83312
164.612, 83312
164.614, 83312
164.615, 83312
164.616, 83312
164.617, 83096
164.618, 83096
164.619, 83096
164.62, 83096
164.622, 83096
164.623, 83096
164.624, 83096
164.625, 83096
164.626, 83096
164.627, 83096
164.628, 83096
164.629, 83096
164.631, 83096
164.632, 83096
164.633, 83312
164.634, 83312
164.636, 83312
164.637, 83312
164.638, 83312
164.639, 83312
164.64, 83312
164.641, 83312
164.642, 83312
164.643, 83312
164.645, 83312
164.646, 83312
164.647, 83312
164.648, 83312
164.649, 83312
164.65, 83312
164.651, 83312
164.653, 83312
164.654, 83312
164.655, 83312
164.656, 83312
164.657, 83312
164.658, 83312
164.66, 83312
164.661, 83312
164.662, 83312
164.663, 83312
164.664, 83312
164.665, 83312
164.666, 83312
164.668, 83312
164.669, 83312
164.67, 83312
164.671, 83312
164.672, 83312
164.673, 83312
164.674, 83312
164.676, 83312
164.677, 83312
164.678, 83312
164.694, 83744
164.696, 83744
164.697, 83744
164.698, 83744
164.699, 83744
164.7, 83744
164.702, 83744
164.703, 83744
164.704, 83744
164.705, 83744
164.706, 83744
164.708, 83744
164.709, 83744
164.71, 83960
164.711, 83960
164.713, 83960
164.714, 83960
164.715, 83960
164.716, 83960
164.718, 83960
164.719, 83960
164.72, 83960
164.721, 83960
164.722, 83960
164.723, 83960
164.725, 83960
164.726, 83960
164.727, 83960
164.729, 83960
164.73, 83960
164.731, 83960
164.732, 83960
164.734, 83960
164.735, 83960
164.736, 84176
164.738, 84176
164.739, 84176
164.74, 84176
164.741, 84176
164.743, 84176
164.744, 84392
164.745, 84392
164.747, 84392
164.748, 84392
164.749, 84392
164.75, 84392
164.751, 84392
164.752, 84392
164.753, 84392
164.755, 84392
164.756, 84392
164.757, 84392
164.758, 84392
164.759, 84392
164.76, 84392
164.761, 84176
164.763, 84176
164.764, 84176
164.765, 84176
164.766, 84176
164.767, 84176
164.768, 84176
164.769, 84176
164.771, 84176
164.772, 84176
164.773, 84176
164.775, 84176
164.776, 84176
164.778, 84176
164.779, 84176
164.78, 84176
164.781, 84176
164.782, 84176
164.784, 84176
164.785, 84176
164.786, 84176
164.787, 84392
164.788, 84392
164.789, 84392
164.79, 84392
164.792, 84392
164.793, 84392
164.794, 84392
164.795, 84608
164.796, 84608
164.797, 84608
164.799, 84608
164.8, 84608
164.801, 84608
164.802, 84608
164.803, 84608
164.805, 84608
164.806, 84608
164.807, 84608
164.808, 84608
164.809, 84608
164.81, 84608
164.812, 84608
164.813, 85040
164.814, 85040
164.815, 85040
164.816, 85040
164.818, 85040
164.819, 85040
164.82, 85040
164.821, 85040
164.822, 85040
164.824, 85040
164.825, 85040
164.826, 85040
164.827, 85040
164.828, 85040
164.83, 85040
164.831, 85040
164.832, 85040
164.833, 85040
164.835, 85040
164.836, 85040
164.837, 85040
164.838, 85040
164.839, 85040
164.841, 85040
164.842, 85040
164.843, 85040
164.844, 85040
164.845, 85040
164.846, 85040
164.848, 85040
164.849, 85040
164.85, 85040
164.851, 85040
164.853, 85040
164.854, 85040
164.856, 85040
164.857, 85040
164.858, 85040
164.86, 85040
164.861, 85040
164.862, 85040
164.863, 85040
164.864, 84824
164.865, 84824
164.867, 84824
164.868, 84824
164.869, 84824
164.87, 84824
164.871, 84824
164.873, 84608
164.874, 84608
164.875, 84608
164.876, 84608
164.878, 84608
164.879, 84608
164.88, 84608
164.881, 84608
164.882, 84608
164.884, 84608
164.885, 84608
164.886, 84608
164.887, 84608
164.888, 84608
164.89, 84608
164.891, 84608
164.892, 84608
164.894, 84608
164.895, 84608
164.896, 84608
164.898, 84608
164.899, 84608
164.9, 84608
164.901, 84608
164.902, 84608
164.903, 84608
164.905, 84608
164.906, 84608
164.907, 84608
164.908, 84608
164.91, 84608
164.911, 84608
164.912, 84608
164.913, 84608
164.914, 84608
164.915, 84608
164.917, 84608
164.918, 84608
164.919, 84608
164.92, 84608
164.921, 84608
164.923, 84608
164.924, 84608
164.925, 84608
164.926, 84608
164.928, 84608
164.929, 84608
164.93, 84608
164.931, 84608
164.932, 84824
164.934, 84824
164.935, 84824
164.936, 84824
164.937, 84824
164.938, 84824
164.939, 84824
164.941, 84824
164.942, 84824
164.943, 84824
164.944, 84824
164.946, 84824
164.947, 84824
164.948, 84824
164.949, 84608
164.95, 84608
164.951, 84608
164.952, 84608
164.954, 84608
164.955, 84608
164.956, 84608
164.957, 84608
164.958, 84824
164.96, 84824
164.961, 84824
164.962, 84824
164.963, 84824
164.965, 84824
164.966, 84608
164.967, 84608
164.968, 84608
164.969, 84608
164.97, 84608
164.972, 84608
164.973, 84608
164.974, 84608
164.975, 84824
164.977, 84824
164.978, 84824
164.979, 84824
164.98, 84824
164.981, 84824
164.982, 84824
164.984, 84824
164.985, 84824
164.986, 84824
164.987, 84824
164.988, 84824
164.99, 84824
164.991, 84824
164.992, 84608
164.994, 84608
164.995, 84608
164.996, 84608
164.997, 84608
164.998, 84608
165, 84608
165.001, 84608
165.002, 84608
165.003, 84608
165.005, 84608
165.006, 84608
165.007, 84608
165.008, 84608
165.01, 84608
165.011, 84608
165.012, 84608
165.013, 84608
165.014, 84608
165.015, 84608
165.016, 84608
165.018, 84608
165.019, 84608
165.02, 84608
165.022, 84608
165.023, 84608
165.024, 84608
165.026, 84608
165.027, 84608
165.028, 84608
165.029, 84608
165.03, 84608
165.032, 84608
165.033, 84608
165.034, 84608
165.036, 84608
165.037, 84608
165.038, 84608
165.04, 84608
165.041, 84608
165.042, 84608
165.044, 84608
165.045, 84608
165.046, 84608
165.048, 84608
165.049, 84608
165.05, 84608
165.052, 84608
165.053, 84608
165.054, 84608
165.056, 84608
165.057, 84608
165.059, 84608
165.06, 84608
165.061, 84608
165.063, 84608
165.064, 84608
165.065, 84608
165.066, 84608
165.067, 84608
165.069, 84608
165.07, 84608
165.071, 84608
165.072, 84608
165.074, 84608
165.075, 84608
165.076, 84608
165.077, 84608
165.079, 84608
165.08, 84608
165.082, 84608
165.083, 84608
165.084, 84608
165.086, 84392
165.087, 84392
165.088, 84392
165.089, 84392
165.091, 84392
165.092, 84392
165.093, 84392
165.095, 84392
165.096, 84392
165.097, 84392
165.099, 84392
165.1, 84392
165.101, 84392
165.103, 84608
165.104, 84608
165.105, 84608
165.106, 84608
165.108, 84608
165.109, 84608
165.11, 84608
165.111, 84608
165.113, 84608
165.114, 84608
165.115, 84608
165.116, 84608
165.118, 84608
165.119, 84608
165.121, 84608
165.122, 84608
165.124, 84608
165.125, 84608
165.126, 84608
165.127, 84608
165.129, 84608
165.13, 84608
165.132, 84608
165.133, 84608
165.134, 84608
165.136, 84608
165.137, 84608
165.139, 84608
165.14, 84608
165.141, 84608
165.142, 84608
165.144, 84608
165.145, 84608
165.146, 84608
165.148, 84608
165.149, 84608
165.15, 84608
165.151, 84608
165.153, 84608
165.154, 84608
165.156, 84608
165.157, 84608
165.158, 84608
165.16, 84608
165.161, 84608
165.162, 84824
165.164, 84824
165.165, 84824
165.167, 84824
165.168, 84824
165.17, 84824
165.171, 84608
165.173, 84608
165.174, 84608
165.176, 84608
165.177, 84608
165.179, 84608
165.18, 84608
165.182, 84608
165.183, 84608
165.184, 84608
165.186, 84608
165.187, 84608
165.189, 84608
165.19, 84608
165.191, 84608
165.192, 84608
165.194, 84608
165.195, 84608
165.196, 84608
165.2, 84608
165.201, 84608
165.203, 84608
165.204, 84608
165.205, 84608
165.207, 84608
165.208, 84608
165.21, 84608
165.211, 84608
165.212, 84608
165.214, 84176
165.222, 84176
165.224, 84176
165.225, 84176
165.228, 84176
165.231, 84176
165.236, 84176
165.238, 84176
165.239, 84176
165.24, 84608
165.241, 84608
165.242, 84608
165.243, 84608
165.244, 84608
165.246, 84608
165.247, 84608
165.248, 84392
165.25, 84392
165.255, 84392
165.258, 84608
165.259, 84608
165.26, 84608
165.261, 84608
165.262, 84608
165.263, 84608
165.265, 84608
165.266, 84608
165.267, 84608
165.268, 84608
165.269, 84608
165.27, 84608
165.271, 84608
165.273, 84608
165.274, 84392
165.275, 84392
165.276, 84392
165.277, 84392
165.278, 84392
165.279, 84392
165.281, 84392
165.282, 84392
165.283, 84392
165.284, 84392
165.285, 84392
165.29, 84392
165.292, 84392
165.293, 84392
165.294, 84392
165.295, 84392
165.296, 84392
165.297, 84392
165.298, 84392
165.3, 84608
165.301, 84608
165.302, 84608
165.303, 84608
165.304, 84608
165.306, 84608
165.307, 84608
165.308, 84608
165.31, 84608
165.311, 84608
165.313, 84608
165.314, 84608
165.315, 84608
165.317, 85040
165.318, 85040
165.319, 85040
165.321, 85040
165.322, 85040
165.323, 85040
165.324, 85040
165.325, 85040
165.326, 85040
165.327, 85040
165.329, 85040
165.33, 85040
165.331, 85040
165.332, 85040
165.333, 85256
165.335, 85256
165.336, 85256
165.337, 85256
165.339, 85256
165.34, 85256
165.341, 85256
165.342, 85040
165.344, 85040
165.345, 85040
165.346, 85040
165.347, 85040
165.348, 85040
165.349, 85040
165.35, 85256
165.352, 85256
165.353, 85256
165.354, 85256
165.356, 85256
165.357, 85256
165.359, 85040
165.36, 85040
165.361, 85040
165.363, 85040
165.364, 85040
165.365, 85040
165.367, 85040
165.368, 84824
165.369, 84824
165.37, 84824
165.371, 84824
165.372, 84824
165.374, 84824
165.375, 84824
165.376, 84608
165.377, 84608
165.378, 84608
165.379, 84608
165.38, 84608
165.382, 84608
165.383, 84608
165.384, 84392
165.386, 84392
165.387, 84392
165.389, 84392
165.39, 84392
165.391, 84392
165.392, 84392
165.394, 84608
165.395, 84608
165.396, 84608
165.397, 84608
165.398, 84608
165.399, 84608
165.401, 84608
165.402, 84824
165.403, 84824
165.404, 84824
165.405, 84824
165.407, 84824
165.408, 84824
165.409, 84824
165.41, 84824
165.412, 84824
165.413, 84824
165.414, 84824
165.416, 84824
165.417, 84824
165.418, 84824
165.419, 84824
165.421, 84824
165.422, 84824
165.423, 84824
165.425, 84824
165.426, 84824
165.427, 84824
165.429, 84824
165.43, 84824
165.432, 84824
165.433, 84824
165.434, 84824
165.435, 84824
165.437, 84824
165.438, 84824
165.439, 84824
165.44, 84824
165.442, 84824
165.443, 84824
165.445, 84824
165.446, 84824
165.448, 84824
165.449, 84824
165.451, 84824
165.452, 84824
165.454, 84824
165.455, 84824
165.456, 84824
165.458, 84824
165.459, 84824
165.461, 84824
165.462, 84824
165.463, 84824
165.464, 84824
165.465, 84824
165.467, 84824
165.468, 84824
165.469, 84824
165.47, 84608
165.472, 84608
165.473, 84608
165.474, 84608
165.475, 84608
165.477, 84608
165.478, 84824
165.479, 84824
165.48, 84824
165.481, 84824
165.483, 84824
165.484, 84824
165.485, 84824
165.486, 84608
165.488, 84608
165.489, 84608
165.49, 84608
165.492, 84608
165.493, 84608
165.494, 84608
165.496, 84608
165.497, 84608
165.498, 84608
165.5, 84608
165.501, 84608
165.502, 84608
165.503, 84608
165.504, 84608
165.505, 84608
165.507, 84608
165.508, 84608
165.509, 84608
165.51, 84608
165.512, 84608
165.513, 84392
165.514, 84392
165.516, 84392
165.517, 84392
165.518, 84392
165.519, 84392
165.52, 84608
165.522, 84608
165.523, 84608
165.524, 84608
165.525, 84608
165.527, 84608
165.528, 84608
165.529, 84608
165.53, 84608
165.531, 84608
165.533, 84608
165.534, 84608
165.535, 84608
165.536, 84608
165.538, 84392
165.539, 84392
165.541, 84392
165.542, 84392
165.543, 84392
165.544, 84392
165.545, 84392
165.546, 84608
165.548, 84608
165.549, 84608
165.55, 84608
165.551, 84608
165.553, 84608
165.554, 84608
165.555, 84392
165.556, 84392
165.557, 84392
165.558, 84392
165.56, 84392
165.561, 84392
165.562, 84392
165.563, 84392
165.564, 84608
165.565, 84608
165.566, 84608
165.568, 84608
165.569, 84608
165.57, 84608
165.572, 84608
165.573, 84608
165.574, 84608
165.575, 84608
165.576, 84608
165.578, 84608
165.579, 84608
165.58, 84608
165.581, 84608
165.582, 84608
165.584, 84608
165.585, 84608
165.586, 84608
165.587, 84608
165.589, 84608
165.59, 84608
165.591, 84608
165.592, 84608
165.593, 84608
165.596, 84608
165.598, 84608
165.599, 84608
165.6, 84608
165.601, 84608
165.603, 84608
165.604, 84608
165.605, 84608
165.606, 84392
165.612, 84392
165.614, 84392
165.615, 84392
165.617, 84392
165.618, 84392
165.619, 84392
165.621, 84392
165.622, 84392
165.623, 84392
165.625, 84392
165.626, 84392
165.628, 84392
165.629, 84392
165.63, 84392
165.632, 84176
165.633, 84176
165.635, 84176
165.636, 84176
165.637, 84176
165.639, 84176
165.64, 84176
165.641, 84392
165.642, 84392
165.643, 84392
165.645, 84392
165.646, 84392
165.647, 84392
165.649, 84392
165.65, 84392
165.651, 84392
165.652, 84392
165.653, 84392
165.655, 84392
165.656, 84392
165.657, 84392
165.658, 84392
165.66, 84392
165.661, 84392
165.663, 84392
165.664, 84392
165.665, 84392
165.667, 84392
165.668, 84392
165.669, 84392
165.67, 84392
165.672, 84392
165.673, 84392
165.675, 84608
165.676, 84608
165.678, 84608
165.679, 84608
165.68, 84608
165.682, 84608
165.683, 84608
165.684, 84608
165.686, 84608
165.687, 84608
165.688, 84608
165.69, 84608
165.691, 84608
165.693, 84608
165.694, 84608
165.696, 84608
165.698, 84608
165.699, 84608
165.7, 84608
165.702, 84608
165.703, 84608
165.705, 84608
165.706, 84608
165.708, 84608
165.709, 84608
165.711, 84608
165.713, 84608
165.714, 84608
165.716, 84608
165.717, 84608
165.719, 84608
165.72, 84608
165.721, 84608
165.723, 84608
165.724, 84608
165.725, 84608
165.726, 84608
165.728, 84608
165.729, 84608
165.731, 84608
165.732, 84608
165.734, 84608
165.735, 84608
165.737, 84608
165.738, 84608
165.74, 84608
165.745, 84608
165.746, 84608
165.748, 84608
165.749, 84608
165.75, 84608
165.752, 84608
165.753, 84608
165.76, 84608
165.762, 84608
165.763, 84608
165.765, 84608
165.766, 84608
165.768, 84608
165.769, 84608
165.77, 84608
165.772, 84608
165.773, 84608
165.774, 84608
165.775, 84608
165.78, 84608
165.781, 84608
165.783, 84608
165.784, 84608
165.785, 84608
165.787, 84608
165.788, 84608
165.79, 84608
165.791, 84608
165.793, 84608
165.794, 84608
165.795, 84608
165.796, 84608
165.797, 84608
165.798, 84608
165.8, 84608
165.801, 84608
165.802, 84608
165.803, 84608
165.804, 84608
165.805, 84608
165.806, 84608
165.807, 84608
165.809, 84608
165.81, 84608
165.811, 84608
165.812, 84608
165.813, 84608
165.814, 84608
165.815, 84608
165.816, 84608
165.818, 84608
165.819, 84608
165.82, 84608
165.821, 84608
165.822, 84608
165.823, 84608
165.824, 84608
165.825, 84608
165.826, 84608
165.828, 84608
165.829, 84824
165.83, 84824
165.831, 84824
165.832, 84824
165.833, 84824
165.834, 84824
165.835, 84824
165.837, 84608
165.838, 84608
165.839, 84608
165.84, 84608
165.841, 84608
165.842, 84608
165.843, 84608
165.844, 84608
165.845, 84608
165.847, 84608
165.848, 84608
165.849, 84608
165.85, 84608
165.851, 84608
165.852, 84608
165.853, 84608
165.855, 84608
165.856, 84608
165.857, 84608
165.858, 84608
165.859, 84608
165.86, 84608
165.861, 84608
165.863, 84608
165.864, 84608
165.865, 84608
165.866, 84608
165.867, 84608
165.868, 84608
165.869, 84608
165.87, 83960
165.872, 83960
165.873, 83960
165.874, 83960
165.875, 83960
165.876, 83960
165.877, 83960
165.878, 83960
165.879, 83744
165.881, 83744
165.882, 83744
165.883, 83744
165.884, 83744
165.885, 83744
165.886, 83744
165.887, 83744
165.888, 84176
165.89, 84176
165.891, 84176
165.892, 84176
165.893, 84176
165.894, 84176
165.895, 84176
165.896, 83744
165.897, 83744
165.899, 83744
165.9, 83744
165.901, 83744
165.902, 83744
165.903, 83744
165.904, 83744
165.905, 83528
165.906, 83528
165.908, 83528
165.909, 83528
165.911, 83528
165.912, 83528
165.914, 83528
165.915, 83528
165.916, 83528
165.918, 83528
165.926, 83744
165.927, 83744
165.928, 83744
165.93, 83744
165.931, 83744
165.932, 83744
165.934, 83744
165.935, 83744
165.937, 83744
165.938, 84176
165.94, 84176
165.941, 84176
165.942, 84176
165.944, 84176
165.945, 84176
165.946, 84176
165.948, 84176
165.949, 84176
165.95, 84176
165.951, 84176
165.952, 84176
165.954, 84176
165.955, 84176
165.956, 83960
165.957, 83960
165.958, 83960
165.96, 83960
165.961, 83960
165.962, 83960
165.964, 83960
165.965, 83960
165.966, 83960
165.968, 83960
165.969, 83960
165.97, 83960
165.971, 83960
165.973, 83960
165.974, 83960
165.975, 83960
165.976, 83960
165.977, 83960
165.979, 83960
165.98, 83960
165.982, 83960
165.983, 83960
165.985, 83960
165.986, 83960
165.988, 83960
165.989, 83960
165.99, 84176
165.991, 84176
165.993, 84176
165.994, 84176
165.995, 84176
165.996, 84176
165.998, 84176
165.999, 84176
166, 84176
166.001, 84176
166.002, 84176
166.003, 84176
166.005, 84176
166.006, 84176
166.007, 84176
166.008, 83960
166.009, 83960
166.011, 83960
166.012, 83960
166.013, 83960
166.015, 83960
166.016, 84176
166.017, 84176
166.019, 84176
166.02, 84176
166.021, 84176
166.022, 84176
166.024, 84176
166.025, 84392
166.026, 84392
166.027, 84392
166.029, 84392
166.03, 84392
166.031, 84392
166.033, 84608
166.034, 84608
166.035, 84608
166.036, 84608
166.038, 84608
166.039, 84608
166.04, 84608
166.041, 84608
166.043, 84608
166.044, 84608
166.045, 84608
166.047, 84608
166.048, 84608
166.049, 84608
166.051, 84824
166.052, 84824
166.053, 84824
166.054, 84824
166.056, 84824
166.057, 84824
166.058, 84824
166.059, 84824
166.061, 84824
166.062, 84824
166.063, 84824
166.065, 84824
166.066, 84824
166.067, 84824
166.068, 84824
166.07, 84824
166.071, 84824
166.072, 84824
166.073, 84824
166.074, 84824
166.076, 84824
166.077, 84824
166.078, 84824
166.08, 84824
166.081, 84824
166.082, 84824
166.084, 84608
166.085, 84608
166.086, 84608
166.088, 84608
166.089, 84608
166.09, 84608
166.091, 84608
166.093, 84608
166.094, 84608
166.095, 84608
166.096, 84608
166.098, 84608
166.099, 84608
166.1, 84608
166.101, 84824
166.103, 84824
166.104, 84824
166.105, 84824
166.106, 84824
166.107, 84824
166.108, 84824
166.11, 84824
166.111, 84824
166.112, 84824
166.114, 84824
166.115, 84824
166.116, 84824
166.118, 84824
166.119, 84608
166.12, 84608
166.122, 84608
166.123, 84608
166.125, 84608
166.126, 84608
166.127, 84392
166.129, 84392
166.13, 84392
166.132, 84392
166.133, 84392
166.134, 84392
166.135, 84392
166.137, 84392
166.138, 84392
166.139, 84392
166.141, 84392
166.142, 84392
166.143, 84392
166.144, 84392
166.146, 84392
166.147, 84392
166.148, 84392
166.149, 84392
166.15, 84392
166.152, 84392
166.153, 84392
166.154, 84392
166.155, 84392
166.156, 84392
166.158, 84392
166.159, 84392
166.16, 84392
166.161, 84392
166.163, 84392
166.164, 84392
166.165, 84392
166.166, 84392
166.168, 84392
166.169, 84392
166.17, 84392
166.172, 84392
166.173, 84392
166.174, 84392
166.176, 84392
166.177, 84392
166.178, 84608
166.179, 84608
166.18, 84608
166.181, 84608
166.183, 84608
166.184, 84608
166.185, 84608
166.186, 84608
166.187, 84608
166.188, 84608
166.19, 84608
166.191, 84608
166.192, 84608
166.193, 84608
166.195, 84608
166.196, 84608
166.198, 84608
166.199, 84608
166.2, 84608
166.201, 84608
166.202, 84608
166.204, 84392
166.205, 84392
166.206, 84392
166.207, 84392
166.208, 84392
166.21, 84392
166.211, 84392
166.212, 84392
166.213, 84392
166.215, 84392
166.216, 84392
166.217, 84392
166.218, 84392
166.219, 84392
166.221, 84392
166.222, 84392
166.223, 84392
166.224, 84392
166.225, 84392
166.227, 84392
166.228, 84392
166.23, 84392
166.231, 84392
166.232, 84392
166.233, 84392
166.234, 84392
166.235, 84392
166.237, 84392
166.238, 84392
166.239, 84392
166.241, 84392
166.242, 84392
166.243, 84392
166.244, 84392
166.246, 84392
166.247, 84392
166.248, 84392
166.249, 84392
166.25, 84392
166.252, 84392
166.253, 84392
166.254, 84392
166.256, 84392
166.257, 84392
166.258, 84392
166.26, 84392
166.261, 84392
166.262, 84392
166.264, 84392
166.265, 84392
166.266, 84392
166.268, 84392
166.269, 84392
166.27, 84392
166.271, 84392
166.272, 84392
166.274, 84392
166.275, 84392
166.276, 84392
166.277, 84392
166.278, 84392
166.279, 84392
166.281, 84608
166.282, 84608
166.283, 84608
166.285, 84608
166.286, 84608
166.288, 84608
166.289, 84392
166.29, 84392
166.292, 84392
166.293, 84392
166.294, 84392
166.296, 84392
166.297, 84392
166.298, 84608
166.299, 84608
166.3, 84608
166.302, 84608
166.303, 84608
166.304, 84608
166.305, 84608
166.306, 84392
166.307, 84392
166.309, 84392
166.31, 84392
166.311, 84392
166.312, 84392
166.313, 84392
166.314, 84608
166.315, 84608
166.317, 84608
166.318, 84608
166.319, 84608
166.32, 84608
166.322, 84608
166.323, 84392
166.324, 84392
166.325, 84392
166.326, 84392
166.327, 84392
166.329, 84392
166.33, 84392
166.331, 84392
166.333, 84392
166.334, 84392
166.336, 84392
166.337, 84392
166.338, 84392
166.339, 84392
166.341, 84608
166.342, 84608
166.343, 84608
166.345, 84608
166.346, 84608
166.347, 84608
166.349, 84608
166.35, 84608
166.352, 84608
166.353, 84608
166.354, 84608
166.356, 84608
166.357, 84608
166.359, 84608
166.36, 84608
166.361, 84608
166.363, 84608
166.364, 84608
166.365, 84608
166.367, 84608
166.368, 84608
166.369, 84608
166.371, 84608
166.372, 84608
166.373, 84608
166.375, 84392
166.376, 84392
166.377, 84392
166.379, 84392
166.38, 84392
166.381, 84392
166.382, 84392
166.384, 84392
166.385, 84392
166.386, 84392
166.388, 84392
166.389, 84392
166.39, 84392
166.392, 84608
166.393, 84608
166.394, 84608
166.396, 84608
166.397, 84608
166.398, 84608
166.4, 84608
166.401, 84608
166.402, 84608
166.404, 84608
166.405, 84608
166.406, 84608
166.407, 84608
166.409, 84608
166.41, 84608
166.411, 84608
166.412, 84608
166.413, 84608
166.415, 84608
166.417, 84608
166.418, 84608
166.419, 84608
166.421, 84608
166.422, 84608
166.423, 84608
166.425, 84608
166.426, 84608
166.427, 84608
166.429, 84608
166.43, 84608
166.431, 84608
166.433, 84608
166.434, 84608
166.435, 84608
166.437, 84608
166.438, 84608
166.439, 84608
166.441, 84608
166.442, 84608
166.443, 84608
166.445, 84608
166.446, 84608
166.447, 84608
166.448, 84608
166.449, 84608
166.45, 84608
166.452, 84176
166.453, 84176
166.454, 84176
166.455, 84176
166.457, 84176
166.458, 84176
166.459, 83960
166.46, 83960
166.461, 83960
166.463, 83960
166.464, 83960
166.465, 83960
166.466, 83960
166.468, 83960
166.469, 83960
166.47, 83960
166.472, 83960
166.473, 83960
166.475, 83960
166.476, 84176
166.478, 84176
166.479, 84176
166.48, 84176
166.481, 84176
166.483, 84176
166.484, 84176
166.485, 84176
166.486, 84176
166.487, 84176
166.489, 84176
166.49, 84176
166.491, 84176
166.492, 84176
166.493, 84176
166.494, 83960
166.495, 83960
166.497, 83960
166.498, 83960
166.499, 83960
166.5, 83960
166.502, 83744
166.503, 83744
166.505, 83744
166.506, 83744
166.507, 83744
166.509, 83744
166.51, 83744
166.511, 84176
166.512, 84176
166.514, 84176
166.515, 84176
166.516, 84176
166.517, 84176
166.518, 84176
166.519, 83744
166.521, 83744
166.522, 83744
166.523, 83744
166.524, 83744
166.525, 83744
166.526, 83744
166.527, 83528
166.529, 83528
166.53, 83528
166.531, 83528
166.532, 83528
166.533, 83528
166.534, 83528
166.536, 83528
166.537, 83312
166.538, 83312
166.539, 83312
166.541, 83312
166.542, 83312
166.543, 83312
166.544, 83312
166.545, 83528
166.546, 83528
166.548, 83528
166.549, 83528
166.55, 83528
166.551, 83528
166.552, 83528
166.554, 83528
166.555, 83528
166.556, 83528
166.558, 83528
166.559, 83528
166.56, 83528
166.562, 83960
166.563, 83960
166.564, 83960
166.565, 83960
166.567, 83960
166.568, 83960
166.569, 83960
166.57, 84176
166.571, 84176
166.573, 84176
166.574, 84176
166.575, 84176
166.576, 84176
166.577, 84176
166.578, 84176
166.58, 84176
166.581, 84176
166.582, 84176
166.583, 84176
166.584, 84176
166.586, 84176
166.587, 84176
166.588, 83960
166.589, 83960
166.59, 83960
166.591, 83960
166.592, 83960
166.594, 83960
166.595, 83960
166.596, 83528
166.598, 83528
166.599, 83528
166.601, 83528
166.602, 83528
166.603, 83528
166.605, 83744
166.606, 83744
166.607, 83744
166.609, 83744
166.61, 83744
166.611, 83744
166.612, 83744
166.613, 83960
166.615, 83960
166.616, 83960
166.617, 83960
166.618, 83960
166.619, 83960
166.62, 83960
166.621, 83528
166.623, 83528
166.624, 83528
166.625, 83528
166.626, 83528
166.628, 83528
166.629, 83528
166.63, 83528
166.632, 83528
166.633, 83528
166.634, 83528
166.635, 83528
166.637, 83528
166.638, 83528
166.639, 83960
166.64, 83960
166.641, 83960
166.642, 83960
166.644, 83960
166.645, 83960
166.646, 83960
166.647, 83960
166.648, 83960
166.649, 83960
166.651, 83960
166.652, 83960
166.653, 83960
166.654, 83960
166.655, 83960
166.657, 83960
166.658, 83960
166.659, 83960
166.66, 83960
166.661, 83960
166.662, 83960
166.663, 83960
166.665, 83528
166.666, 83528
166.667, 83528
166.668, 83528
166.669, 83528
166.671, 83528
166.672, 83528
166.673, 83528
166.674, 83528
166.675, 83528
166.677, 83528
166.678, 83528
166.679, 83528
166.68, 83528
166.681, 83960
166.683, 83960
166.684, 83960
166.685, 83960
166.686, 83960
166.688, 83960
166.689, 83960
166.69, 83960
166.691, 83960
166.692, 83960
166.693, 83960
166.695, 83960
166.696, 83960
166.697, 83960
166.698, 83960
166.7, 83960
166.701, 83960
166.702, 83960
166.703, 83960
166.704, 83960
166.705, 83960
166.707, 83960
166.708, 84176
166.709, 84176
166.71, 84176
166.712, 84176
166.713, 84176
166.714, 84176
166.716, 83960
166.717, 83960
166.718, 83960
166.719, 83960
166.721, 83960
166.722, 83960
166.723, 83960
166.724, 84176
166.725, 84176
166.726, 84176
166.728, 84176
166.729, 84176
166.73, 84176
166.731, 84176
166.732, 84176
166.734, 84176
166.735, 84176
166.736, 84176
166.737, 84176
166.739, 84176
166.74, 84176
166.741, 84176
166.742, 84176
166.743, 84176
166.745, 84176
166.746, 84176
166.747, 84176
166.749, 84176
166.75, 84176
166.751, 84176
166.752, 84176
166.753, 84176
166.755, 84176
166.756, 84176
166.757, 84176
166.758, 84176
166.76, 84176
166.761, 84176
166.762, 84176
166.763, 84176
166.764, 84176
166.766, 84176
166.767, 84176
166.768, 84176
166.769, 84176
166.77, 84176
166.772, 84176
166.773, 84176
166.774, 84176
166.775, 84392
166.776, 84392
166.778, 84392
166.779, 84392
166.78, 84392
166.782, 84392
166.783, 84392
166.784, 84392
166.785, 84392
166.786, 84392
166.788, 84392
166.789, 84392
166.79, 84392
166.791, 84392
166.792, 84176
166.794, 84176
166.795, 84176
166.796, 84176
166.797, 84176
166.798, 84176
166.8, 84176
166.801, 84176
166.802, 84176
166.803, 84176
166.804, 84176
166.805, 84176
166.807, 84176
166.808, 84176
166.809, 84176
166.81, 84176
166.811, 84176
166.813, 84176
166.814, 84176
166.815, 84176
166.817, 84176
166.818, 84176
166.819, 84176
166.82, 84176
166.821, 84176
166.822, 84176
166.824, 84176
166.825, 84176
166.826, 84176
166.827, 84176
166.829, 84176
166.83, 84176
166.832, 84176
166.833, 84176
166.835, 84176
166.836, 84176
166.838, 84176
166.839, 84176
166.84, 84176
166.841, 84176
166.842, 84176
166.844, 84176
166.845, 84176
166.847, 84176
166.848, 84176
166.849, 84176
166.85, 84176
166.852, 84176
166.853, 84176
166.854, 84176
166.855, 84176
166.857, 84176
166.858, 84176
166.859, 84176
166.861, 84176
166.862, 84176
166.863, 84176
166.864, 84176
166.866, 84176
166.867, 84176
166.868, 84176
166.869, 84176
166.87, 84176
166.872, 84176
166.873, 84176
166.875, 84176
166.876, 84176
166.877, 84176
166.878, 84176
166.879, 84176
166.88, 84176
166.882, 84176
166.883, 84176
166.884, 84176
166.885, 84176
166.887, 84176
166.888, 84176
166.889, 84176
166.89, 84176
166.891, 84176
166.892, 84176
166.894, 84176
166.895, 84176
166.896, 84176
166.897, 84176
166.898, 84176
166.9, 84176
166.901, 84176
166.903, 84176
166.904, 84176
166.906, 84176
166.907, 84176
166.908, 84176
166.91, 84176
166.911, 84176
166.912, 84176
166.913, 84176
166.914, 84176
166.915, 84176
166.917, 84176
166.918, 84176
166.919, 84176
166.92, 84176
166.921, 84176
166.923, 84176
166.924, 84176
166.925, 84176
166.926, 84176
166.927, 84176
166.929, 84176
166.93, 84176
166.931, 84176
166.932, 84176
166.933, 84176
166.934, 84176
166.936, 84176
166.937, 84176
166.938, 84176
166.94, 84176
166.941, 84176
166.942, 84176
166.943, 84176
166.944, 84176
166.945, 84176
166.947, 84176
166.948, 84176
166.949, 84176
166.951, 84176
166.952, 84176
166.954, 84176
166.955, 84176
166.956, 84176
166.957, 84176
166.958, 84176
166.96, 84176
166.961, 84176
166.962, 84176
166.963, 84176
166.964, 84176
166.966, 84176
166.967, 84176
166.969, 84176
166.97, 84176
166.971, 84176
166.972, 84176
166.973, 84176
166.975, 84176
166.976, 84176
166.977, 84176
166.979, 84176
166.98, 84176
166.982, 84176
166.983, 84176
166.984, 84176
166.985, 84176
166.986, 84176
166.988, 84176
166.989, 84176
166.99, 84176
166.991, 84176
166.992, 84176
166.993, 84176
166.995, 84176
166.996, 84176
166.997, 84176
166.998, 84176
167, 84176
167.001, 84176
167.002, 84176
167.003, 84176
167.004, 84176
167.006, 84176
167.007, 84176
167.009, 84176
167.01, 84176
167.012, 84176
167.013, 84176
167.014, 84176
167.015, 84176
167.017, 84176
167.018, 84176
167.019, 84176
167.02, 84176
167.021, 84176
167.022, 84176
167.024, 84176
167.03, 84176
167.032, 84176
167.033, 84176
167.034, 84176
167.035, 84176
167.037, 84176
167.038, 84176
167.039, 84176
167.04, 83960
167.041, 83960
167.043, 83960
167.044, 83960
167.046, 83960
167.047, 83960
167.049, 83960
167.05, 83960
167.051, 83960
167.053, 83960
167.054, 83960
167.055, 83960
167.056, 83960
167.057, 83960
167.059, 83960
167.06, 83960
167.061, 83960
167.062, 83960
167.064, 83960
167.065, 83960
167.066, 83960
167.068, 83960
167.069, 83960
167.07, 83960
167.071, 83960
167.072, 83960
167.074, 83960
167.075, 83960
167.076, 83960
167.077, 83960
167.078, 83960
167.08, 83960
167.081, 83960
167.082, 83960
167.083, 83744
167.084, 83744
167.085, 83744
167.087, 83744
167.088, 83744
167.089, 83744
167.09, 83744
167.092, 83528
167.093, 83528
167.094, 83528
167.095, 83528
167.096, 83528
167.098, 83528
167.099, 83528
167.1, 83312
167.102, 83312
167.103, 83312
167.104, 83312
167.106, 83312
167.107, 83312
167.108, 83744
167.109, 83744
167.111, 83744
167.112, 83744
167.113, 83744
167.114, 83744
167.115, 83744
167.117, 83744
167.118, 83744
167.119, 83744
167.12, 83744
167.121, 83744
167.122, 83744
167.123, 83744
167.125, 83744
167.126, 83528
167.127, 83528
167.128, 83528
167.13, 83528
167.131, 83528
167.132, 83528
167.133, 83528
167.135, 83528
167.136, 83528
167.137, 83528
167.139, 83528
167.14, 83528
167.141, 83528
167.142, 83744
167.143, 83744
167.144, 83744
167.146, 83744
167.147, 83744
167.148, 83744
167.149, 83744
167.15, 83744
167.151, 83312
167.152, 83312
167.154, 83312
167.155, 83312
167.156, 83312
167.157, 83312
167.158, 83312
167.159, 83096
167.16, 83096
167.162, 83096
167.163, 83096
167.164, 83096
167.166, 83096
167.167, 83096
167.169, 83312
167.17, 83312
167.171, 83312
167.172, 83312
167.173, 83312
167.175, 83312
167.176, 83312
167.177, 83312
167.178, 83312
167.179, 83312
167.181, 83312
167.182, 83312
167.183, 83312
167.185, 83312
167.186, 83312
167.188, 83312
167.189, 83312
167.19, 83312
167.191, 83312
167.193, 83312
167.194, 83744
167.195, 83744
167.196, 83744
167.197, 83744
167.199, 83744
167.2, 83744
167.201, 83744
167.202, 83744
167.203, 83744
167.204, 83744
167.205, 83744
167.206, 83744
167.208, 83744
167.209, 83744
167.21, 83744
167.211, 83744
167.213, 83744
167.214, 83744
167.215, 83744
167.216, 83744
167.217, 83744
167.219, 83744
167.22, 83960
167.221, 83960
167.222, 83960
167.223, 83960
167.224, 83960
167.225, 83960
167.227, 83960
167.228, 83744
167.229, 83744
167.231, 83744
167.232, 83744
167.234, 83744
167.235, 83744
167.236, 83744
167.237, 83744
167.239, 83744
167.24, 83744
167.241, 83744
167.243, 83744
167.244, 83744
167.245, 83744
167.246, 83744
167.247, 83744
167.248, 83744
167.249, 83744
167.251, 83744
167.252, 83744
167.253, 83312
167.254, 83312
167.255, 83312
167.256, 83312
167.258, 83312
167.259, 83312
167.261, 83312
167.262, 83312
167.263, 83312
167.265, 83312
167.266, 83312
167.267, 83312
167.268, 83312
167.269, 83312
167.27, 83744
167.272, 83744
167.273, 83744
167.274, 83744
167.275, 83744
167.276, 83744
167.278, 83744
167.279, 83960
167.28, 83960
167.281, 83960
167.282, 83960
167.283, 83960
167.285, 83960
167.286, 83960
167.287, 83960
167.288, 83960
167.289, 83960
167.291, 83960
167.292, 83960
167.293, 83960
167.294, 83960
167.295, 83960
167.296, 84176
167.298, 84176
167.299, 84176
167.3, 84176
167.301, 84176
167.302, 84176
167.304, 84176
167.305, 84176
167.306, 84176
167.307, 84176
167.309, 84176
167.31, 84176
167.311, 84176
167.312, 84176
167.313, 84176
167.315, 84176
167.316, 84176
167.317, 84176
167.318, 84176
167.319, 84176
167.32, 84176
167.322, 84176
167.323, 84176
167.324, 84176
167.325, 84176
167.327, 84176
167.328, 84176
167.329, 84176
167.331, 84176
167.332, 84176
167.333, 84176
167.334, 84176
167.335, 84176
167.337, 84176
167.338, 84176
167.339, 84176
167.34, 84176
167.341, 84176
167.343, 84176
167.344, 84176
167.345, 84176
167.346, 84176
167.347, 84176
167.349, 84176
167.35, 84176
167.351, 84176
167.353, 84176
167.354, 84176
167.355, 84176
167.356, 84176
167.357, 84176
167.366, 84176
167.368, 84176
167.369, 84176
167.37, 84176
167.371, 84176
167.372, 83960
167.374, 83960
167.375, 83960
167.376, 83960
167.378, 83960
167.379, 83960
167.38, 83960
167.381, 83960
167.383, 83960
167.384, 83960
167.385, 83960
167.387, 83960
167.388, 83960
167.389, 83960
167.391, 83960
167.392, 83960
167.393, 83960
167.394, 83960
167.395, 83960
167.397, 83960
167.398, 83960
167.399, 83960
167.4, 83960
167.401, 83960
167.403, 83960
167.404, 83960
167.405, 83960
167.406, 83960
167.407, 83960
167.409, 83960
167.41, 83960
167.411, 83960
167.413, 83960
167.414, 83960
167.415, 84176
167.416, 84176
167.417, 84176
167.418, 84176
167.42, 84176
167.421, 84176
167.422, 84176
167.424, 84176
167.425, 84176
167.427, 84176
167.428, 84176
167.429, 84176
167.43, 84176
167.431, 84176
167.433, 84176
167.434, 84176
167.435, 84176
167.436, 84176
167.437, 84176
167.438, 84176
167.439, 84176
167.441, 84176
167.442, 84176
167.443, 84176
167.445, 84176
167.446, 84176
167.447, 84176
167.449, 84176
167.45, 83960
167.451, 83960
167.452, 83960
167.453, 83960
167.455, 83960
167.456, 83960
167.458, 83960
167.459, 83960
167.46, 83960
167.461, 83960
167.463, 83960
167.464, 83960
167.465, 83960
167.466, 83960
167.467, 83960
167.469, 83960
167.47, 83960
167.471, 83960
167.473, 83960
167.474, 83960
167.475, 83960
167.476, 83960
167.478, 83960
167.479, 83960
167.48, 83960
167.482, 83960
167.484, 83960
167.485, 83960
167.486, 83960
167.488, 83960
167.489, 83960
167.491, 83960
167.492, 83960
167.494, 83960
167.496, 83960
167.497, 83960
167.498, 83960
167.5, 83960
167.501, 84176
167.502, 84176
167.503, 84176
167.505, 84176
167.506, 84176
167.507, 84176
167.508, 84176
167.509, 84176
167.511, 84176
167.512, 84176
167.513, 84176
167.514, 84176
167.516, 84176
167.517, 84176
167.518, 84176
167.519, 84176
167.521, 84176
167.522, 84176
167.523, 84176
167.524, 84176
167.526, 84176
167.527, 84176
167.528, 84176
167.529, 84176
167.531, 84176
167.532, 84176
167.533, 84176
167.534, 84176
167.536, 84176
167.537, 84176
167.538, 84176
167.54, 84176
167.541, 84176
167.543, 84176
167.545, 84176
167.546, 84176
167.548, 84176
167.549, 84176
167.55, 84176
167.551, 84176
167.553, 84176
167.554, 84176
167.555, 84176
167.556, 84176
167.557, 84176
167.559, 84176
167.56, 84176
167.561, 84176
167.562, 84176
167.563, 84176
167.565, 84176
167.566, 84176
167.567, 84176
167.569, 84176
167.571, 84176
167.572, 84176
167.573, 84176
167.575, 84176
167.576, 84176
167.578, 84176
167.58, 84176
167.581, 84176
167.582, 84176
167.584, 84176
167.585, 84176
167.586, 84176
167.587, 84176
167.589, 84176
167.59, 84176
167.591, 84176
167.592, 84176
167.594, 84176
167.595, 84176
167.596, 84176
167.597, 84176
167.599, 84176
167.6, 84176
167.601, 84176
167.602, 84176
167.604, 84176
167.605, 84176
167.606, 84176
167.607, 84176
167.609, 84176
167.61, 84176
167.611, 84176
167.612, 83960
167.614, 83960
167.615, 83960
167.616, 83960
167.617, 83960
167.619, 83960
167.626, 83960
167.628, 83960
167.629, 84176
167.63, 84176
167.631, 84176
167.633, 84176
167.634, 84176
167.635, 84176
167.636, 84176
167.638, 84176
167.639, 84176
167.64, 84176
167.641, 84176
167.643, 84176
167.644, 84176
167.645, 84176
167.646, 83960
167.647, 83960
167.649, 83960
167.65, 83960
167.652, 83960
167.654, 83960
167.655, 83960
167.657, 83960
167.659, 83960
167.661, 83960
167.662, 83960
167.664, 83960
167.666, 83960
167.667, 83960
167.668, 83960
167.67, 83960
167.671, 83960
167.672, 83960
167.673, 83960
167.675, 83960
167.676, 83960
167.677, 83960
167.678, 83960
167.68, 83960
167.681, 83960
167.682, 83960
167.683, 83960
167.685, 83960
167.686, 83960
167.687, 83960
167.688, 83528
167.69, 83528
167.691, 83528
167.692, 83528
167.694, 83528
167.695, 83528
167.696, 83528
167.697, 83528
167.699, 83528
167.7, 83528
167.701, 83528
167.702, 83528
167.704, 83528
167.705, 83528
167.706, 83528
167.713, 83528
167.714, 83744
167.716, 83744
167.717, 83744
167.718, 83744
167.72, 83744
167.721, 83744
167.722, 83312
167.723, 83312
167.725, 83312
167.726, 83312
167.727, 83312
167.728, 83312
167.729, 83312
167.731, 83312
167.732, 83312
167.733, 83312
167.734, 83312
167.736, 83312
167.737, 83312
167.738, 83312
167.739, 83528
167.74, 83528
167.742, 83528
167.743, 83528
167.744, 83528
167.745, 83528
167.746, 83528
167.747, 83528
167.748, 83312
167.75, 83312
167.751, 83312
167.752, 83312
167.753, 83312
167.754, 83312
167.755, 83312
167.757, 83312
167.758, 83312
167.759, 83312
167.76, 83312
167.761, 83312
167.762, 83312
167.766, 83312
167.768, 83312
167.769, 83312
167.77, 83312
167.771, 83312
167.772, 83312
167.774, 83312
167.775, 83312
167.776, 83312
167.777, 83312
167.778, 83312
167.779, 83312
167.789, 83096
167.79, 83096
167.791, 83312
167.792, 83312
167.794, 83312
167.795, 83312
167.796, 83312
167.797, 83312
167.798, 83312
167.8, 83528
167.801, 83528
167.802, 83528
167.803, 83528
167.804, 83528
167.805, 83528
167.807, 83528
167.808, 83096
167.809, 83096
167.81, 83096
167.811, 83096
167.813, 83096
167.814, 83096
167.815, 83096
167.816, 83312
167.818, 83312
167.819, 83312
167.82, 83312
167.821, 83312
167.822, 83312
167.824, 83312
167.825, 83096
167.826, 83096
167.827, 83096
167.828, 83096
167.83, 83096
167.831, 83096
167.832, 83096
167.834, 83312
167.835, 83312
167.836, 83312
167.838, 83312
167.839, 83312
167.84, 83312
167.841, 83312
167.843, 83528
167.844, 83528
167.845, 83528
167.846, 83528
167.847, 83528
167.848, 83528
167.849, 83528
167.851, 83312
167.852, 83312
167.853, 83312
167.854, 83312
167.855, 83312
167.857, 83312
167.858, 83312
167.859, 83312
167.861, 83312
167.862, 83312
167.863, 83312
167.864, 83312
167.866, 83312
167.867, 83312
167.868, 83744
167.869, 83744
167.87, 83744
167.871, 83744
167.872, 83744
167.874, 83744
167.875, 83744
167.876, 83960
167.877, 83960
167.878, 83960
167.879, 83960
167.881, 83960
167.882, 83960
167.883, 83960
167.884, 83960
167.886, 83960
167.887, 83960
167.888, 83960
167.889, 83960
167.89, 83960
167.892, 83960
167.893, 84176
167.894, 84176
167.895, 84176
167.896, 84176
167.898, 84176
167.899, 84176
167.9, 84176
167.901, 84176
167.903, 84176
167.904, 84176
167.905, 84176
167.906, 84176
167.907, 84176
167.908, 84176
167.909, 84176
167.911, 84176
167.912, 84176
167.913, 84176
167.915, 84176
167.916, 84176
167.917, 84176
167.918, 84176
167.919, 83960
167.92, 83960
167.921, 83960
167.923, 83960
167.924, 83960
167.926, 83960
167.928, 84176
167.93, 84176
167.931, 84176
167.932, 84176
167.934, 84176
167.935, 84176
167.936, 83960
167.937, 83960
167.938, 83960
167.939, 83960
167.941, 83960
167.942, 83960
167.943, 83960
167.944, 84176
167.946, 84176
167.947, 84176
167.948, 84176
167.949, 84176
167.95, 84176
167.952, 84176
167.953, 84176
167.954, 84176
167.955, 84176
167.956, 84176
167.957, 84176
167.959, 84176
167.96, 84176
167.961, 84176
167.963, 84176
167.964, 84176
167.965, 84176
167.966, 84176
167.968, 84176
167.969, 84176
167.97, 84392
167.971, 84392
167.972, 84392
167.973, 84392
167.975, 84392
167.976, 84392
167.977, 84392
167.978, 84392
167.979, 84392
167.981, 84392
167.982, 84392
167.983, 84392
167.985, 84392
167.986, 84392
167.987, 84392
167.988, 84392
167.99, 84392
167.991, 84392
167.992, 84392
167.993, 84392
167.994, 84392
167.996, 84392
167.997, 84392
167.998, 84392
168, 84392
168.001, 84392
168.002, 84392
168.003, 84392
168.004, 84392
168.006, 84392
168.007, 84392
168.009, 84392
168.01, 84392
168.011, 84392
168.012, 84176
168.014, 84176
168.015, 84176
168.016, 84176
168.017, 84176
168.018, 84176
168.019, 84176
168.021, 84176
168.022, 84176
168.023, 84176
168.024, 84176
168.025, 84176
168.026, 84176
168.028, 84176
168.029, 84176
168.03, 84176
168.032, 84176
168.033, 84176
168.034, 84176
168.035, 84176
168.036, 84176
168.037, 84176
168.039, 84176
168.04, 84176
168.041, 84176
168.042, 84176
168.044, 84176
168.045, 84176
168.046, 84176
168.047, 84392
168.048, 84392
168.049, 84392
168.051, 84392
168.052, 84392
168.053, 84392
168.054, 84392
168.055, 84176
168.056, 84176
168.057, 84176
168.059, 84176
168.06, 84176
168.061, 84176
168.062, 84176
168.063, 84176
168.064, 83960
168.066, 83960
168.067, 83960
168.068, 83960
168.069, 83960
168.071, 83960
168.072, 83960
168.073, 83960
168.074, 83960
168.075, 83960
168.076, 83960
168.078, 83960
168.079, 83960
168.08, 83960
168.081, 84176
168.083, 84176
168.084, 84176
168.085, 84176
168.086, 84176
168.087, 84176
168.089, 84176
168.09, 84176
168.091, 84176
168.092, 84176
168.093, 84176
168.095, 84176
168.096, 84176
168.097, 84176
168.098, 83960
168.1, 83960
168.101, 83960
168.102, 83960
168.104, 83960
168.105, 83960
168.106, 84176
168.107, 84176
168.109, 84176
168.11, 84176
168.111, 84176
168.112, 84176
168.113, 84176
168.115, 84176
168.116, 83960
168.117, 83960
168.118, 83960
168.119, 83960
168.12, 83960
168.121, 83960
168.123, 83960
168.124, 83528
168.125, 83528
168.126, 83528
168.127, 83528
168.129, 83528
168.13, 83528
168.131, 83528
168.132, 83744
168.133, 83744
168.134, 83744
168.136, 83744
168.137, 83744
168.138, 83744
168.139, 83744
168.14, 83744
168.142, 83744
168.143, 83744
168.144, 83744
168.145, 83744
168.146, 83744
168.148, 83744
168.149, 83744
168.15, 83744
168.152, 83744
168.153, 83744
168.155, 83744
168.156, 83744
168.157, 83744
168.158, 84608
168.16, 84608
168.161, 84608
168.162, 84608
168.163, 84608
168.164, 84608
168.166, 84608
168.167, 84824
168.168, 84824
168.169, 84824
168.17, 84824
168.172, 84824
168.173, 84824
168.174, 84824
168.175, 84608
168.176, 84608
168.178, 84608
168.179, 84608
168.18, 84608
168.181, 84608
168.182, 84608
168.184, 84824
168.185, 84824
168.186, 84824
168.187, 84824
168.189, 84824
168.19, 84824
168.191, 84824
168.192, 84608
168.193, 84608
168.194, 84608
168.196, 84608
168.197, 84608
168.198, 84608
168.199, 84608
168.201, 84392
168.202, 84392
168.203, 84392
168.204, 84392
168.205, 84392
168.206, 84392
168.208, 84392
168.209, 84392
168.21, 84392
168.211, 84392
168.212, 84392
168.214, 84392
168.215, 84392
168.217, 84176
168.218, 84176
168.22, 84176
168.221, 84176
168.222, 84176
168.224, 84176
168.225, 84176
168.226, 84392
168.227, 84392
168.229, 84392
168.23, 84392
168.231, 84392
168.232, 84392
168.233, 84392
168.235, 84608
168.236, 84608
168.237, 84608
168.238, 84608
168.239, 84608
168.24, 84608
168.241, 84608
168.243, 84392
168.244, 84392
168.246, 84392
168.247, 84392
168.249, 84392
168.25, 84392
168.252, 84392
168.254, 84392
168.255, 84392
168.256, 84392
168.257, 84392
168.258, 84392
168.259, 84392
168.261, 84392
168.262, 84392
168.264, 84392
168.266, 84392
168.267, 84392
168.268, 84392
168.27, 84392
168.271, 84392
168.274, 84392
168.275, 84392
168.276, 84392
168.278, 84608
168.279, 84608
168.28, 84608
168.281, 84608
168.282, 84608
168.284, 84608
168.285, 84608
168.286, 84608
168.288, 84608
168.289, 84608
168.29, 84608
168.292, 84608
168.293, 84608
168.294, 84608
168.295, 84608
168.297, 84608
168.299, 84608
168.3, 84608
168.302, 84608
168.304, 84824
168.305, 84824
168.306, 84824
168.308, 84824
168.309, 84824
168.31, 84824
168.312, 84824
168.313, 84824
168.315, 84824
168.316, 84824
168.318, 84824
168.319, 85040
168.321, 85040
168.322, 85040
168.324, 85040
168.326, 85040
168.327, 85040
168.329, 85040
168.33, 85040
168.332, 85040
168.334, 85040
168.335, 85040
168.337, 85040
168.338, 85040
168.34, 85040
168.341, 85040
168.343, 85040
168.344, 85040
168.346, 85040
168.347, 85040
168.348, 85040
168.35, 85040
168.351, 85040
168.352, 85040
168.354, 85040
168.355, 85040
168.356, 85040
168.357, 85040
168.358, 85040
168.359, 85040
168.36, 85040
168.362, 85040
168.363, 84608
168.365, 84608
168.366, 84608
168.367, 84608
168.369, 84608
168.37, 84608
168.371, 84392
168.373, 84392
168.374, 84392
168.376, 84392
168.377, 84392
168.379, 84392
168.38, 84176
168.382, 84176
168.383, 84176
168.385, 84176
168.386, 84176
168.388, 84176
168.389, 84608
168.39, 84608
168.391, 84608
168.393, 84608
168.394, 84608
168.395, 84608
168.396, 84608
168.397, 84608
168.398, 84608
168.4, 84608
168.401, 84608
168.402, 84608
168.403, 84608
168.404, 84608
168.405, 84176
168.407, 84176
168.408, 84176
168.409, 84176
168.411, 84176
168.412, 84176
168.414, 84392
168.415, 84392
168.417, 84392
168.418, 84392
168.419, 84392
168.42, 84392
168.421, 84392
168.422, 84392
168.423, 84392
168.425, 84392
168.426, 84392
168.427, 84392
168.428, 84392
168.429, 84392
168.43, 84392
168.431, 84392
168.433, 84392
168.434, 84392
168.435, 84392
168.436, 84392
168.437, 84392
168.438, 84392
168.439, 84176
168.441, 84176
168.442, 84176
168.443, 84176
168.445, 84176
168.446, 84176
168.448, 84608
168.449, 84608
168.451, 84608
168.452, 84608
168.453, 84608
168.455, 84608
168.456, 84608
168.457, 84392
168.458, 84392
168.459, 84392
168.461, 84392
168.463, 84392
168.464, 84392
168.466, 84392
168.468, 84392
168.469, 84392
168.47, 84392
168.472, 84392
168.473, 84392
168.474, 85040
168.475, 85040
168.477, 85040
168.478, 85040
168.48, 85040
168.481, 85040
168.482, 84824
168.483, 84824
168.484, 84824
168.485, 84824
168.486, 84824
168.488, 84824
168.489, 84824
168.49, 84608
168.491, 84608
168.493, 84608
168.494, 84608
168.495, 84608
168.497, 84608
168.498, 84608
168.499, 84824
168.501, 84824
168.502, 84824
168.503, 84824
168.504, 84824
168.505, 84824
168.507, 84824
168.508, 84608
168.514, 84608
168.515, 84608
168.516, 85040
168.518, 85040
168.519, 85040
168.52, 85040
168.522, 85040
168.523, 85040
168.524, 85256
168.526, 85256
168.527, 85256
168.529, 85256
168.53, 85256
168.531, 85256
168.532, 85256
168.534, 84824
168.535, 84824
168.537, 84824
168.54, 84824
168.541, 84824
168.542, 85256
168.543, 85256
168.545, 85256
168.546, 85256
168.55, 85472
168.551, 85472
168.553, 85472
168.554, 85472
168.555, 85472
168.557, 85472
168.558, 85472
168.559, 85472
168.561, 85472
168.562, 85472
168.563, 85472
168.564, 85472
168.568, 85688
168.57, 85688
168.571, 85688
168.572, 85688
168.574, 85688
168.575, 85688
168.576, 85688
168.578, 85688
168.58, 85688
168.584, 85472
168.586, 85472
168.588, 85472
168.59, 85472
168.6, 85472
168.602, 85256
168.603, 85256
168.604, 85256
168.605, 85256
168.609, 85256
168.611, 85256
168.613, 85256
168.617, 85256
168.619, 85256
168.621, 85256
168.63, 85040
168.632, 85040
168.635, 85040
168.636, 84824
168.639, 84824
168.64, 84824
168.654, 84824
168.656, 84824
168.657, 84824
168.659, 84824
168.66, 84824
168.662, 84608
168.663, 84608
168.664, 84608
168.665, 84608
168.667, 84608
168.668, 84608
168.67, 84608
168.671, 84608
168.672, 84608
168.673, 84608
168.675, 84608
168.676, 84608
168.677, 84608
168.678, 84608
168.68, 84608
168.681, 84608
168.682, 84608
168.683, 84608
168.685, 84608
168.686, 84608
168.687, 84608
168.688, 84608
168.689, 84608
168.69, 84608
168.692, 84608
168.693, 84608
168.694, 84608
168.695, 84608
168.696, 84608
168.697, 84608
168.698, 84608
168.7, 84608
168.701, 84608
168.703, 84608
168.704, 84392
168.705, 84392
168.706, 84392
168.707, 84392
168.709, 84392
168.71, 84392
168.711, 84392
168.712, 84392
168.713, 84392
168.715, 84392
168.716, 84392
168.717, 84392
168.718, 84392
168.72, 84392
168.721, 84392
168.722, 84392
168.724, 84392
168.725, 84392
168.726, 84392
168.728, 84392
168.729, 84392
168.731, 84392
168.732, 84392
168.733, 84392
168.734, 84392
168.736, 84392
168.737, 84392
168.738, 84176
168.74, 84176
168.741, 84176
168.742, 84176
168.743, 84176
168.745, 84176
168.746, 84176
168.747, 84392
168.748, 84392
168.75, 84392
168.751, 84392
168.752, 84392
168.753, 84392
168.755, 84392
168.756, 84392
168.757, 84392
168.758, 84392
168.76, 84392
168.761, 84392
168.762, 84392
168.763, 84176
168.765, 84176
168.766, 84176
168.767, 84176
168.768, 84176
168.769, 84176
168.771, 84176
168.772, 84176
168.773, 84176
168.774, 84176
168.775, 84176
168.777, 84176
168.778, 84176
168.779, 84176
168.78, 84176
168.782, 84176
168.783, 84176
168.784, 84176
168.786, 84176
168.787, 84176
168.789, 84176
168.79, 84176
168.791, 84176
168.793, 84176
168.794, 84176
168.795, 84176
168.797, 84176
168.798, 83960
168.799, 83960
168.8, 83960
168.801, 83960
168.803, 83960
168.804, 83960
168.805, 83960
168.806, 84176
168.807, 84176
168.809, 84176
168.81, 84176
168.811, 84176
168.812, 84176
168.813, 84176
168.814, 84176
168.815, 84176
168.817, 84176
168.818, 84176
168.819, 84176
168.82, 84176
168.821, 84176
168.823, 84176
168.824, 84176
168.825, 84176
168.826, 84176
168.828, 84176
168.835, 83960
168.837, 83960
168.839, 83960
168.84, 83960
168.841, 83960
168.843, 83960
168.844, 83960
168.845, 83960
168.846, 83960
168.847, 83960
168.849, 83744
168.85, 83744
168.852, 83744
168.853, 83744
168.855, 83744
168.856, 83744
168.857, 83744
168.859, 83744
168.86, 83744
168.861, 83744
168.862, 83744
168.863, 83744
168.865, 83744
168.866, 83744
168.867, 83744
168.868, 83744
168.869, 83744
168.871, 83744
168.872, 83744
168.873, 83744
168.874, 83744
168.875, 83744
168.877, 83744
168.878, 83744
168.879, 83744
168.88, 83744
168.882, 83744
168.883, 83744
168.885, 83744
168.886, 83744
168.888, 83744
168.889, 83744
168.89, 83744
168.892, 83744
168.893, 83744
168.894, 83744
168.895, 83744
168.896, 83744
168.898, 83744
168.899, 83744
168.901, 83744
168.902, 83744
168.903, 83744
168.904, 83744
168.906, 83744
168.907, 83744
168.908, 83744
168.909, 83744
168.91, 83744
168.912, 83744
168.913, 83744
168.915, 83744
168.916, 83744
168.918, 83744
168.919, 83744
168.92, 83744
168.922, 83744
168.923, 83744
168.924, 83744
168.925, 83744
168.926, 83744
168.928, 83744
168.929, 83744
168.93, 83744
168.931, 83744
168.933, 83744
168.934, 83744
168.935, 83744
168.936, 83744
168.938, 83744
168.939, 83744
168.94, 83744
168.941, 83744
168.943, 83744
168.944, 83744
168.945, 83744
168.947, 83744
168.948, 83744
168.949, 83744
168.951, 83744
168.952, 83744
168.953, 83744
168.954, 83744
168.956, 83744
168.957, 83744
168.958, 83744
168.959, 83744
168.96, 83528
168.962, 83528
168.963, 83528
168.964, 83528
168.965, 83528
168.967, 83528
168.968, 83528
168.969, 83528
168.97, 83528
168.971, 83528
168.972, 83528
168.974, 83528
168.975, 83528
168.976, 83528
168.977, 83744
168.979, 83744
168.98, 83744
168.981, 83744
168.982, 83744
168.983, 83744
168.985, 83744
168.986, 83528
168.987, 83528
168.988, 83528
168.99, 83528
168.991, 83528
168.992, 83528
168.993, 83528
168.994, 83312
168.996, 83312
168.997, 83312
168.998, 83312
168.999, 83312
169, 83312
169.001, 83312
169.003, 83312
169.004, 83312
169.005, 83312
169.007, 83312
169.008, 83312
169.01, 83312
169.011, 83312
169.012, 83312
169.014, 83312
169.015, 83312
169.016, 83312
169.017, 83312
169.019, 83312
169.02, 83528
169.021, 83528
169.022, 83528
169.023, 83528
169.024, 83528
169.026, 83528
169.027, 83528
169.028, 83312
169.029, 83312
169.03, 83312
169.031, 83312
169.033, 83312
169.034, 83312
169.035, 83312
169.037, 83312
169.038, 83312
169.04, 83312
169.041, 83312
169.043, 83312
169.044, 83312
169.045, 83744
169.046, 83744
169.047, 83744
169.049, 83744
169.05, 83744
169.051, 83744
169.052, 83744
169.053, 83744
169.054, 83528
169.055, 83528
169.057, 83528
169.058, 83528
169.059, 83528
169.06, 83528
169.061, 83528
169.062, 83744
169.064, 83744
169.065, 83744
169.066, 83744
169.067, 83744
169.068, 83744
169.069, 83744
169.071, 83744
169.072, 83744
169.073, 83744
169.075, 83744
169.076, 83744
169.077, 83744
169.079, 83744
169.08, 84176
169.081, 84176
169.082, 84176
169.083, 84176
169.085, 84176
169.086, 84176
169.087, 84176
169.088, 84176
169.09, 84176
169.091, 84176
169.093, 84176
169.094, 84176
169.096, 84176
169.097, 84392
169.098, 84392
169.1, 84392
169.101, 84392
169.103, 84392
169.104, 84392
169.105, 84824
169.107, 84824
169.108, 84824
169.109, 84824
169.111, 84824
169.112, 84824
169.113, 85040
169.115, 85040
169.116, 85040
169.117, 85040
169.118, 85040
169.119, 85040
169.121, 85040
169.122, 84824
169.123, 84824
169.125, 84824
169.127, 84824
169.13, 84608
169.133, 84608
169.135, 84608
169.136, 84608
169.137, 84608
169.139, 84608
169.14, 84608
169.141, 84608
169.142, 84608
169.144, 84608
169.145, 84608
169.146, 84608
169.147, 84176
169.15, 84176
169.162, 84176
169.172, 84176
169.176, 84176
169.185, 84176
169.189, 84176
169.198, 84176
169.202, 84176
169.205, 84176
169.206, 84176
169.207, 83960
169.209, 83960
169.21, 83960
169.211, 83960
169.213, 83960
169.214, 83960
169.217, 83744
169.219, 83744
169.224, 83744
169.236, 83744
169.239, 83744
169.251, 83744
169.256, 83744
169.268, 83960
169.275, 84176
169.277, 84176
169.28, 84176
169.281, 84176
169.284, 84176
169.286, 84176
169.288, 84176
169.292, 84176
169.294, 84392
169.298, 84176
169.306, 84176
169.309, 84176
169.311, 84176
169.315, 84176
169.331, 84176
169.335, 83960
169.336, 83960
169.338, 83960
169.339, 83960
169.343, 84176
169.349, 84176
169.353, 83960
169.355, 83960
169.357, 83960
169.359, 83960
169.361, 83744
169.363, 83744
169.365, 83744
169.366, 83744
169.368, 83744
169.375, 83744
169.377, 83744
169.381, 83960
169.387, 83960
169.392, 83960
169.394, 83960
169.396, 83960
169.398, 83960
169.403, 83960
169.408, 83960
169.414, 83960
169.425, 83744
169.428, 83744
169.431, 83744
169.434, 83744
169.437, 83744
169.439, 83744
169.44, 83744
169.443, 83744
169.445, 83744
169.447, 83744
169.449, 83744
169.451, 83744
169.452, 83744
169.454, 83744
169.456, 83744
169.461, 83744
169.471, 83744
169.479, 83744
169.481, 83744
169.484, 83744
169.485, 83744
169.487, 83744
169.489, 83744
169.491, 83744
169.493, 83744
169.495, 83744
169.505, 83744
169.51, 83744
169.512, 83744
169.514, 83744
169.516, 83744
169.519, 83744
169.533, 83960
169.547, 83744
169.55, 83960
169.552, 83960
169.553, 83960
169.557, 83960
169.567, 83744
169.569, 83744
169.57, 83744
169.571, 83960
169.586, 83960
169.588, 83960
169.589, 83960
169.59, 83960
169.592, 83960
169.593, 83960
169.595, 83960
169.6, 83960
169.61, 84176
169.612, 84176
169.613, 84176
169.622, 84392
169.623, 84392
169.624, 84392
169.626, 84608
169.628, 84608
169.629, 84608
169.63, 84608
169.633, 84608
169.634, 84392
169.639, 84392
169.642, 84608
169.643, 84608
169.645, 84608
169.648, 84608
169.65, 84608
169.653, 84608
169.654, 84608
169.655, 84608
169.657, 84608
169.658, 84608
169.66, 84608
169.661, 84608
169.666, 84608
169.672, 84608
169.674, 84608
169.683, 84608
169.684, 84608
169.686, 84608
169.693, 84608
169.696, 84824
169.699, 84824
169.7, 84824
169.706, 84824
169.707, 84824
169.709, 84824
169.71, 84824
169.718, 84824
169.719, 84824
169.721, 84824
169.722, 84824
169.723, 84824
169.724, 84824
169.725, 84824
169.727, 84824
169.728, 84824
169.73, 84824
169.736, 84608
169.739, 84608
169.741, 84608
169.746, 84392
169.756, 84176
169.761, 84176
169.762, 83960
169.769, 83960
169.771, 83744
169.772, 83744
169.773, 83744
169.781, 83744
169.787, 83744
169.789, 83744
169.791, 83744
169.792, 83744
169.796, 83528
169.804, 83744
169.807, 83744
169.822, 83528
169.825, 83528
169.827, 83528
169.831, 83744
169.834, 83744
169.836, 83744
169.839, 83744
169.842, 83744
169.847, 83744
169.849, 83744
169.85, 83744
169.852, 83744
169.853, 83744
169.855, 83744
169.856, 83744
169.864, 83744
169.866, 83744
169.868, 83744
169.873, 83744
169.877, 83744
169.88, 83744
169.885, 83528
169.892, 83528
169.894, 83528
169.896, 83528
169.897, 83528
169.9, 83528
169.903, 83528
169.912, 83312
169.924, 83312
169.935, 83528
169.945, 83528
169.949, 83528
169.956, 83528
169.96, 83528
169.967, 83744
169.971, 83744
169.976, 83744
169.985, 83528
169.989, 83528
169.99, 83528
169.992, 83528
169.993, 83528
169.997, 83528
170.007, 83744
170.016, 83744
170.017, 83744
170.019, 83528
170.025, 83312
170.029, 83312
170.031, 83312
170.032, 83312
170.033, 83312
170.035, 83312
170.036, 83312
170.04, 83096
170.046, 83096
170.047, 83096
170.048, 83096
170.05, 83096
170.053, 83096
170.057, 83096
170.062, 83312
170.065, 83312
170.066, 83312
170.068, 83312
170.069, 83312
170.072, 83312
170.073, 83312
170.074, 83312
170.076, 83312
170.077, 83312
170.078, 83096
170.079, 83096
170.085, 83312
170.099, 83096
170.115, 83312
170.123, 83312
170.125, 83312
170.136, 83312
170.14, 83312
170.144, 83312
170.15, 83312
170.152, 83312
170.16, 83096
170.162, 83096
170.166, 83096
170.17, 83096
170.172, 83312
170.175, 83312
170.177, 83312
170.178, 83312
170.18, 83312
170.181, 83312
170.183, 83312
170.186, 83096
170.191, 83096
170.193, 83096
170.194, 83096
170.196, 83096
170.197, 83096
170.198, 83096
170.201, 83096
170.204, 83096
170.206, 83312
170.209, 83312
170.212, 83312
170.216, 83312
170.217, 83312
170.219, 83312
170.22, 83312
170.221, 83312
170.222, 83096
170.224, 83096
170.225, 83096
170.229, 83096
170.232, 83528
170.237, 83528
170.239, 83528
170.24, 83960
170.241, 83960
170.242, 83960
170.243, 83960
170.244, 83960
170.246, 83960
170.247, 83960
170.248, 83960
170.249, 83744
170.25, 83744
170.251, 83744
170.253, 83744
170.254, 83744
170.255, 83744
170.257, 83960
170.258, 83960
170.26, 83960
170.261, 83960
170.263, 83960
170.264, 83960
170.265, 84392
170.266, 84392
170.267, 84392
170.269, 84392
170.27, 84392
170.271, 84392
170.272, 84392
170.273, 84392
170.274, 84824
170.276, 84824
170.277, 84824
170.278, 84824
170.28, 84824
170.281, 84824
170.282, 84824
170.284, 84824
170.285, 84824
170.287, 84824
170.288, 84824
170.291, 84824
170.292, 84824
170.293, 84824
170.294, 84824
170.296, 84824
170.297, 84824
170.298, 84824
170.3, 84824
170.301, 84824
170.303, 84824
170.304, 84824
170.305, 84824
170.307, 84824
170.308, 84824
170.309, 84824
170.311, 84824
170.312, 84824
170.313, 84824
170.319, 84824
170.321, 84824
170.323, 84824
170.324, 84824
170.326, 84608
170.33, 84608
170.334, 84392
170.342, 84176
170.344, 84176
170.346, 84176
170.348, 84176
170.351, 84176
170.352, 84176
170.354, 84176
170.359, 83960
170.364, 83960
170.368, 83744
170.371, 83744
170.372, 83744
170.374, 83744
170.376, 83744
170.377, 83528
170.379, 83528
170.38, 83528
170.381, 83528
170.383, 83528
170.384, 83528
170.386, 83744
170.387, 83744
170.407, 83744
170.411, 83744
170.414, 83744
170.416, 83744
170.417, 83744
170.42, 83744
170.425, 83744
170.429, 83744
170.432, 83744
170.434, 83744
170.441, 83528
170.449, 83312
170.451, 83312
170.452, 83312
170.454, 83528
170.456, 83528
170.459, 83528
170.461, 83528
170.463, 83528
170.465, 83528
170.468, 83528
170.47, 83528
170.471, 83528
170.472, 83528
170.477, 83528
170.479, 83528
170.483, 83528
170.488, 83528
170.49, 83528
170.492, 83528
170.493, 83528
170.495, 83528
170.504, 83528
170.506, 83528
170.509, 83528
170.51, 83528
170.512, 83528
170.527, 83528
170.531, 83744
170.532, 83744
170.534, 83744
170.536, 83744
170.539, 83960
170.542, 83960
170.544, 83960
170.546, 83960
170.548, 83744
170.551, 83744
170.553, 83744
170.555, 83528
170.557, 83528
170.558, 83528
170.563, 83528
170.567, 83528
170.57, 83528
170.572, 83528
170.574, 83528
170.577, 83528
170.579, 83528
170.588, 83528
170.596, 83528
170.612, 83528
170.619, 83528
170.621, 83528
170.63, 83744
170.635, 83744
170.641, 83744
170.648, 83744
170.66, 84176
170.662, 83960
170.673, 83960
170.686, 83744
170.69, 83744
170.692, 83528
170.703, 83528
170.722, 83528
170.731, 83528
170.736, 83528
170.739, 83528
170.741, 83528
170.745, 83312
170.749, 83312
170.752, 83528
170.754, 83528
170.767, 83744
170.77, 83744
170.777, 83744
170.779, 83744
170.786, 83528
170.787, 83528
170.792, 83528
170.8, 83744
170.808, 83960
170.81, 83960
170.811, 83960
170.814, 84176
170.816, 84176
170.817, 84176
170.822, 84392
170.823, 84392
170.824, 84392
170.826, 84392
170.827, 84392
170.828, 84608
170.83, 84608
170.831, 84608
170.833, 84608
170.834, 84608
170.836, 84608
170.837, 84608
170.84, 84608
170.841, 84608
170.844, 84608
170.846, 84608
170.85, 84608
170.851, 84608
170.852, 84608
170.853, 84608
170.855, 84608
170.856, 84608
170.857, 84608
170.858, 84608
170.859, 84608
170.86, 84608
170.862, 84608
170.863, 84176
170.864, 84176
170.865, 84176
170.866, 84176
170.867, 84176
170.868, 84176
170.87, 84176
170.875, 84176
170.878, 84176
170.88, 84392
170.881, 84392
170.883, 84392
170.884, 84392
170.885, 84392
170.887, 84392
170.888, 84392
170.889, 84176
170.89, 84176
170.891, 84176
170.893, 84176
170.899, 84176
170.9, 84176
170.901, 84176
170.902, 84176
170.903, 84176
170.904, 84176
170.906, 84176
170.907, 84176
170.908, 84176
170.91, 84176
170.911, 84176
170.912, 84176
170.914, 84176
170.915, 84176
170.916, 84176
170.917, 84176
170.919, 84176
170.92, 84176
170.921, 84176
170.922, 84392
170.923, 84392
170.924, 84392
170.926, 84392
170.927, 84392
170.928, 84392
170.929, 84392
170.931, 84392
170.932, 84392
170.933, 84392
170.934, 84392
170.935, 84392
170.937, 84392
170.938, 84392
170.939, 84608
170.941, 84608
170.942, 84608
170.944, 84608
170.945, 84608
170.946, 84608
170.947, 84608
170.949, 84176
170.95, 84176
170.951, 84176
170.952, 84176
170.954, 84176
170.955, 84176
170.957, 84176
170.958, 84176
170.96, 84176
170.961, 84176
170.962, 84176
170.964, 84176
170.965, 83960
170.967, 83960
170.968, 83960
170.97, 83960
170.971, 83960
170.973, 83960
170.974, 84392
170.975, 84392
170.977, 84392
170.978, 84392
170.979, 84392
170.98, 84392
170.982, 84392
170.983, 84176
170.984, 84176
170.985, 84176
170.986, 84176
170.987, 84176
170.988, 84176
170.99, 84176
170.991, 83960
170.992, 83960
170.993, 83960
170.995, 83960
170.996, 83960
170.998, 83960
170.999, 84176
171, 84176
171.002, 84176
171.003, 84176
171.004, 84176
171.006, 84176
171.007, 84176
171.008, 84176
171.009, 84176
171.01, 84176
171.011, 84176
171.013, 84176
171.014, 84176
171.015, 84176
171.016, 83960
171.017, 83960
171.018, 83960
171.019, 83960
171.021, 83960
171.022, 83960
171.023, 83960
171.024, 83960
171.025, 83744
171.026, 83744
171.027, 83744
171.029, 83744
171.03, 83744
171.031, 83744
171.032, 83744
171.034, 83744
171.035, 83744
171.036, 83744
171.038, 83744
171.039, 83744
171.04, 83744
171.041, 83744
171.042, 83960
171.043, 83960
171.045, 83960
171.046, 83960
171.047, 83960
171.048, 83960
171.049, 83960
171.051, 83744
171.052, 83744
171.054, 83744
171.055, 83744
171.057, 83744
171.058, 83744
171.06, 83960
171.061, 83960
171.062, 83960
171.063, 83960
171.065, 83960
171.066, 83960
171.067, 84176
171.069, 84176
171.07, 84176
171.071, 84176
171.072, 84176
171.073, 84176
171.074, 84176
171.075, 84176
171.077, 84392
171.078, 84392
171.079, 84392
171.08, 84392
171.082, 84392
171.083, 84392
171.085, 84608
171.086, 84608
171.088, 84608
171.089, 84608
171.09, 84608
171.091, 84608
171.092, 84608
171.094, 84608
171.095, 84608
171.096, 84608
171.097, 84608
171.099, 84608
171.1, 84608
171.102, 84392
171.104, 84392
171.105, 84392
171.107, 84392
171.108, 84392
171.109, 84392
171.111, 84392
171.112, 84392
171.113, 84392
171.114, 84392
171.115, 84392
171.117, 84392
171.118, 84392
171.119, 84608
171.12, 84608
171.121, 84608
171.122, 84608
171.123, 84608
171.125, 84608
171.126, 84608
171.127, 84392
171.128, 84392
171.13, 84392
171.131, 84392
171.132, 84392
171.134, 84392
171.135, 84392
171.136, 84608
171.137, 84608
171.139, 84608
171.14, 84608
171.141, 84608
171.143, 84608
171.144, 84608
171.145, 84608
171.147, 84608
171.148, 84608
171.149, 84608
171.15, 84608
171.152, 84608
171.153, 84824
171.154, 84824
171.156, 84824
171.157, 84824
171.158, 84824
171.16, 84824
171.161, 84824
171.162, 85040
171.163, 85040
171.165, 85040
171.166, 85040
171.168, 85040
171.169, 85040
171.17, 85040
171.172, 85040
171.173, 85040
171.175, 85040
171.176, 85040
171.177, 85040
171.179, 85040
171.18, 85040
171.182, 85040
171.183, 85040
171.184, 85040
171.186, 85040
171.187, 85040
171.188, 85040
171.189, 85040
171.191, 85040
171.192, 85040
171.193, 85040
171.195, 85040
171.196, 85040
171.198, 85040
171.199, 85040
171.2, 85040
171.202, 85040
171.203, 85040
171.204, 85040
171.206, 85040
171.207, 85040
171.208, 85040
171.21, 85040
171.211, 85040
171.213, 85040
171.214, 85040
171.215, 85040
171.217, 85040
171.218, 85040
171.219, 85040
171.22, 85040
171.222, 85040
171.223, 85040
171.224, 85040
171.225, 85040
171.227, 85040
171.228, 85040
171.229, 85040
171.23, 85040
171.231, 85040
171.232, 85040
171.233, 85040
171.235, 85040
171.236, 85040
171.237, 85040
171.238, 85040
171.24, 85040
171.241, 85040
171.242, 85040
171.243, 85040
171.244, 85040
171.246, 85040
171.247, 85040
171.249, 85040
171.25, 85040
171.252, 85040
171.253, 85040
171.254, 85040
171.256, 85040
171.257, 85040
171.258, 85040
171.259, 85040
171.261, 85040
171.262, 85040
171.263, 84824
171.265, 84824
171.266, 84824
171.267, 84824
171.268, 84824
171.27, 84824
171.271, 84824
171.272, 84824
171.273, 84824
171.274, 84824
171.275, 84824
171.277, 84824
171.278, 84824
171.279, 84824
171.28, 84824
171.281, 84824
171.283, 84824
171.284, 84824
171.285, 84824
171.286, 84824
171.288, 84824
171.289, 84824
171.291, 84824
171.292, 84824
171.293, 84824
171.295, 84824
171.296, 84824
171.297, 84824
171.298, 84608
171.299, 84608
171.301, 84608
171.302, 84608
171.303, 84608
171.304, 84608
171.305, 84608
171.307, 84608
171.308, 84608
171.309, 84608
171.31, 84608
171.312, 84608
171.313, 84608
171.314, 84608
171.315, 84608
171.316, 84608
171.318, 84608
171.319, 84608
171.32, 84608
171.321, 84608
171.322, 84608
171.324, 84608
171.325, 84608
171.326, 84608
171.327, 84608
171.329, 84608
171.33, 84608
171.331, 84608
171.332, 84608
171.334, 84608
171.335, 84608
171.337, 84608
171.338, 84608
171.339, 84608
171.341, 84608
171.342, 84608
171.343, 84608
171.344, 84608
171.345, 84608
171.347, 84608
171.348, 84608
171.349, 84608
171.35, 84608
171.351, 84608
171.353, 84608
171.354, 84608
171.355, 84608
171.356, 84608
171.358, 84392
171.359, 84392
171.36, 84392
171.361, 84392
171.362, 84392
171.363, 84392
171.365, 84392
171.366, 84608
171.367, 84608
171.368, 84608
171.369, 84608
171.37, 84608
171.372, 84608
171.373, 84608
171.374, 84608
171.375, 84608
171.376, 84608
171.378, 84608
171.379, 84608
171.38, 84608
171.382, 84608
171.383, 84608
171.385, 84608
171.386, 84608
171.387, 84608
171.388, 84608
171.39, 84608
171.391, 84608
171.392, 84608
171.393, 84608
171.394, 84608
171.395, 84608
171.396, 84608
171.398, 84608
171.399, 84608
171.4, 84608
171.401, 84608
171.402, 84608
171.403, 84608
171.405, 84608
171.406, 84608
171.407, 84608
171.408, 84608
171.409, 84608
171.41, 84608
171.411, 84608
171.413, 84608
171.414, 84608
171.415, 84608
171.416, 84608
171.417, 84608
171.419, 84608
171.42, 84608
171.421, 84608
171.422, 84608
171.423, 84608
171.425, 84608
171.426, 84608
171.427, 84608
171.429, 84608
171.431, 84608
171.432, 84608
171.434, 84608
171.436, 84608
171.437, 84608
171.439, 84608
171.44, 84608
171.441, 84608
171.442, 84608
171.444, 84392
171.445, 84392
171.446, 84392
171.447, 84392
171.448, 84392
171.45, 84392
171.451, 84392
171.452, 84392
171.453, 84392
171.454, 84392
171.456, 84392
171.457, 84392
171.458, 84392
171.459, 84392
171.461, 84608
171.462, 84608
171.464, 84608
171.465, 84608
171.466, 84608
171.468, 84608
171.469, 84608
171.47, 84608
171.471, 84608
171.473, 84608
171.474, 84608
171.475, 84608
171.476, 84608
171.477, 84392
171.479, 84392
171.48, 84392
171.481, 84392
171.483, 84392
171.484, 84392
171.485, 84392
171.486, 84392
171.488, 84392
171.489, 84392
171.491, 84392
171.493, 84392
171.494, 84392
171.496, 84392
171.497, 84392
171.499, 84392
171.5, 84392
171.501, 84392
171.502, 84392
171.503, 84392
171.505, 84392
171.506, 84392
171.507, 84392
171.508, 84392
171.509, 84392
171.511, 84392
171.512, 84392
171.513, 84392
171.514, 84392
171.516, 84392
171.517, 84392
171.518, 84392
171.519, 84392
171.521, 84392
171.522, 84392
171.524, 84392
171.525, 84392
171.526, 84392
171.528, 84392
171.529, 84392
171.53, 84392
171.531, 84392
171.533, 84392
171.534, 84392
171.535, 84392
171.536, 84392
171.538, 84392
171.539, 84392
171.54, 84392
171.541, 84392
171.542, 84392
171.543, 84392
171.545, 84392
171.546, 84176
171.547, 84176
171.548, 84176
171.549, 84176
171.55, 84176
171.552, 84176
171.553, 84176
171.554, 83960
171.555, 83960
171.556, 83960
171.558, 83960
171.559, 83960
171.56, 83960
171.561, 83960
171.562, 84176
171.564, 84176
171.565, 84176
171.566, 84176
171.567, 84176
171.569, 84176
171.57, 84176
171.571, 83960
171.572, 83960
171.573, 83960
171.574, 83960
171.576, 83960
171.577, 83960
171.578, 83960
171.579, 83744
171.581, 83744
171.582, 83744
171.583, 83744
171.584, 83744
171.585, 83744
171.587, 83744
171.588, 83744
171.589, 83744
171.591, 83744
171.592, 83744
171.593, 83744
171.595, 83744
171.596, 83744
171.597, 83960
171.599, 83960
171.6, 83960
171.601, 83960
171.602, 83960
171.604, 83960
171.605, 84176
171.606, 84176
171.607, 84176
171.608, 84176
171.609, 84176
171.611, 84176
171.612, 84176
171.613, 84176
171.614, 83960
171.615, 83960
171.617, 83960
171.618, 83960
171.62, 83960
171.621, 83960
171.622, 84176
171.624, 84176
171.625, 84176
171.626, 84176
171.628, 84176
171.629, 84176
171.63, 84176
171.631, 84392
171.632, 84392
171.633, 84392
171.635, 84392
171.636, 84392
171.637, 84392
171.638, 84392
171.639, 84176
171.64, 84176
171.641, 84176
171.643, 84176
171.644, 84176
171.645, 84176
171.646, 84176
171.647, 84176
171.648, 83960
171.649, 83960
171.651, 83960
171.652, 83960
171.653, 83960
171.654, 83960
171.655, 83960
171.657, 83960
171.658, 83960
171.659, 83960
171.661, 83960
171.662, 83960
171.663, 83960
171.664, 83960
171.665, 84176
171.666, 84176
171.667, 84176
171.669, 84176
171.67, 84176
171.671, 84176
171.672, 84176
171.674, 83960
171.675, 83960
171.677, 83960
171.678, 83960
171.679, 83960
171.681, 83960
171.682, 84392
171.683, 84392
171.685, 84392
171.686, 84392
171.687, 84392
171.688, 84392
171.689, 84392
171.691, 84392
171.692, 84392
171.693, 84392
171.694, 84392
171.695, 84392
171.696, 84392
171.697, 84392
171.699, 84176
171.7, 84176
171.702, 84176
171.703, 84176
171.705, 84176
171.706, 84176
171.708, 84176
171.709, 84176
171.71, 84176
171.712, 84176
171.713, 84176
171.714, 84176
171.715, 84176
171.716, 83960
171.718, 83960
171.72, 83960
171.721, 83960
171.723, 83960
171.724, 84176
171.725, 84176
171.727, 84176
171.728, 84176
171.729, 84176
171.731, 84176
171.732, 84176
171.733, 84392
171.734, 84392
171.735, 84392
171.737, 84392
171.738, 84392
171.739, 84392
171.74, 84392
171.741, 84392
171.742, 84392
171.744, 84392
171.745, 84392
171.746, 84392
171.748, 84392
171.749, 84392
171.75, 84176
171.752, 84176
171.753, 84176
171.755, 84176
171.756, 84176
171.757, 84176
171.758, 83960
171.76, 83960
171.761, 83960
171.762, 83960
171.763, 83960
171.764, 83960
171.765, 83960
171.766, 83960
171.768, 83960
171.769, 83960
171.77, 83960
171.771, 83960
171.772, 83960
171.773, 83960
171.774, 83960
171.775, 83960
171.777, 83960
171.778, 83960
171.779, 83960
171.78, 83960
171.781, 83960
171.782, 83960
171.784, 83960
171.785, 83960
171.786, 83960
171.787, 83960
171.788, 83960
171.789, 83960
171.79, 83960
171.792, 83960
171.793, 83744
171.794, 83744
171.795, 83744
171.796, 83744
171.797, 83744
171.798, 83744
171.8, 83744
171.801, 83744
171.802, 83960
171.803, 83960
171.804, 83960
171.805, 83960
171.806, 83960
171.808, 83960
171.809, 83960
171.81, 84176
171.811, 84176
171.812, 84176
171.813, 84176
171.815, 84176
171.816, 84176
171.817, 84176
171.818, 84176
171.819, 84176
171.821, 84176
171.822, 84176
171.823, 84176
171.824, 84176
171.825, 84176
171.827, 84176
171.828, 84392
171.829, 84392
171.83, 84392
171.831, 84392
171.832, 84392
171.834, 84392
171.835, 84392
171.836, 84392
171.837, 84392
171.838, 84392
171.84, 84392
171.841, 84392
171.842, 84392
171.843, 84392
171.844, 84392
171.845, 84392
171.847, 84392
171.848, 84392
171.849, 84392
171.85, 84392
171.851, 84392
171.853, 84608
171.854, 84608
171.855, 84608
171.856, 84608
171.857, 84608
171.858, 84608
171.859, 84608
171.861, 84608
171.862, 84608
171.863, 84608
171.864, 84608
171.865, 84608
171.866, 84608
171.868, 84608
171.869, 84608
171.87, 84608
171.871, 84608
171.872, 84608
171.873, 84608
171.875, 84608
171.876, 84608
171.877, 84608
171.878, 84608
171.879, 84608
171.88, 84608
171.881, 84608
171.883, 84608
171.884, 84608
171.885, 84608
171.886, 84608
171.887, 84608
171.888, 84608
171.89, 84608
171.891, 84608
171.892, 84608
171.893, 84608
171.894, 84608
171.895, 84608
171.897, 84608
171.898, 84608
171.899, 84608
171.9, 84608
171.901, 84608
171.902, 84608
171.903, 84608
171.905, 84608
171.906, 84608
171.907, 84608
171.908, 84608
171.909, 84608
171.91, 84608
171.912, 84608
171.913, 84608
171.914, 84608
171.915, 84608
171.916, 84608
171.917, 84608
171.919, 84608
171.92, 84608
171.921, 84608
171.922, 84608
171.923, 84608
171.924, 84608
171.925, 84608
171.927, 84608
171.928, 84608
171.929, 84608
171.93, 84608
171.931, 84608
171.932, 84608
171.933, 84608
171.935, 84608
171.936, 84608
171.937, 84608
171.938, 84608
171.939, 84608
171.94, 84608
171.941, 84608
171.943, 84608
171.944, 84608
171.945, 84608
171.946, 84608
171.947, 84608
171.948, 84608
171.949, 84608
171.951, 84608
171.952, 84608
171.953, 84608
171.954, 84608
171.955, 84608
171.956, 84608
171.957, 84608
171.959, 84608
171.96, 84608
171.961, 84608
171.962, 84608
171.963, 84608
171.964, 84608
171.965, 84608
171.967, 84608
171.968, 84608
171.969, 84608
171.97, 84608
171.971, 84608
171.972, 84608
171.973, 84608
171.975, 84608
171.976, 84608
171.977, 84608
171.978, 84608
171.979, 84608
171.98, 84608
171.981, 84608
171.983, 84608
171.984, 84608
171.985, 84608
171.986, 84608
171.987, 84608
171.988, 84608
171.989, 84608
171.991, 84608
171.992, 84608
171.993, 84608
171.994, 84608
171.995, 84608
171.996, 84608
171.997, 84608
171.999, 84608
172, 84608
172.001, 84608
172.002, 84608
172.003, 84608
172.004, 84608
172.005, 84608
172.007, 84608
172.008, 84608
172.009, 84608
172.01, 84608
172.011, 84608
172.012, 84608
172.013, 84608
172.015, 84608
172.016, 84608
172.017, 84608
172.018, 84608
172.019, 84608
172.02, 84608
172.021, 84608
172.023, 84608
172.024, 84608
172.025, 84608
172.026, 84608
172.027, 84608
172.029, 84608
172.03, 84608
172.031, 84608
172.032, 84608
172.033, 84608
172.035, 84608
172.036, 84608
172.037, 84608
172.038, 84608
172.039, 84608
172.04, 84608
172.042, 84608
172.043, 84608
172.044, 84608
172.045, 84608
172.046, 84608
172.048, 84608
172.049, 84392
172.05, 84392
172.051, 84392
172.052, 84392
172.054, 84392
172.055, 84392
172.056, 84392
172.057, 84392
172.059, 84392
172.06, 84392
172.061, 84392
172.062, 84392
172.063, 84392
172.064, 84392
172.066, 84392
172.067, 84392
172.068, 84392
172.069, 84392
172.07, 84392
172.071, 84392
172.072, 84392
172.074, 84392
172.075, 84392
172.076, 84392
172.077, 84392
172.078, 84392
172.079, 84392
172.08, 84392
172.082, 84392
172.083, 84392
172.084, 84392
172.085, 84392
172.086, 84392
172.087, 84392
172.088, 84392
172.09, 84392
172.091, 84392
172.092, 84392
172.094, 84392
172.095, 84392
172.096, 84392
172.097, 84392
172.098, 84392
172.1, 84392
172.101, 84392
172.102, 84392
172.104, 84392
172.105, 84392
172.107, 84392
172.108, 84392
172.11, 84392
172.111, 84392
172.112, 84392
172.114, 84392
172.115, 84392
172.116, 84392
172.118, 84176
172.119, 84176
172.12, 84176
172.121, 84176
172.123, 84176
172.124, 84176
172.125, 83960
172.127, 83960
172.128, 83960
172.129, 83960
172.131, 83960
172.132, 83960
172.134, 83960
172.135, 83960
172.136, 83960
172.138, 83960
172.139, 83960
172.14, 83960
172.142, 83960
172.143, 83960
172.144, 83960
172.145, 83960
172.146, 83960
172.147, 83960
172.148, 83960
172.15, 83960
172.151, 83960
172.152, 83744
172.153, 83744
172.154, 83744
172.155, 83744
172.157, 83744
172.158, 83744
172.159, 83744
172.16, 83528
172.161, 83528
172.162, 83528
172.163, 83528
172.165, 83528
172.166, 83528
172.167, 83528
172.168, 83528
172.169, 83528
172.17, 83528
172.172, 83528
172.173, 83528
172.174, 83528
172.175, 83528
172.176, 83528
172.177, 83312
172.178, 83312
172.18, 83312
172.181, 83312
172.182, 83312
172.183, 83312
172.184, 83312
172.185, 83312
172.186, 83312
172.188, 83312
172.189, 83312
172.19, 83312
172.191, 83312
172.192, 83312
172.193, 83312
172.195, 83312
172.196, 83312
172.197, 83312
172.198, 83312
172.199, 83312
172.2, 83312
172.202, 83312
172.203, 83312
172.204, 83312
172.205, 83312
172.206, 83312
172.207, 83312
172.208, 83312
172.21, 83312
172.211, 83312
172.212, 83312
172.213, 83312
172.214, 83312
172.215, 83312
172.216, 83312
172.218, 83312
172.219, 83312
172.22, 83528
172.221, 83528
172.222, 83528
172.224, 83528
172.225, 83528
172.226, 83528
172.227, 83528
172.229, 83744
172.23, 83744
172.231, 83744
172.232, 83744
172.233, 83744
172.235, 83744
172.236, 83744
172.237, 83744
172.239, 83744
172.24, 83744
172.242, 83744
172.243, 83744
172.244, 83744
172.246, 83960
172.247, 83960
172.25, 83960
172.251, 83960
172.253, 83960
172.254, 84176
172.255, 84176
172.256, 84176
172.258, 84176
172.259, 84176
172.261, 84176
172.262, 84176
172.263, 84176
172.264, 84176
172.266, 84176
172.267, 84176
172.268, 84176
172.269, 84176
172.27, 84176
172.271, 84176
172.272, 84176
172.274, 84176
172.275, 84176
172.276, 84176
172.277, 84176
172.278, 84176
172.279, 84392
172.28, 84392
172.281, 84392
172.283, 84392
172.284, 84392
172.285, 84392
172.286, 84392
172.287, 84392
172.288, 84392
172.29, 84392
172.291, 84392
172.292, 84392
172.293, 84392
172.294, 84392
172.295, 84392
172.296, 84392
172.298, 84392
172.299, 84392
172.3, 84392
172.301, 84392
172.302, 84392
172.303, 84392
172.304, 84392
172.306, 84392
172.307, 84392
172.308, 84392
172.309, 84392
172.31, 84392
172.311, 84392
172.312, 84392
172.314, 84392
172.315, 84392
172.316, 84392
172.317, 84392
172.318, 84392
172.319, 84392
172.32, 84392
172.322, 84176
172.323, 84176
172.324, 84176
172.325, 84176
172.326, 84176
172.327, 84176
172.329, 84176
172.33, 84176
172.331, 84392
172.332, 84392
172.333, 84392
172.334, 84392
172.335, 84392
172.337, 84392
172.338, 84392
172.339, 84176
172.34, 84176
172.341, 84176
172.342, 84176
172.347, 84392
172.351, 84392
172.353, 84392
172.354, 84392
172.355, 84392
172.357, 84608
172.358, 84608
172.359, 84608
172.36, 84608
172.362, 84608
172.363, 84608
172.364, 84608
172.365, 84608
172.366, 84608
172.367, 84608
172.368, 84608
172.37, 84608
172.371, 84608
172.372, 84608
172.373, 84608
172.374, 84608
172.375, 84608
172.376, 84608
172.378, 84608
172.379, 84608
172.38, 84608
172.381, 84608
172.382, 84392
172.383, 84392
172.384, 84392
172.386, 84392
172.387, 84392
172.388, 84392
172.389, 84392
172.39, 84392
172.391, 84392
172.392, 84392
172.394, 84392
172.395, 84392
172.396, 84392
172.397, 84392
172.398, 84392
172.399, 84176
172.4, 84176
172.402, 84176
172.403, 84176
172.404, 84176
172.405, 84176
172.406, 84176
172.407, 84176
172.408, 84176
172.41, 84176
172.411, 84176
172.412, 84176
172.413, 84176
172.415, 84176
172.416, 83960
172.417, 83960
172.418, 83960
172.419, 83960
172.42, 83960
172.422, 83960
172.423, 83960
172.424, 83960
172.425, 83960
172.426, 83960
172.427, 83960
172.428, 83960
172.43, 83960
172.431, 83960
172.432, 83960
172.433, 83960
172.434, 83960
172.435, 83960
172.436, 83960
172.438, 83960
172.439, 83960
172.44, 83960
172.441, 83960
172.442, 83960
172.443, 83960
172.444, 83960
172.446, 83960
172.447, 83960
172.448, 83960
172.449, 83960
172.45, 83960
172.451, 83960
172.456, 83960
172.46, 83960
172.462, 83960
172.464, 83960
172.465, 83960
172.466, 83960
172.468, 84176
172.469, 84176
172.47, 84176
172.471, 84176
172.473, 84176
172.474, 84176
172.475, 84176
172.476, 84176
172.477, 84176
172.478, 84176
172.479, 84176
172.481, 84176
172.482, 84176
172.483, 84176
172.484, 84176
172.485, 84176
172.486, 84176
172.487, 84176
172.489, 84176
172.49, 84176
172.491, 84176
172.492, 84176
172.493, 84176
172.494, 84176
172.495, 84176
172.497, 84176
172.498, 84176
172.499, 84176
172.5, 84176
172.501, 84176
172.502, 84176
172.503, 84176
172.505, 84176
172.506, 84176
172.507, 84176
172.508, 84176
172.509, 84176
172.51, 84176
172.511, 84176
172.513, 84176
172.514, 84176
172.515, 84176
172.516, 84176
172.517, 84176
172.518, 83960
172.519, 83960
172.521, 83960
172.522, 83960
172.523, 83960
172.524, 83960
172.525, 83960
172.526, 83960
172.527, 83960
172.529, 83960
172.53, 83960
172.531, 83960
172.532, 83960
172.533, 83960
172.534, 83960
172.536, 83960
172.537, 83960
172.538, 83960
172.539, 83960
172.54, 83960
172.541, 83960
172.542, 83960
172.544, 83960
172.545, 83960
172.546, 83960
172.547, 83960
172.548, 83960
172.549, 83960
172.551, 83960
172.552, 83960
172.553, 83960
172.557, 83960
172.559, 84176
172.563, 84176
172.565, 84176
172.566, 84176
172.568, 84176
172.569, 84176
172.57, 84176
172.571, 84176
172.573, 84176
172.574, 84176
172.575, 84176
172.576, 84176
172.577, 84176
172.578, 84392
172.58, 84392
172.581, 84392
172.582, 84392
172.583, 84392
172.584, 84392
172.585, 84392
172.586, 84176
172.588, 84176
172.589, 84176
172.59, 84176
172.591, 84176
172.592, 84176
172.593, 84176
172.594, 84176
172.596, 84176
172.597, 84176
172.598, 84176
172.599, 84176
172.6, 84176
172.601, 84176
172.602, 84176
172.604, 83960
172.605, 83960
172.606, 83960
172.607, 83960
172.608, 83960
172.609, 83960
172.61, 83960
172.612, 83960
172.613, 83960
172.614, 83960
172.615, 83960
172.616, 83960
172.617, 83960
172.618, 83960
172.62, 83960
172.621, 83744
172.622, 83744
172.623, 83744
172.624, 83744
172.625, 83744
172.627, 83744
172.628, 83744
172.629, 83744
172.63, 83744
172.631, 83744
172.632, 83744
172.633, 83744
172.635, 83744
172.636, 83744
172.637, 83744
172.638, 83744
172.639, 83744
172.64, 83744
172.641, 83744
172.643, 83744
172.644, 83744
172.645, 83744
172.646, 83744
172.647, 83744
172.648, 83744
172.649, 83744
172.651, 83744
172.652, 83744
172.653, 83744
172.654, 83744
172.655, 83744
172.656, 83744
172.658, 83744
172.659, 83744
172.66, 83744
172.661, 83744
172.662, 83744
172.663, 83744
172.664, 83744
172.666, 83744
172.668, 83744
172.669, 83744
172.67, 83744
172.672, 83744
172.673, 83744
172.674, 83744
172.676, 83744
172.677, 83744
172.68, 83960
172.682, 83960
172.683, 83960
172.684, 83960
172.686, 83960
172.689, 84176
172.69, 84176
172.692, 84176
172.693, 84176
172.694, 84176
172.699, 84176
172.7, 84176
172.701, 84176
172.703, 84176
172.705, 84176
172.706, 84176
172.707, 84176
172.708, 84176
172.71, 84176
172.711, 84176
172.712, 84176
172.714, 84176
172.715, 84392
172.716, 84392
172.717, 84392
172.719, 84392
172.72, 84392
172.721, 84392
172.723, 84392
172.724, 84392
172.725, 84392
172.727, 84392
172.728, 84392
172.729, 84392
172.731, 84392
172.732, 84392
172.733, 84392
172.734, 84392
172.736, 84392
172.737, 84392
172.738, 84392
172.74, 84392
172.741, 84392
172.742, 84392
172.744, 84392
172.745, 84392
172.746, 84392
172.748, 84392
172.749, 84392
172.75, 84392
172.752, 84392
172.753, 84392
172.754, 84392
172.755, 84392
172.757, 84392
172.759, 84392
172.76, 84392
172.762, 84392
172.763, 84392
172.764, 84392
172.766, 84608
172.767, 84608
172.768, 84608
172.769, 84608
172.771, 84608
172.772, 84608
172.773, 84608
172.775, 84608
172.776, 84608
172.777, 84608
172.778, 84608
172.78, 84608
172.781, 84608
172.782, 84608
172.784, 84608
172.785, 84608
172.786, 84608
172.787, 84608
172.788, 84608
172.79, 84608
172.791, 84608
172.792, 84608
172.793, 84608
172.794, 84608
172.795, 84608
172.796, 84608
172.798, 84608
172.799, 84608
172.8, 84392
172.801, 84392
172.802, 84392
172.803, 84392
172.804, 84392
172.806, 84392
172.807, 84392
172.808, 84392
172.809, 84176
172.81, 84176
172.811, 84176
172.812, 84176
172.814, 84176
172.815, 84176
172.816, 84176
172.817, 83960
172.818, 83960
172.819, 83960
172.82, 83960
172.822, 83960
172.823, 83960
172.824, 83960
172.825, 83960
172.826, 83960
172.827, 83960
172.828, 83960
172.83, 83960
172.831, 83960
172.832, 83960
172.833, 83960
172.834, 83960
172.835, 83960
172.836, 83960
172.838, 83960
172.839, 83960
172.84, 83960
172.841, 83960
172.842, 84176
172.843, 84176
172.844, 84176
172.846, 84176
172.847, 84176
172.848, 84176
172.849, 84176
172.85, 84176
172.851, 83960
172.852, 83960
172.854, 83960
172.855, 83960
172.856, 83960
172.857, 83960
172.858, 83960
172.859, 83960
172.86, 83960
172.862, 83960
172.863, 83960
172.864, 83960
172.865, 83960
172.866, 83960
172.867, 83960
172.868, 83960
172.87, 83960
172.871, 83960
172.872, 83960
172.873, 83960
172.874, 83960
172.875, 83960
172.877, 83960
172.878, 83960
172.879, 83960
172.88, 83960
172.881, 83960
172.882, 83960
172.884, 83960
172.885, 83960
172.886, 83960
172.887, 83960
172.888, 83960
172.889, 83960
172.89, 83960
172.892, 83960
172.893, 83960
172.894, 83960
172.895, 83960
172.896, 83960
172.897, 83960
172.899, 83960
172.9, 83960
172.901, 83960
172.902, 83960
172.903, 83960
172.904, 83960
172.905, 83960
172.907, 83960
172.908, 83960
172.909, 83960
172.91, 83960
172.911, 83960
172.912, 83960
172.913, 83960
172.915, 83960
172.916, 83960
172.917, 83960
172.918, 83960
172.919, 83744
172.92, 83744
172.921, 83744
172.923, 83744
172.924, 83744
172.925, 83744
172.926, 83744
172.927, 83744
172.928, 83960
172.929, 83960
172.931, 83960
172.932, 83960
172.933, 83960
172.934, 83960
172.935, 83960
172.936, 83960
172.937, 83960
172.939, 83960
172.94, 83960
172.941, 83960
172.942, 83960
172.943, 83960
172.944, 83960
172.945, 83744
172.947, 83744
172.948, 83744
172.949, 83744
172.95, 83744
172.951, 83744
172.952, 83744
172.953, 83960
172.955, 83960
172.956, 83960
172.957, 83960
172.958, 83960
172.959, 83960
172.96, 83960
172.961, 83960
172.963, 83744
172.964, 83744
172.965, 83744
172.966, 83744
172.967, 83744
172.968, 83744
172.969, 83744
172.971, 83960
172.972, 83960
172.973, 83960
172.974, 83960
172.975, 83960
172.976, 83960
172.977, 83960
172.979, 83960
172.98, 83960
172.981, 83960
172.982, 83960
172.983, 83960
172.984, 83960
172.985, 83960
172.987, 83960
172.988, 83960
172.989, 83960
172.99, 83960
172.991, 83960
172.992, 83960
172.993, 83960
172.995, 83960
172.996, 83960
172.997, 83960
172.998, 83960
172.999, 83960
173, 83960
173.001, 83960
173.003, 83960
173.004, 83960
173.005, 83960
173.006, 83960
173.007, 83960
173.008, 83960
173.009, 83960
173.011, 83960
173.012, 83960
173.013, 84176
173.014, 84176
173.015, 84176
173.017, 84176
173.018, 84176
173.019, 84176
173.02, 84176
173.022, 84176
173.023, 84176
173.024, 84176
173.025, 84176
173.026, 84176
173.027, 84176
173.029, 84176
173.03, 84176
173.031, 84176
173.032, 84176
173.033, 84176
173.035, 84176
173.036, 84176
173.037, 84176
173.038, 84176
173.039, 84392
173.041, 84392
173.042, 84392
173.043, 84392
173.044, 84392
173.045, 84392
173.047, 84392
173.048, 84392
173.049, 84392
173.05, 84392
173.051, 84392
173.052, 84392
173.053, 84392
173.055, 84392
173.056, 84392
173.057, 84392
173.058, 84392
173.059, 84392
173.06, 84392
173.062, 84392
173.063, 84392
173.064, 84392
173.065, 84392
173.067, 84392
173.068, 84392
173.069, 84392
173.07, 84392
173.071, 84392
173.072, 84392
173.073, 84392
173.075, 84392
173.076, 84392
173.077, 84392
173.078, 84392
173.08, 84392
173.081, 84392
173.082, 84176
173.083, 84176
173.085, 84176
173.086, 84176
173.087, 84176
173.089, 84176
173.09, 84176
173.091, 84176
173.092, 84176
173.093, 84176
173.094, 84176
173.096, 84176
173.097, 84176
173.098, 84176
173.099, 84176
173.1, 84176
173.101, 84176
173.102, 84176
173.104, 84176
173.105, 84176
173.106, 84176
173.107, 83960
173.108, 83960
173.109, 83960
173.111, 83960
173.112, 83960
173.113, 83960
173.114, 83960
173.115, 83960
173.116, 83960
173.117, 83960
173.119, 83960
173.12, 83960
173.121, 83960
173.122, 83960
173.123, 83960
173.124, 83960
173.125, 83960
173.127, 83960
173.128, 83960
173.129, 83960
173.13, 83960
173.131, 83960
173.133, 83960
173.134, 83960
173.135, 83960
173.136, 83960
173.137, 83960
173.138, 83960
173.139, 83960
173.141, 83744
173.142, 83744
173.143, 83744
173.144, 83744
173.146, 83744
173.147, 83744
173.148, 83744
173.149, 83744
173.151, 83744
173.152, 83744
173.153, 83744
173.155, 83744
173.156, 83744
173.157, 83744
173.158, 83744
173.16, 83744
173.161, 83744
173.162, 83744
173.163, 83744
173.164, 83744
173.166, 83744
173.167, 83744
173.168, 83744
173.169, 83744
173.17, 83744
173.171, 83744
173.173, 83744
173.174, 83744
173.175, 83528
173.176, 83528
173.178, 83528
173.179, 83528
173.18, 83528
173.181, 83528
173.182, 83528
173.184, 83528
173.185, 83528
173.186, 83528
173.187, 83528
173.189, 83528
173.19, 83528
173.191, 83528
173.192, 83528
173.193, 83528
173.195, 83528
173.196, 83528
173.197, 83528
173.198, 83528
173.2, 83528
173.201, 83528
173.203, 83528
173.204, 83528
173.205, 83528
173.206, 83528
173.207, 83528
173.209, 83744
173.22, 83960
173.221, 83960
173.223, 83960
173.224, 83960
173.225, 83960
173.227, 84176
173.228, 84176
173.229, 84176
173.231, 84176
173.232, 84176
173.234, 84176
173.236, 84176
173.238, 84176
173.24, 84176
173.242, 84176
173.243, 84176
173.245, 84176
173.247, 84176
173.249, 84176
173.251, 84176
173.253, 84176
173.254, 84176
173.256, 84176
173.258, 84176
173.26, 84392
173.262, 84392
173.264, 84392
173.266, 84392
173.268, 84392
173.269, 84392
173.271, 84392
173.272, 84392
173.274, 84392
173.275, 84392
173.276, 84392
173.277, 84392
173.278, 84608
173.28, 84608
173.281, 84608
173.282, 84608
173.283, 84608
173.284, 84608
173.286, 84608
173.287, 84608
173.288, 84608
173.289, 84608
173.29, 84608
173.291, 84608
173.293, 84608
173.294, 84608
173.295, 84608
173.296, 84608
173.297, 84608
173.298, 84608
173.3, 84608
173.301, 84608
173.302, 84608
173.303, 84608
173.305, 84608
173.307, 84608
173.308, 84608
173.31, 84608
173.311, 84608
173.312, 84608
173.314, 84608
173.315, 84608
173.316, 84608
173.318, 84608
173.319, 84608
173.321, 84608
173.322, 84608
173.323, 84608
173.325, 84608
173.326, 84608
173.327, 84608
173.328, 84608
173.329, 84608
173.33, 84608
173.332, 84608
173.333, 84608
173.334, 84608
173.336, 84608
173.337, 84608
173.338, 84392
173.339, 84392
173.341, 84392
173.342, 84392
173.343, 84392
173.344, 84392
173.346, 84392
173.347, 84392
173.348, 84392
173.349, 84392
173.351, 84392
173.352, 84392
173.353, 84392
173.354, 84392
173.356, 84392
173.357, 84392
173.359, 84392
173.36, 84392
173.362, 84392
173.363, 84392
173.364, 84392
173.365, 84392
173.367, 84392
173.368, 84392
173.369, 84392
173.371, 84392
173.372, 84392
173.373, 84392
173.374, 84392
173.376, 84392
173.377, 84392
173.378, 84392
173.379, 84392
173.381, 84392
173.382, 84392
173.383, 84392
173.385, 84392
173.386, 84392
173.387, 84392
173.389, 84392
173.39, 84392
173.391, 84392
173.392, 84392
173.394, 84392
173.395, 84392
173.397, 84392
173.398, 84392
173.399, 84392
173.4, 84392
173.402, 84392
173.403, 84392
173.404, 84392
173.405, 84392
173.407, 84392
173.408, 84392
173.409, 84392
173.411, 84392
173.412, 84392
173.413, 84392
173.414, 84392
173.416, 84392
173.417, 84392
173.418, 84392
173.419, 84392
173.421, 84392
173.422, 84392
173.423, 84392
173.424, 84392
173.425, 84392
173.426, 84392
173.427, 84392
173.429, 84392
173.43, 84392
173.431, 84392
173.432, 84392
173.433, 84392
173.434, 84392
173.435, 84392
173.437, 84392
173.438, 84392
173.439, 84392
173.44, 84176
173.441, 84176
173.442, 84176
173.443, 84176
173.445, 84176
173.446, 84176
173.447, 84176
173.448, 84176
173.449, 84176
173.45, 84176
173.451, 84176
173.453, 84176
173.454, 84176
173.455, 84176
173.456, 84176
173.457, 84176
173.458, 84176
173.459, 84176
173.461, 84176
173.462, 84176
173.463, 84176
173.464, 84176
173.465, 84176
173.466, 84176
173.468, 84176
173.469, 84176
173.47, 84176
173.471, 84176
173.472, 84176
173.473, 84176
173.474, 84176
173.476, 84176
173.477, 84176
173.478, 84176
173.479, 84176
173.48, 84176
173.481, 84176
173.483, 83960
173.484, 83960
173.485, 83960
173.486, 83960
173.487, 83960
173.488, 83960
173.489, 83960
173.491, 83960
173.492, 83960
173.493, 83960
173.494, 83960
173.495, 83960
173.496, 83960
173.497, 83960
173.499, 83960
173.5, 84176
173.501, 84176
173.502, 84176
173.503, 84176
173.504, 84176
173.505, 84176
173.507, 84176
173.508, 84176
173.509, 84176
173.51, 84176
173.511, 84176
173.512, 84176
173.513, 84176
173.515, 84176
173.516, 84176
173.517, 83960
173.518, 83960
173.519, 83960
173.52, 83960
173.521, 83960
173.523, 83960
173.524, 83960
173.525, 84176
173.526, 84176
173.527, 84176
173.528, 84176
173.529, 84176
173.531, 84176
173.532, 84176
173.533, 84176
173.534, 84176
173.535, 84176
173.536, 84176
173.537, 84176
173.539, 84176
173.54, 84176
173.541, 84176
173.542, 84176
173.543, 84176
173.544, 84176
173.545, 84176
173.547, 84176
173.548, 84176
173.549, 84176
173.55, 84176
173.551, 84176
173.552, 84176
173.553, 84176
173.555, 84176
173.556, 84176
173.557, 84176
173.558, 84176
173.559, 84176
173.56, 84176
173.561, 84176
173.563, 84176
173.564, 84176
173.565, 84176
173.566, 84176
173.567, 84176
173.568, 84176
173.57, 84176
173.571, 84176
173.572, 84176
173.573, 84176
173.574, 84176
173.575, 84176
173.576, 84176
173.578, 84176
173.579, 84176
173.58, 84176
173.581, 84176
173.582, 84176
173.583, 84176
173.584, 84176
173.585, 84176
173.587, 84176
173.588, 84176
173.589, 84176
173.59, 84176
173.591, 84176
173.592, 84176
173.594, 84176
173.595, 84176
173.596, 84176
173.597, 84176
173.598, 84176
173.599, 84176
173.6, 84176
173.602, 84176
173.603, 84176
173.604, 84176
173.605, 84176
173.606, 84176
173.607, 84176
173.608, 84176
173.61, 84176
173.611, 84176
173.612, 84176
173.613, 84176
173.614, 84176
173.615, 84176
173.616, 84176
173.617, 84176
173.619, 84176
173.62, 84176
173.621, 84176
173.622, 84176
173.623, 84176
173.624, 84176
173.625, 84176
173.627, 84176
173.628, 84392
173.629, 84392
173.63, 84392
173.631, 84392
173.632, 84392
173.633, 84392
173.635, 84392
173.636, 84176
173.637, 84176
173.638, 84176
173.639, 84176
173.64, 84176
173.641, 84176
173.643, 84176
173.644, 84176
173.645, 84176
173.646, 84176
173.647, 84176
173.648, 84176
173.649, 84176
173.651, 84176
173.652, 84176
173.653, 84176
173.654, 84176
173.655, 84176
173.656, 84176
173.657, 84176
173.659, 84176
173.66, 84176
173.661, 84176
173.662, 83960
173.663, 83960
173.664, 83960
173.665, 83960
173.667, 83960
173.668, 83960
173.669, 83960
173.67, 83960
173.671, 83960
173.672, 83960
173.673, 83960
173.675, 83960
173.676, 83960
173.677, 83960
173.678, 83960
173.679, 83960
173.68, 83960
173.681, 83960
173.683, 83960
173.684, 83960
173.685, 83960
173.686, 83960
173.687, 83744
173.688, 83744
173.689, 83744
173.691, 83744
173.692, 83744
173.693, 83744
173.694, 83744
173.695, 83744
173.696, 83960
173.697, 83960
173.699, 83960
173.7, 83960
173.701, 83960
173.702, 83960
173.703, 83960
173.704, 83744
173.705, 83744
173.707, 83744
173.708, 83744
173.709, 83744
173.71, 83744
173.711, 83744
173.712, 83744
173.713, 83744
173.715, 83744
173.716, 83744
173.717, 83744
173.718, 83744
173.719, 83744
173.72, 83744
173.721, 83744
173.723, 83744
173.724, 83744
173.725, 83744
173.726, 83744
173.727, 83744
173.728, 83744
173.729, 83744
173.731, 83744
173.732, 83744
173.733, 83744
173.734, 83744
173.735, 83744
173.736, 83744
173.737, 83744
173.739, 83744
173.74, 83744
173.741, 83744
173.742, 83744
173.743, 83744
173.744, 83744
173.745, 83744
173.747, 83528
173.748, 83528
173.749, 83528
173.75, 83528
173.751, 83528
173.752, 83528
173.753, 83528
173.755, 83528
173.756, 83528
173.757, 83528
173.758, 83528
173.759, 83528
173.76, 83528
173.761, 83528
173.763, 83528
173.764, 83528
173.765, 83528
173.766, 83528
173.767, 83528
173.768, 83528
173.77, 83528
173.771, 83528
173.772, 83528
173.773, 83528
173.774, 83528
173.775, 83528
173.776, 83528
173.778, 83528
173.779, 83528
173.78, 83528
173.781, 83528
173.782, 83528
173.783, 83528
173.784, 83528
173.785, 83528
173.787, 83528
173.788, 83528
173.789, 83528
173.79, 83312
173.791, 83312
173.792, 83312
173.793, 83312
173.795, 83312
173.796, 83312
173.797, 83312
173.798, 83312
173.799, 83312
173.8, 83312
173.801, 83312
173.803, 83312
173.804, 83312
173.805, 83312
173.806, 83312
173.807, 83312
173.808, 83312
173.81, 83312
173.811, 83312
173.812, 83312
173.813, 83312
173.814, 83312
173.815, 83312
173.816, 83312
173.818, 83312
173.819, 83312
173.82, 83312
173.821, 83312
173.822, 83312
173.824, 83096
173.825, 83096
173.826, 83096
173.827, 83096
173.828, 83096
173.83, 83096
173.831, 83096
173.832, 83096
173.833, 83096
173.834, 83096
173.836, 83096
173.837, 83096
173.838, 83096
173.839, 83096
173.84, 83096
173.842, 83312
173.843, 83312
173.844, 83312
173.845, 83312
173.846, 83312
173.847, 83312
173.849, 83312
173.85, 83312
173.851, 83312
173.852, 83312
173.853, 83312
173.854, 83312
173.856, 83312
173.857, 83312
173.858, 83528
173.859, 83528
173.86, 83528
173.861, 83528
173.862, 83528
173.863, 83528
173.865, 83528
173.866, 83528
173.867, 83528
173.868, 83528
173.869, 83528
173.87, 83528
173.871, 83528
173.873, 83528
173.874, 83528
173.875, 83528
173.876, 83528
173.877, 83528
173.878, 83528
173.879, 83528
173.88, 83528
173.882, 83528
173.883, 83528
173.884, 83744
173.885, 83744
173.886, 83744
173.887, 83744
173.888, 83744
173.889, 83744
173.89, 83744
173.892, 83744
173.893, 83744
173.894, 83744
173.895, 83744
173.896, 83744
173.897, 83744
173.898, 83744
173.899, 83744
173.901, 83528
173.902, 83528
173.903, 83528
173.904, 83528
173.905, 83528
173.906, 83528
173.907, 83528
173.908, 83528
173.909, 83528
173.911, 83528
173.912, 83528
173.913, 83528
173.914, 83528
173.915, 83528
173.916, 83528
173.917, 83528
173.918, 83528
173.919, 83528
173.921, 83528
173.922, 83528
173.923, 83528
173.924, 83528
173.925, 83528
173.926, 83528
173.927, 83528
173.928, 83528
173.93, 83528
173.931, 83528
173.932, 83528
173.933, 83528
173.934, 83528
173.935, 83528
173.936, 83528
173.937, 83528
173.938, 83528
173.94, 83528
173.941, 83528
173.942, 83528
173.943, 83312
173.944, 83312
173.945, 83312
173.946, 83312
173.947, 83312
173.949, 83312
173.95, 83312
173.951, 83312
173.952, 83528
173.953, 83528
173.954, 83528
173.955, 83528
173.956, 83528
173.958, 83528
173.959, 83528
173.96, 83528
173.961, 83528
173.962, 83528
173.963, 83528
173.964, 83528
173.965, 83528
173.967, 83528
173.968, 83528
173.969, 83528
173.97, 83528
173.971, 83528
173.972, 83528
173.973, 83528
173.974, 83528
173.975, 83528
173.977, 83528
173.978, 83312
173.979, 83312
173.98, 83312
173.981, 83312
173.982, 83312
173.983, 83312
173.984, 83312
173.986, 82880
173.987, 82880
173.988, 82880
173.989, 82880
173.99, 82880
173.991, 82880
173.992, 82880
173.993, 82880
173.995, 82880
173.996, 82880
173.997, 82880
173.998, 82880
174, 82880
174.001, 82880
174.002, 82880
174.003, 82664
174.004, 82664
174.005, 82664
174.007, 82664
174.008, 82664
174.009, 82664
174.01, 82664
174.011, 82664
174.013, 82664
174.014, 82664
174.015, 82664
174.016, 82664
174.018, 82664
174.019, 82664
174.02, 82664
174.021, 82664
174.022, 82664
174.023, 82664
174.024, 82664
174.026, 82664
174.027, 82664
174.028, 82664
174.029, 82664
174.031, 82664
174.032, 82664
174.033, 82664
174.034, 82664
174.035, 82664
174.036, 82664
174.038, 82880
174.039, 82880
174.04, 82880
174.041, 82880
174.042, 82880
174.043, 82880
174.044, 82880
174.046, 82880
174.047, 82880
174.048, 82880
174.049, 82880
174.05, 82880
174.051, 82880
174.053, 82880
174.054, 82880
174.055, 82880
174.056, 82880
174.057, 82880
174.059, 82880
174.06, 82880
174.061, 82880
174.062, 82880
174.063, 82880
174.064, 82880
174.065, 82880
174.067, 82880
174.068, 82880
174.069, 82880
174.071, 82880
174.072, 82880
174.073, 82880
174.074, 82880
174.075, 82880
174.076, 82880
174.077, 82880
174.079, 82880
174.08, 83096
174.081, 83096
174.082, 83096
174.083, 83096
174.084, 83096
174.085, 83096
174.087, 83096
174.088, 83096
174.089, 83096
174.09, 83096
174.091, 83096
174.093, 83096
174.094, 83096
174.095, 83096
174.096, 83096
174.097, 83096
174.098, 83096
174.1, 83096
174.101, 83096
174.102, 83096
174.103, 83096
174.104, 83096
174.105, 83096
174.107, 83096
174.108, 83096
174.109, 83096
174.11, 83096
174.111, 83096
174.112, 83096
174.113, 83096
174.115, 83096
174.116, 83096
174.117, 83096
174.118, 83096
174.119, 83096
174.12, 83096
174.121, 83096
174.123, 83096
174.124, 83096
174.125, 83096
174.126, 83096
174.127, 83096
174.128, 83096
174.13, 83096
174.131, 82880
174.132, 82880
174.133, 82880
174.134, 82880
174.135, 82880
174.136, 82880
174.138, 82880
174.139, 82880
174.14, 82880
174.141, 82880
174.142, 82880
174.143, 82880
174.144, 82880
174.146, 82880
174.147, 82880
174.148, 83096
174.149, 83096
174.15, 83096
174.151, 83096
174.152, 83096
174.154, 83096
174.155, 83096
174.156, 83096
174.157, 82880
174.158, 82880
174.159, 82880
174.16, 82880
174.162, 82880
174.163, 82880
174.164, 82880
174.165, 82880
174.166, 82880
174.167, 82880
174.168, 82880
174.17, 82880
174.171, 82880
174.172, 82880
174.173, 82880
174.174, 83096
174.175, 83096
174.176, 83096
174.178, 83096
174.179, 83096
174.18, 83096
174.181, 83096
174.182, 83096
174.183, 83096
174.185, 83096
174.186, 83096
174.187, 83096
174.188, 83096
174.189, 83096
174.19, 83096
174.191, 83096
174.193, 83096
174.194, 83096
174.195, 83096
174.196, 83096
174.197, 83096
174.198, 83096
174.199, 83096
174.201, 83096
174.202, 83096
174.203, 83096
174.204, 83096
174.205, 83096
174.206, 83096
174.207, 83096
174.209, 83096
174.21, 83096
174.211, 83096
174.212, 83096
174.213, 83096
174.214, 83096
174.215, 83096
174.217, 83096
174.218, 83096
174.219, 83096
174.22, 83096
174.221, 83096
174.222, 83096
174.223, 83096
174.225, 82880
174.226, 82880
174.227, 82880
174.228, 82880
174.229, 82880
174.23, 82880
174.231, 82880
174.233, 82880
174.234, 82664
174.235, 82664
174.236, 82664
174.237, 82664
174.238, 82664
174.24, 82664
174.241, 82664
174.242, 82664
174.243, 82664
174.244, 82664
174.245, 82664
174.246, 82664
174.248, 82664
174.249, 82664
174.25, 82664
174.251, 82664
174.252, 82664
174.253, 82664
174.254, 82664
174.256, 82664
174.257, 82664
174.258, 82664
174.259, 82664
174.26, 82664
174.261, 82664
174.262, 82664
174.264, 82664
174.265, 82664
174.266, 82664
174.267, 82664
174.268, 82664
174.269, 82664
174.27, 82664
174.272, 82664
174.273, 82664
174.274, 82664
174.275, 82664
174.276, 82664
174.277, 82664
174.278, 82664
174.28, 82664
174.281, 82664
174.282, 82664
174.283, 82664
174.284, 82664
174.285, 82664
174.286, 82664
174.288, 82664
174.289, 82664
174.29, 82664
174.291, 82664
174.292, 82664
174.293, 82664
174.294, 82664
174.296, 82664
174.297, 82664
174.298, 82664
174.299, 82664
174.3, 82664
174.301, 82664
174.302, 82664
174.304, 82664
174.305, 82664
174.306, 82664
174.307, 82664
174.308, 82664
174.309, 82664
174.311, 82664
174.312, 82664
174.313, 82664
174.314, 82664
174.315, 82664
174.316, 82664
174.317, 82664
174.319, 82664
174.32, 82664
174.321, 82664
174.322, 82664
174.323, 82664
174.324, 82664
174.325, 82664
174.327, 82664
174.328, 82664
174.329, 82664
174.33, 82664
174.331, 82664
174.332, 82664
174.333, 82664
174.335, 82664
174.336, 82664
174.337, 82664
174.338, 82664
174.339, 82664
174.34, 82664
174.341, 82664
174.343, 82664
174.344, 82664
174.345, 82664
174.346, 82664
174.347, 82664
174.348, 82664
174.35, 82664
174.351, 82664
174.352, 82664
174.353, 83096
174.355, 83096
174.356, 83096
174.358, 83096
174.359, 83096
174.36, 83096
174.362, 83312
174.363, 83312
174.364, 83312
174.365, 83312
174.367, 83312
174.368, 83312
174.369, 83312
174.37, 83096
174.371, 83096
174.372, 83096
174.374, 83096
174.378, 83096
174.385, 83096
174.386, 83096
174.387, 83528
174.389, 83528
174.394, 83528
174.396, 83744
174.397, 83744
174.398, 83744
174.4, 83744
174.401, 83744
174.402, 83744
174.403, 83744
174.404, 83744
174.405, 83744
174.407, 83744
174.408, 83744
174.409, 83744
174.41, 83744
174.411, 83744
174.412, 83528
174.414, 83528
174.415, 83528
174.416, 83528
174.417, 83528
174.418, 83528
174.419, 83528
174.42, 83528
174.422, 83312
174.426, 83312
174.437, 83528
174.439, 83960
174.44, 83960
174.441, 83960
174.443, 83960
174.444, 83960
174.445, 83960
174.447, 84176
174.448, 84176
174.449, 84176
174.452, 84176
174.466, 83960
174.467, 83960
174.469, 83960
174.47, 83960
174.471, 83960
174.472, 84176
174.474, 84176
174.475, 84176
174.476, 84176
174.477, 84176
174.479, 84176
174.48, 84176
174.481, 84176
174.482, 84176
174.484, 84176
174.485, 84176
174.486, 84176
174.487, 84176
174.489, 84176
174.49, 84392
174.491, 84392
174.493, 84392
174.494, 84392
174.495, 84392
174.496, 84392
174.498, 84392
174.499, 84392
174.5, 84392
174.501, 84392
174.503, 84392
174.504, 84392
174.505, 84392
174.507, 84392
174.508, 84392
174.509, 84392
174.51, 84392
174.512, 84392
174.513, 84392
174.514, 84392
174.515, 84392
174.517, 84392
174.518, 84392
174.519, 84392
174.52, 84392
174.521, 84392
174.523, 84392
174.524, 84392
174.525, 84392
174.526, 84392
174.528, 84392
174.529, 84392
174.53, 84392
174.531, 84392
174.532, 84392
174.533, 84392
174.535, 84392
174.536, 84392
174.537, 84392
174.539, 84392
174.54, 84392
174.542, 84392
174.543, 84392
174.544, 84392
174.545, 84392
174.547, 84392
174.548, 84392
174.549, 84392
174.55, 84392
174.551, 84392
174.553, 84392
174.554, 84392
174.555, 84392
174.556, 84392
174.558, 84392
174.559, 84392
174.56, 84392
174.561, 84392
174.562, 84392
174.564, 84392
174.565, 84392
174.566, 84392
174.568, 84392
174.569, 84392
174.57, 84392
174.572, 84392
174.573, 84392
174.574, 84392
174.576, 84392
174.577, 84392
174.579, 84392
174.58, 84392
174.582, 84392
174.583, 84608
174.584, 84608
174.586, 84608
174.587, 84608
174.588, 84608
174.589, 84608
174.591, 84608
174.592, 84392
174.593, 84392
174.594, 84392
174.595, 84392
174.596, 84392
174.597, 84392
174.599, 84392
174.6, 84392
174.601, 84608
174.602, 84608
174.603, 84608
174.604, 84608
174.606, 84608
174.607, 84608
174.608, 84608
174.61, 84608
174.611, 84608
174.612, 84608
174.613, 84608
174.614, 84608
174.616, 84608
174.617, 84392
174.618, 84392
174.62, 84392
174.621, 84392
174.622, 84392
174.624, 84392
174.625, 84392
174.626, 84392
174.628, 84392
174.629, 84392
174.63, 84392
174.631, 84392
174.633, 84392
174.634, 84392
174.635, 84608
174.636, 84608
174.638, 84608
174.639, 84608
174.64, 84608
174.641, 84608
174.642, 84608
174.644, 84392
174.645, 84392
174.646, 84392
174.647, 84392
174.648, 84392
174.65, 84392
174.651, 84392
174.652, 84392
174.654, 84392
174.655, 84392
174.656, 84392
174.658, 84392
174.659, 84392
174.66, 84392
174.661, 84392
174.663, 84392
174.664, 84392
174.665, 84392
174.666, 84392
174.668, 84392
174.669, 84392
174.67, 84392
174.671, 84392
174.673, 84392
174.674, 84392
174.675, 84392
174.676, 84392
174.678, 84392
174.679, 84392
174.68, 84392
174.681, 84392
174.683, 84392
174.684, 84392
174.685, 84392
174.686, 84176
174.688, 84176
174.689, 84176
174.69, 84176
174.692, 84176
174.693, 84176
174.694, 84176
174.695, 84176
174.697, 84176
174.698, 84176
174.699, 84176
174.7, 84176
174.702, 84176
174.703, 84176
174.705, 84176
174.706, 84176
174.707, 84176
174.709, 84176
174.71, 84176
174.712, 84176
174.713, 84176
174.714, 84176
174.716, 84176
174.717, 84176
174.718, 84176
174.719, 83960
174.721, 83960
174.722, 83960
174.723, 83960
174.724, 83960
174.726, 83960
174.727, 83960
174.728, 83960
174.729, 83960
174.73, 83960
174.732, 83960
174.733, 83960
174.734, 83960
174.735, 83960
174.736, 83960
174.737, 83960
174.738, 83960
174.74, 83960
174.741, 83960
174.742, 83960
174.743, 83960
174.745, 83960
174.746, 83960
174.747, 83960
174.748, 83960
174.75, 83960
174.751, 83960
174.752, 83960
174.754, 83960
174.755, 83960
174.756, 83960
174.758, 83960
174.759, 83960
174.76, 83960
174.762, 83960
174.763, 83960
174.764, 83960
174.765, 83960
174.766, 83960
174.768, 83960
174.769, 83960
174.77, 83960
174.772, 83744
174.773, 83744
174.774, 83744
174.776, 83744
174.777, 83744
174.778, 83744
174.779, 83744
174.78, 83960
174.782, 83960
174.783, 83960
174.785, 83960
174.786, 83960
174.788, 83744
174.789, 83744
174.79, 83744
174.792, 83744
174.793, 83744
174.794, 83744
174.795, 83744
174.796, 83960
174.797, 83960
174.799, 83960
174.8, 83960
174.801, 83960
174.802, 83960
174.803, 83960
174.805, 83960
174.806, 83960
174.807, 83960
174.808, 83960
174.809, 83960
174.81, 83960
174.812, 83960
174.813, 83960
174.814, 83960
174.816, 83960
174.817, 83960
174.818, 83960
174.819, 83960
174.821, 83960
174.822, 83960
174.823, 83960
174.824, 83960
174.825, 83960
174.826, 83960
174.828, 83960
174.829, 83960
174.83, 83960
174.831, 83960
174.832, 83960
174.834, 83960
174.835, 83960
174.836, 83960
174.837, 83960
174.838, 83960
174.839, 84176
174.841, 84176
174.842, 84176
174.844, 84176
174.845, 84176
174.847, 84176
174.848, 83960
174.849, 83960
174.85, 83960
174.852, 83960
174.853, 83960
174.854, 83960
174.855, 83960
174.856, 83960
174.858, 83960
174.859, 83960
174.86, 83960
174.861, 83960
174.862, 83960
174.864, 83960
174.865, 83960
174.866, 83960
174.867, 83960
174.868, 83960
174.869, 83960
174.871, 83960
174.872, 83960
174.873, 83960
174.874, 83960
174.875, 83960
174.877, 83960
174.878, 83960
174.879, 83960
174.88, 83960
174.881, 83960
174.883, 83528
174.884, 83528
174.885, 83528
174.886, 83528
174.887, 83528
174.889, 83528
174.89, 83528
174.891, 83528
174.892, 83528
174.893, 83528
174.895, 83528
174.896, 83528
174.897, 83528
174.899, 83312
174.9, 83312
174.902, 83312
174.903, 83312
174.904, 83312
174.905, 83312
174.907, 83312
174.908, 83744
174.91, 83744
174.911, 83744
174.912, 83744
174.913, 83744
174.915, 83744
174.916, 83744
174.917, 83744
174.918, 83744
174.919, 83744
174.92, 83744
174.922, 83744
174.923, 83744
174.924, 83744
174.925, 83744
174.926, 83744
174.928, 83744
174.929, 83744
174.93, 83744
174.932, 83744
174.933, 83744
174.934, 83744
174.936, 83744
174.937, 83744
174.938, 83744
174.939, 83744
174.94, 83744
174.941, 83744
174.942, 83744
174.944, 83744
174.945, 83744
174.946, 83744
174.947, 83744
174.948, 83744
174.949, 83744
174.95, 83744
174.952, 83744
174.953, 83744
174.954, 83744
174.955, 83744
174.956, 83744
174.957, 83744
174.958, 83528
174.96, 83528
174.961, 83528
174.962, 83528
174.964, 83528
174.965, 83528
174.966, 83528
174.967, 83528
174.969, 83528
174.97, 83528
174.971, 83528
174.972, 83528
174.973, 83528
174.974, 83528
174.975, 83528
174.977, 83528
174.978, 83528
174.979, 83528
174.98, 83528
174.982, 83528
174.983, 83528
174.985, 83528
174.986, 83528
174.987, 83528
174.989, 83528
174.99, 83528
174.991, 83528
174.993, 83528
174.994, 83528
174.995, 83528
174.996, 83528
174.997, 83528
174.998, 83528
175, 83528
175.001, 83528
175.002, 83312
175.003, 83312
175.004, 83312
175.005, 83312
175.007, 83312
175.008, 83312
175.009, 83312
175.01, 83312
175.011, 83312
175.013, 83312
175.014, 83312
175.015, 83312
175.016, 83312
175.018, 83312
175.019, 83312
175.02, 83312
175.021, 83312
175.022, 83312
175.023, 83312
175.024, 83312
175.026, 83312
175.027, 83096
175.028, 83096
175.03, 83096
175.031, 83096
175.033, 83096
175.034, 83096
175.035, 83528
175.036, 83528
175.038, 83528
175.039, 83528
175.04, 83528
175.042, 83528
175.043, 83528
175.044, 83528
175.045, 83528
175.046, 83528
175.047, 83528
175.048, 83528
175.05, 83528
175.051, 83528
175.052, 83528
175.053, 83312
175.054, 83312
175.055, 83312
175.057, 83312
175.058, 83312
175.06, 83312
175.061, 83312
175.063, 83312
175.064, 83312
175.065, 83312
175.067, 83312
175.068, 83312
175.069, 83312
175.07, 83528
175.071, 83528
175.072, 83528
175.074, 83528
175.075, 83528
175.076, 83528
175.077, 83528
175.078, 83744
175.079, 83744
175.08, 83744
175.082, 83744
175.083, 83744
175.084, 83744
175.085, 83744
175.086, 83960
175.088, 83960
175.089, 83960
175.09, 83960
175.094, 83960
175.095, 84176
175.096, 84176
175.098, 84176
175.099, 84176
175.1, 84176
175.101, 84176
175.102, 84176
175.103, 84176
175.104, 83744
175.106, 83744
175.107, 83744
175.108, 83744
175.109, 83744
175.11, 83744
175.112, 83744
175.113, 83744
175.114, 83744
175.115, 83744
175.117, 83744
175.118, 83744
175.119, 83744
175.12, 83744
175.121, 83744
175.122, 83744
175.124, 83744
175.125, 83744
175.126, 83744
175.127, 83744
175.129, 83744
175.13, 83744
175.131, 83744
175.132, 83744
175.133, 83744
175.134, 83744
175.136, 83744
175.137, 83744
175.138, 83960
175.139, 83960
175.14, 83960
175.142, 83960
175.143, 83960
175.145, 83960
175.146, 83960
175.147, 83960
175.148, 83960
175.149, 83960
175.151, 83960
175.152, 83960
175.153, 83960
175.154, 83960
175.155, 83960
175.157, 83960
175.158, 83960
175.159, 83960
175.161, 83960
175.162, 83960
175.163, 83960
175.164, 83960
175.166, 83960
175.167, 83960
175.168, 83960
175.169, 83960
175.17, 83960
175.171, 83960
175.173, 83960
175.174, 83960
175.176, 83960
175.177, 83960
175.178, 83960
175.18, 83960
175.181, 83960
175.182, 83960
175.183, 83960
175.184, 83960
175.185, 83960
175.186, 83960
175.188, 83960
175.189, 83960
175.19, 83960
175.191, 83960
175.192, 83960
175.194, 83960
175.195, 83960
175.196, 83960
175.197, 83960
175.198, 83960
175.199, 83960
175.201, 83960
175.202, 83960
175.203, 83960
175.205, 83960
175.206, 83960
175.207, 83960
175.208, 83960
175.21, 83960
175.211, 83960
175.212, 83960
175.213, 83960
175.215, 83960
175.216, 83960
175.217, 83960
175.218, 83960
175.219, 83960
175.22, 83960
175.222, 83960
175.223, 83960
175.224, 83960
175.225, 83960
175.227, 83960
175.228, 83960
175.229, 83960
175.23, 83960
175.231, 83960
175.232, 83960
175.234, 83960
175.235, 83960
175.236, 83960
175.237, 83960
175.238, 83960
175.239, 83960
175.241, 83960
175.242, 83960
175.243, 83960
175.245, 83960
175.246, 83960
175.247, 83960
175.248, 83960
175.25, 83960
175.251, 83960
175.252, 83960
175.253, 83960
175.254, 83960
175.256, 83960
175.257, 83960
175.258, 84176
175.259, 84176
175.261, 84176
175.262, 84176
175.263, 84176
175.264, 84176
175.265, 84176
175.267, 83960
175.268, 83960
175.269, 83960
175.27, 83960
175.272, 83960
175.273, 83960
175.274, 83960
175.276, 83960
175.277, 83960
175.278, 83960
175.28, 83960
175.281, 83960
175.282, 83960
175.283, 83960
175.285, 83960
175.286, 83960
175.287, 83960
175.288, 83960
175.29, 83960
175.291, 83960
175.292, 84176
175.293, 84176
175.294, 84176
175.296, 84176
175.297, 84176
175.298, 84176
175.299, 84176
175.3, 83960
175.302, 83960
175.303, 83960
175.305, 83960
175.306, 83960
175.307, 83960
175.308, 83960
175.309, 83960
175.311, 83960
175.312, 83960
175.313, 83960
175.314, 83960
175.315, 83960
175.317, 83960
175.318, 83960
175.319, 83960
175.32, 83960
175.321, 83960
175.323, 83960
175.324, 83960
175.325, 83960
175.326, 83960
175.328, 83960
175.329, 83960
175.33, 83960
175.331, 83960
175.333, 83960
175.334, 83960
175.336, 83960
175.337, 83960
175.339, 83960
175.34, 83960
175.341, 83960
175.342, 83960
175.343, 83960
175.345, 83960
175.346, 83960
175.347, 83960
175.348, 83960
175.349, 83960
175.35, 83960
175.352, 83960
175.353, 83960
175.354, 83960
175.356, 83960
175.357, 83960
175.358, 83960
175.359, 83960
175.36, 83960
175.361, 83960
175.363, 83960
175.364, 83960
175.365, 83960
175.366, 83960
175.368, 83960
175.369, 83960
175.37, 83960
175.371, 83960
175.372, 83960
175.374, 83960
175.375, 83960
175.376, 83960
175.377, 83960
175.379, 83960
175.38, 83960
175.382, 83960
175.383, 83960
175.384, 83960
175.386, 83960
175.387, 83960
175.388, 83960
175.39, 83960
175.391, 83960
175.392, 83960
175.393, 83960
175.395, 83960
175.396, 83960
175.398, 83960
175.399, 83960
175.4, 83960
175.401, 83960
175.402, 83744
175.403, 83744
175.405, 83744
175.406, 83744
175.407, 83744
175.408, 83744
175.41, 83744
175.412, 83960
175.413, 83960
175.414, 83960
175.416, 83960
175.417, 83960
175.418, 83960
175.419, 83960
175.42, 83960
175.422, 83960
175.423, 83960
175.424, 83960
175.425, 83960
175.427, 83960
175.428, 83960
175.429, 83960
175.43, 83960
175.431, 83960
175.433, 83960
175.434, 83960
175.435, 83960
175.436, 83960
175.438, 83960
175.439, 83960
175.44, 83960
175.442, 83960
175.443, 83960
175.444, 83960
175.446, 83960
175.447, 83960
175.448, 83960
175.449, 83960
175.45, 83960
175.452, 83960
175.453, 83960
175.454, 83960
175.455, 83960
175.457, 83960
175.458, 83960
175.459, 83960
175.46, 83960
175.461, 83960
175.462, 83960
175.464, 83960
175.465, 83960
175.466, 83960
175.467, 83960
175.469, 83960
175.47, 83960
175.471, 83960
175.473, 83960
175.474, 83960
175.475, 83960
175.476, 83960
175.478, 83960
175.479, 83960
175.48, 83960
175.481, 83960
175.482, 83960
175.483, 83960
175.485, 83960
175.486, 83960
175.487, 83960
175.488, 83960
175.489, 83960
175.491, 83960
175.492, 83960
175.493, 83960
175.494, 83960
175.495, 83960
175.497, 83960
175.498, 83960
175.499, 83960
175.5, 83960
175.502, 83960
175.503, 83960
175.504, 83960
175.505, 83744
175.506, 83744
175.507, 83744
175.508, 83744
175.51, 83744
175.511, 83744
175.512, 83744
175.513, 83528
175.515, 83528
175.516, 83528
175.517, 83528
175.518, 83528
175.519, 83528
175.521, 83528
175.522, 83744
175.524, 83744
175.526, 83744
175.527, 83744
175.529, 83744
175.53, 83744
175.532, 83744
175.533, 83744
175.534, 83744
175.536, 83744
175.537, 83744
175.538, 83744
175.539, 83744
175.541, 83744
175.542, 83744
175.543, 83744
175.544, 83744
175.545, 83744
175.546, 83744
175.547, 83528
175.549, 83528
175.55, 83528
175.551, 83528
175.552, 83528
175.554, 83528
175.555, 83528
175.556, 83744
175.557, 83744
175.559, 83744
175.56, 83744
175.561, 83744
175.562, 83744
175.563, 83744
175.565, 83744
175.566, 83744
175.567, 83744
175.568, 83744
175.569, 83744
175.57, 83744
175.571, 83744
175.573, 83744
175.574, 83312
175.575, 83312
175.576, 83312
175.577, 83312
175.578, 83312
175.579, 83312
175.581, 83312
175.582, 83096
175.583, 83096
175.584, 83096
175.585, 83096
175.586, 83096
175.587, 83096
175.589, 83096
175.59, 82880
175.591, 82880
175.593, 82880
175.594, 82880
175.595, 82880
175.596, 82880
175.598, 82880
175.599, 83312
175.6, 83312
175.601, 83312
175.602, 83312
175.603, 83312
175.604, 83312
175.606, 83312
175.607, 83096
175.608, 83096
175.61, 83096
175.611, 83096
175.612, 83096
175.614, 83096
175.615, 83096
175.616, 83312
175.617, 83312
175.619, 83312
175.62, 83312
175.621, 83312
175.623, 83312
175.624, 83312
175.625, 83312
175.626, 83312
175.627, 83312
175.628, 83312
175.629, 83312
175.631, 83312
175.632, 83312
175.633, 82880
175.634, 82880
175.635, 82880
175.637, 82880
175.638, 82880
175.639, 82880
175.641, 82880
175.642, 83096
175.643, 83096
175.644, 83096
175.645, 83096
175.647, 83096
175.648, 83096
175.649, 83096
175.65, 82880
175.651, 82880
175.652, 82880
175.654, 82880
175.655, 82880
175.657, 82880
175.658, 82880
175.66, 82880
175.661, 82880
175.662, 82880
175.664, 82880
175.665, 82880
175.666, 82880
175.667, 83312
175.669, 83312
175.67, 83312
175.671, 83312
175.672, 83312
175.673, 83312
175.674, 83312
175.675, 83528
175.677, 83528
175.678, 83528
175.679, 83528
175.68, 83528
175.681, 83528
175.682, 83528
175.684, 83528
175.685, 83528
175.686, 83528
175.688, 83528
175.689, 83528
175.69, 83528
175.691, 83528
175.692, 83528
175.694, 83528
175.695, 83528
175.696, 83528
175.697, 83528
175.698, 83528
175.699, 83528
175.7, 83528
175.702, 83528
175.703, 83528
175.704, 83528
175.705, 83528
175.706, 83528
175.707, 83528
175.709, 83528
175.71, 83744
175.711, 83744
175.712, 83744
175.714, 83744
175.715, 83744
175.716, 83744
175.717, 83744
175.719, 83744
175.72, 83744
175.721, 83744
175.722, 83744
175.724, 83744
175.725, 83744
175.726, 83744
175.727, 83960
175.729, 83960
175.73, 83960
175.731, 83960
175.732, 83960
175.734, 83960
175.735, 83960
175.737, 83960
175.738, 83960
175.74, 83960
175.741, 83960
175.742, 83960
175.744, 83960
175.745, 83960
175.747, 83960
175.748, 83960
175.75, 83960
175.751, 83960
175.753, 83960
175.754, 83960
175.756, 83960
175.757, 83960
175.758, 83960
175.76, 83960
175.761, 83744
175.762, 83744
175.764, 83744
175.765, 83744
175.766, 83744
175.767, 83744
175.769, 83744
175.77, 83960
175.771, 83960
175.772, 83960
175.774, 83960
175.775, 83960
175.776, 83960
175.778, 83960
175.779, 83960
175.78, 83960
175.781, 83960
175.783, 83960
175.784, 83960
175.785, 83960
175.786, 83960
175.788, 83960
175.795, 83960
175.796, 83960
175.797, 83960
175.799, 83960
175.8, 83960
175.801, 83960
175.802, 83960
175.804, 83960
175.805, 83960
175.806, 83960
175.807, 83960
175.809, 83960
175.81, 83960
175.811, 83960
175.812, 83960
175.814, 83960
175.815, 83960
175.823, 84176
175.824, 84176
175.826, 84176
175.827, 84176
175.828, 84176
175.829, 84176
175.831, 84176
175.832, 84176
175.833, 84176
175.834, 84176
175.836, 84176
175.837, 84176
175.838, 83960
175.839, 83960
175.841, 83960
175.842, 83960
175.844, 83960
175.845, 83960
175.847, 83960
175.849, 83960
175.85, 83960
175.852, 83960
175.854, 83960
175.856, 83960
175.857, 83960
175.858, 83960
175.859, 83960
175.861, 83960
175.862, 83960
175.863, 83744
175.865, 83744
175.866, 83744
175.867, 83744
175.868, 83744
175.87, 83744
175.871, 83744
175.872, 83744
175.873, 83744
175.875, 83744
175.876, 83744
175.877, 83744
175.878, 83744
175.88, 83744
175.881, 83960
175.882, 83960
175.883, 83960
175.885, 83960
175.886, 83960
175.887, 83960
175.888, 83960
175.889, 83744
175.891, 83744
175.892, 83744
175.893, 83744
175.894, 83744
175.896, 83744
175.897, 83744
175.898, 83960
175.899, 83960
175.901, 83960
175.902, 83960
175.904, 83960
175.906, 83960
175.907, 83960
175.908, 83960
175.91, 83960
175.912, 83960
175.913, 83960
175.914, 83744
175.915, 83744
175.917, 83744
175.918, 83744
175.919, 83744
175.92, 83744
175.922, 83744
175.923, 83960
175.925, 83960
175.926, 83960
175.927, 83960
175.929, 83960
175.931, 83960
175.939, 83960
175.954, 83960
175.966, 83960
175.968, 83960
175.97, 83960
175.971, 83960
175.974, 83960
175.977, 83960
175.981, 83960
175.982, 83960
175.983, 83960
175.985, 83960
175.986, 83960
175.987, 83960
175.989, 83960
175.99, 83960
175.991, 83960
175.992, 83960
175.994, 83960
175.998, 83960
176.002, 83744
176.004, 83744
176.006, 83744
176.012, 83744
176.014, 83744
176.02, 83744
176.028, 83960
176.03, 83960
176.031, 83960
176.039, 83960
176.041, 83960
176.042, 83960
176.044, 83960
176.045, 83960
176.047, 83960
176.048, 83960
176.049, 83960
176.05, 83960
176.052, 83960
176.053, 83960
176.054, 83960
176.055, 83960
176.056, 83960
176.057, 83960
176.059, 83960
176.06, 83960
176.061, 83960
176.062, 83960
176.064, 83960
176.065, 83960
176.066, 83960
176.067, 83960
176.068, 83960
176.069, 83960
176.071, 83960
176.072, 83960
176.074, 83960
176.075, 83960
176.076, 83960
176.078, 83960
176.079, 83960
176.08, 83960
176.081, 83960
176.082, 83960
176.084, 83960
176.085, 83960
176.086, 83960
176.087, 83960
176.088, 83960
176.09, 83960
176.091, 83960
176.093, 83960
176.094, 83960
176.095, 83960
176.096, 83960
176.097, 83960
176.098, 83960
176.1, 83960
176.101, 83960
176.102, 83960
176.103, 83960
176.105, 83960
176.106, 83960
176.107, 83960
176.108, 83960
176.109, 83960
176.11, 83528
176.112, 83528
176.113, 83528
176.114, 83528
176.115, 83528
176.116, 83528
176.118, 83528
176.119, 83528
176.12, 83528
176.121, 83528
176.122, 83528
176.124, 83528
176.125, 83528
176.127, 83528
176.128, 83312
176.13, 83312
176.131, 83312
176.133, 83312
176.134, 83312
176.136, 83312
176.137, 83528
176.138, 83528
176.139, 83528
176.141, 83528
176.142, 83528
176.143, 83528
176.144, 83528
176.145, 83528
176.146, 83528
176.148, 83528
176.149, 83528
176.15, 83528
176.151, 83528
176.152, 83528
176.153, 83096
176.155, 83096
176.156, 83096
176.157, 83096
176.158, 83096
176.16, 83096
176.161, 83096
176.163, 83312
176.164, 83312
176.165, 83312
176.166, 83312
176.167, 83312
176.169, 83312
176.17, 83312
176.171, 83312
176.172, 83312
176.173, 83312
176.174, 83312
176.176, 83312
176.177, 83312
176.178, 83312
176.179, 83096
176.18, 83096
176.181, 83096
176.182, 83096
176.184, 83096
176.185, 83096
176.186, 83096
176.187, 83096
176.188, 82880
176.189, 82880
176.191, 82880
176.192, 82880
176.193, 82880
176.194, 82880
176.196, 83096
176.197, 83096
176.198, 83096
176.199, 83096
176.201, 83096
176.202, 83096
176.203, 83096
176.204, 83096
176.205, 83096
176.206, 83096
176.207, 83096
176.209, 83096
176.21, 83096
176.211, 83096
176.213, 83096
176.214, 83096
176.216, 83096
176.217, 83096
176.218, 83096
176.219, 83096
176.221, 83096
176.222, 83528
176.223, 83528
176.224, 83528
176.225, 83528
176.227, 83528
176.228, 83528
176.229, 83528
176.23, 83744
176.231, 83744
176.232, 83744
176.234, 83744
176.235, 83744
176.248, 83744
176.249, 83744
176.25, 83744
176.251, 83744
176.253, 83744
176.254, 83744
176.255, 83744
176.257, 83744
176.258, 83744
176.26, 83744
176.261, 83744
176.262, 83744
176.263, 83744
176.265, 83744
176.266, 83744
176.267, 83744
176.268, 83744
176.27, 83744
176.271, 83744
176.272, 83744
176.273, 83744
176.274, 83744
176.275, 83744
176.277, 83744
176.278, 83744
176.279, 83744
176.28, 83744
176.281, 83312
176.282, 83312
176.284, 83312
176.285, 83312
176.286, 83312
176.288, 83312
176.289, 83312
176.29, 83528
176.291, 83528
176.293, 83528
176.294, 83528
176.295, 83528
176.296, 83528
176.297, 83528
176.298, 83744
176.299, 83744
176.301, 83744
176.302, 83744
176.303, 83744
176.304, 83744
176.305, 83744
176.306, 83744
176.308, 83744
176.309, 83744
176.31, 83744
176.311, 83744
176.312, 83744
176.313, 83744
176.315, 83744
176.316, 83744
176.317, 83744
176.318, 83744
176.319, 83744
176.321, 83744
176.322, 83744
176.323, 83744
176.325, 83960
176.326, 83960
176.327, 83960
176.328, 83960
176.33, 83960
176.331, 83960
176.332, 83960
176.334, 83960
176.335, 83960
176.336, 83960
176.337, 83960
176.339, 83960
176.34, 83960
176.341, 83960
176.342, 83960
176.343, 83960
176.345, 83960
176.346, 83960
176.347, 83960
176.348, 83960
176.35, 83744
176.351, 83744
176.352, 83744
176.353, 83744
176.354, 83744
176.355, 83744
176.357, 83744
176.358, 83960
176.359, 83960
176.361, 83960
176.362, 83960
176.363, 83960
176.365, 83960
176.366, 83960
176.367, 83960
176.368, 83960
176.369, 83960
176.37, 83960
176.371, 83960
176.373, 83960
176.374, 83960
176.375, 83960
176.376, 83960
176.378, 83960
176.379, 83960
176.38, 83960
176.381, 83960
176.382, 83960
176.384, 83960
176.385, 83960
176.386, 83960
176.387, 83960
176.388, 83960
176.389, 83960
176.391, 83960
176.392, 83960
176.394, 83960
176.395, 83960
176.396, 83960
176.397, 83960
176.399, 83960
176.4, 83960
176.401, 83960
176.402, 83960
176.403, 83960
176.404, 83960
176.406, 83960
176.407, 83960
176.408, 83960
176.409, 83960
176.41, 83960
176.412, 83960
176.413, 83960
176.414, 83960
176.415, 83960
176.416, 83960
176.418, 84176
176.419, 84176
176.421, 84176
176.422, 84176
176.423, 84176
176.424, 84176
176.425, 84176
176.427, 84176
176.428, 84176
176.429, 84176
176.43, 84176
176.432, 84176
176.433, 84176
176.434, 84176
176.435, 84176
176.436, 84176
176.438, 84176
176.439, 84176
176.44, 84176
176.442, 84176
176.443, 84176
176.444, 84176
176.445, 84176
176.447, 84176
176.448, 84176
176.449, 84176
176.45, 84176
176.451, 84176
176.452, 84176
176.454, 84176
176.455, 84176
176.456, 84176
176.457, 84176
176.458, 84176
176.46, 84176
176.461, 83960
176.463, 83960
176.464, 83960
176.465, 83960
176.466, 83960
176.467, 83960
176.469, 83960
176.47, 83960
176.471, 83960
176.472, 83960
176.474, 83960
176.475, 83960
176.476, 83960
176.478, 83960
176.479, 83960
176.48, 83960
176.481, 83960
176.483, 83960
176.484, 83960
176.485, 83960
176.486, 83960
176.488, 83960
176.489, 83960
176.49, 83960
176.492, 83960
176.493, 83960
176.494, 83960
176.495, 83960
176.497, 83960
176.498, 83960
176.499, 83960
176.5, 83960
176.501, 83960
176.502, 83960
176.504, 83960
176.505, 83960
176.506, 83960
176.508, 83960
176.509, 83960
176.51, 83960
176.512, 83960
176.513, 83960
176.514, 83960
176.515, 83960
176.516, 83960
176.518, 83960
176.519, 83960
176.521, 84176
176.522, 84176
176.523, 84176
176.525, 84176
176.526, 84176
176.527, 84176
176.528, 84176
176.53, 83960
176.531, 83960
176.532, 83960
176.533, 83960
176.534, 83960
176.536, 83960
176.537, 83960
176.538, 83960
176.539, 83960
176.54, 83960
176.541, 83960
176.543, 83960
176.544, 83960
176.545, 83960
176.546, 83960
176.547, 83960
176.549, 83960
176.551, 83960
176.552, 83960
176.554, 83960
176.555, 83960
176.557, 83960
176.558, 83960
176.559, 83960
176.56, 83960
176.561, 83960
176.563, 83960
176.564, 83960
176.565, 83960
176.566, 83960
176.567, 83960
176.568, 83960
176.57, 83960
176.571, 83960
176.572, 83960
176.573, 83960
176.574, 83960
176.575, 83960
176.577, 83960
176.578, 83960
176.579, 83960
176.58, 83960
176.581, 83960
176.583, 83960
176.584, 83960
176.585, 83960
176.587, 83960
176.588, 83960
176.589, 83960
176.59, 83960
176.591, 83960
176.593, 83960
176.594, 83960
176.595, 83960
176.596, 83960
176.598, 83960
176.599, 83960
176.601, 83960
176.602, 83960
176.603, 83960
176.604, 83960
176.606, 83960
176.607, 83960
176.608, 83960
176.61, 83960
176.611, 83960
176.612, 83960
176.613, 83960
176.614, 83960
176.615, 83960
176.617, 83960
176.618, 83960
176.619, 83960
176.62, 83960
176.621, 83960
176.622, 83960
176.624, 83960
176.625, 83960
176.627, 83960
176.628, 83960
176.629, 83960
176.63, 83960
176.631, 83744
176.632, 83744
176.634, 83744
176.635, 83744
176.637, 83744
176.64, 83744
176.642, 83744
176.643, 83744
176.645, 83744
176.646, 83744
176.647, 83744
176.649, 83528
176.65, 83528
176.651, 83528
176.652, 83528
176.654, 83528
176.655, 83528
176.656, 83528
176.657, 83528
176.658, 83528
176.659, 83528
176.661, 83528
176.662, 83528
176.663, 83528
176.664, 83528
176.666, 83528
176.667, 83528
176.669, 83528
176.671, 83528
176.672, 83528
176.673, 83528
176.674, 83528
176.676, 83528
176.677, 83528
176.678, 83528
176.679, 83528
176.68, 83528
176.682, 83528
176.683, 83312
176.684, 83312
176.685, 83312
176.686, 83312
176.688, 83312
176.689, 83312
176.691, 83312
176.692, 83312
176.694, 83312
176.695, 83312
176.696, 83312
176.698, 83312
176.699, 83312
176.7, 83528
176.701, 83528
176.703, 83528
176.704, 83528
176.705, 83528
176.706, 83528
176.708, 83528
176.709, 83528
176.71, 83528
176.711, 83528
176.712, 83528
176.713, 83528
176.715, 83528
176.716, 83528
176.717, 83528
176.718, 83528
176.72, 83528
176.722, 83528
176.723, 83528
176.725, 83528
176.726, 83528
176.728, 83528
176.729, 83528
176.73, 83528
176.732, 83528
176.733, 83528
176.734, 83744
176.735, 83744
176.737, 83744
176.738, 83744
176.74, 83744
176.742, 83744
176.743, 83744
176.745, 83744
176.746, 83744
176.748, 83744
176.749, 83744
176.75, 83960
176.752, 83960
176.753, 83960
176.755, 83960
176.756, 83960
176.757, 83960
176.759, 83960
176.76, 83960
176.761, 83960
176.762, 83960
176.763, 83960
176.765, 83960
176.766, 83960
176.767, 84176
176.769, 84176
176.77, 84176
176.772, 84176
176.773, 84176
176.775, 84176
176.776, 84176
176.778, 84176
176.779, 84176
176.781, 84176
176.782, 84176
176.784, 84176
176.785, 84176
176.786, 84176
176.788, 84176
176.789, 84176
176.79, 84176
176.792, 84176
176.793, 83960
176.794, 83960
176.796, 83960
176.797, 83960
176.799, 83960
176.8, 83960
176.801, 83960
176.802, 83744
176.804, 83744
176.805, 83744
176.806, 83744
176.808, 83744
176.809, 83744
176.811, 83744
176.812, 83744
176.813, 83744
176.815, 83744
176.818, 83744
176.82, 84176
176.821, 84176
176.822, 84176
176.824, 84176
176.825, 84176
176.827, 84176
176.828, 83960
176.829, 83960
176.83, 83960
176.831, 83960
176.833, 83960
176.834, 83960
176.835, 83960
176.838, 83744
176.84, 83744
176.841, 83744
176.843, 83744
176.844, 84176
176.845, 84176
176.847, 84176
176.848, 84176
176.849, 84176
176.85, 84176
176.851, 84176
176.852, 84176
176.853, 83744
176.855, 83744
176.856, 83744
176.857, 83744
176.858, 83744
176.859, 83744
176.86, 83744
176.861, 83744
176.863, 83744
176.864, 83744
176.865, 83744
176.866, 83744
176.867, 83744
176.868, 83744
176.87, 83744
176.871, 83528
176.872, 83528
176.874, 83528
176.875, 83528
176.877, 83528
176.878, 83528
176.879, 83744
176.88, 83744
176.881, 83744
176.882, 83744
176.884, 83744
176.885, 83744
176.886, 83744
176.887, 83528
176.89, 83528
176.894, 83528
176.895, 83528
176.897, 83744
176.898, 83744
176.899, 83744
176.9, 83744
176.901, 83744
176.902, 83744
176.903, 83744
176.905, 83960
176.906, 83960
176.907, 83960
176.908, 83960
176.909, 83960
176.91, 83960
176.912, 83960
176.913, 83528
176.914, 83528
176.915, 83528
176.916, 83528
176.918, 83528
176.919, 83528
176.92, 83528
176.921, 83744
176.922, 83744
176.923, 83744
176.925, 83744
176.926, 83744
176.927, 83744
176.928, 83744
176.929, 83744
176.93, 83528
176.931, 83528
176.933, 83528
176.934, 83528
176.936, 83528
176.937, 83528
176.942, 83312
176.944, 83312
176.946, 83312
176.95, 83744
176.952, 83744
176.953, 83744
176.955, 83744
176.956, 84176
176.957, 84176
176.958, 84176
176.959, 84176
176.961, 84176
176.962, 84176
176.963, 84176
176.964, 83960
176.965, 83960
176.966, 83960
176.968, 83960
176.969, 83960
176.97, 83960
176.972, 83960
176.973, 83744
176.974, 83744
176.975, 83744
176.977, 83744
176.978, 83744
176.979, 83744
176.98, 83744
176.982, 84176
176.983, 84176
176.984, 84176
176.985, 84176
176.987, 84176
176.988, 84176
176.99, 84392
176.991, 84392
176.993, 84392
176.994, 84392
176.995, 84392
176.997, 84392
176.998, 84608
176.999, 84608
177.001, 84608
177.002, 84608
177.003, 84608
177.005, 84608
177.006, 84608
177.007, 84824
177.009, 84824
177.01, 84824
177.011, 84824
177.013, 84824
177.014, 84824
177.015, 85040
177.017, 85040
177.019, 85040
177.02, 85040
177.022, 85040
177.023, 85040
177.025, 85040
177.026, 85040
177.027, 85040
177.029, 85040
177.03, 85040
177.032, 85040
177.033, 84824
177.034, 84824
177.036, 84824
177.037, 84824
177.039, 84824
177.04, 84824
177.041, 85040
177.043, 85040
177.044, 85040
177.046, 85040
177.047, 85040
177.049, 85040
177.05, 84824
177.051, 84824
177.053, 84824
177.054, 84824
177.056, 84824
177.057, 84824
177.058, 84824
177.059, 84824
177.06, 84824
177.062, 84824
177.063, 84824
177.065, 84824
177.066, 84824
177.067, 84608
177.069, 84608
177.07, 84608
177.071, 84608
177.073, 84608
177.074, 84608
177.075, 84824
177.077, 84824
177.078, 84824
177.079, 84824
177.081, 84824
177.082, 84824
177.083, 84824
177.085, 84824
177.086, 84824
177.088, 84824
177.089, 84824
177.09, 84824
177.092, 84824
177.093, 84824
177.094, 84824
177.096, 84824
177.097, 84824
177.099, 84824
177.1, 84824
177.102, 84824
177.103, 84824
177.104, 84824
177.105, 84824
177.107, 84824
177.108, 84824
177.109, 84824
177.111, 84824
177.112, 84824
177.113, 84824
177.115, 84824
177.116, 84824
177.118, 84824
177.119, 84824
177.121, 84824
177.122, 84824
177.123, 84824
177.125, 84824
177.126, 84824
177.127, 84824
177.128, 84824
177.13, 84824
177.131, 84824
177.132, 84824
177.133, 84824
177.134, 84824
177.136, 84824
177.137, 84824
177.138, 84824
177.139, 84824
177.141, 84824
177.142, 84824
177.144, 84824
177.145, 84824
177.146, 84824
177.148, 84824
177.149, 84824
177.15, 84824
177.152, 84824
177.153, 84824
177.154, 84824
177.156, 84824
177.157, 84824
177.159, 84824
177.16, 84824
177.162, 84824
177.163, 84824
177.165, 84824
177.166, 84824
177.168, 84824
177.169, 84824
177.171, 84824
177.172, 84824
177.174, 84824
177.175, 84824
177.177, 84824
177.178, 84824
177.179, 84824
177.181, 84824
177.182, 84824
177.184, 84824
177.185, 84824
177.186, 84824
177.188, 84824
177.189, 84824
177.191, 84824
177.192, 84824
177.194, 84824
177.195, 85040
177.197, 85040
177.198, 85040
177.199, 85040
177.201, 85040
177.202, 85040
177.203, 84824
177.205, 84824
177.206, 84824
177.207, 84824
177.208, 84824
177.209, 84824
177.211, 84824
177.212, 84824
177.213, 84824
177.214, 84824
177.216, 84824
177.217, 84824
177.218, 84824
177.22, 85040
177.221, 85040
177.223, 85040
177.224, 85040
177.226, 85040
177.227, 85040
177.229, 85040
177.23, 85040
177.231, 85040
177.233, 85040
177.234, 85040
177.236, 85040
177.237, 85040
177.239, 85040
177.24, 85040
177.242, 85040
177.243, 85040
177.245, 85040
177.246, 84824
177.248, 84824
177.249, 84824
177.251, 84824
177.253, 84824
177.254, 84824
177.256, 84824
177.257, 84824
177.258, 84824
177.26, 84824
177.261, 84824
177.262, 84824
177.263, 84824
177.265, 84824
177.266, 84824
177.267, 84824
177.268, 84824
177.27, 84824
177.271, 84608
177.273, 84608
177.274, 84608
177.276, 84608
177.277, 84608
177.278, 84608
177.28, 84392
177.281, 84392
177.282, 84392
177.283, 84392
177.285, 84392
177.286, 84392
177.287, 84392
177.288, 84608
177.29, 84608
177.291, 84608
177.292, 84608
177.294, 84608
177.295, 84608
177.296, 84608
177.298, 84608
177.299, 84608
177.301, 84608
177.302, 84608
177.304, 84608
177.306, 84608
177.307, 84608
177.308, 84608
177.31, 84608
177.311, 84608
177.313, 84608
177.315, 84608
177.317, 84608
177.318, 84608
177.32, 84608
177.321, 84608
177.323, 84608
177.324, 84608
177.326, 84608
177.328, 84608
177.329, 84608
177.331, 84824
177.332, 84824
177.334, 84824
177.335, 84824
177.336, 84824
177.338, 84824
177.34, 84608
177.341, 84608
177.342, 84608
177.344, 84608
177.345, 84608
177.347, 84608
177.348, 84608
177.35, 84608
177.351, 84608
177.353, 84608
177.354, 84608
177.356, 84608
177.357, 84608
177.359, 84608
177.36, 84608
177.362, 84608
177.364, 84608
177.365, 84608
177.367, 84608
177.369, 84608
177.37, 84608
177.372, 84608
177.373, 84608
177.375, 84608
177.376, 84608
177.377, 84608
177.379, 84608
177.38, 84608
177.381, 84608
177.383, 84608
177.384, 84608
177.385, 84608
177.387, 84608
177.388, 84608
177.389, 84608
177.391, 84608
177.392, 84608
177.393, 84608
177.394, 84608
177.395, 84608
177.397, 84608
177.398, 84608
177.399, 84176
177.401, 84176
177.402, 84176
177.404, 84176
177.405, 84176
177.407, 84176
177.408, 83960
177.409, 83960
177.41, 83960
177.412, 83960
177.414, 83960
177.415, 83960
177.417, 83960
177.418, 83960
177.42, 83960
177.421, 83960
177.423, 83960
177.426, 84176
177.428, 84176
177.429, 84176
177.43, 84176
177.432, 84176
177.433, 84176
177.435, 84176
177.436, 84176
177.437, 84176
177.438, 84176
177.44, 84176
177.442, 83960
177.443, 83960
177.445, 83960
177.446, 83960
177.447, 83960
177.449, 83960
177.45, 84176
177.452, 84176
177.453, 84176
177.455, 84176
177.456, 84176
177.457, 84176
177.459, 84392
177.46, 84392
177.461, 84392
177.462, 84392
177.463, 84392
177.464, 84392
177.466, 84392
177.467, 84392
177.468, 83960
177.469, 83960
177.47, 83960
177.471, 83960
177.473, 83960
177.474, 83960
177.475, 83960
177.476, 83744
177.482, 83744
177.483, 83744
177.485, 83960
177.486, 83960
177.487, 83960
177.489, 83960
177.49, 83960
177.492, 83960
177.493, 83960
177.495, 83960
177.498, 83960
177.5, 83960
177.501, 83960
177.502, 83960
177.504, 83960
177.505, 83960
177.509, 83960
177.511, 84392
177.512, 84392
177.513, 84392
177.515, 84392
177.516, 84392
177.517, 84392
177.518, 84608
177.52, 84608
177.521, 84608
177.522, 84608
177.523, 84608
177.524, 84608
177.529, 84608
177.531, 84608
177.532, 84608
177.533, 84608
177.534, 84608
177.535, 84608
177.536, 84608
177.537, 84608
177.539, 84608
177.54, 84608
177.541, 84608
177.542, 84608
177.55, 84392
177.552, 84392
177.553, 84608
177.558, 84608
177.559, 84608
177.561, 84608
177.562, 84824
177.563, 84824
177.564, 84824
177.565, 84824
177.566, 84824
177.567, 84824
177.569, 84824
177.57, 84608
177.571, 84608
177.572, 84608
177.574, 84608
177.577, 84608
177.579, 84608
177.58, 84608
177.581, 84608
177.582, 84608
177.583, 84608
177.585, 84608
177.586, 84608
177.587, 85040
177.588, 85040
177.589, 85040
177.591, 85040
177.592, 85040
177.593, 85040
177.594, 85040
177.595, 85256
177.597, 85256
177.598, 85256
177.599, 85256
177.6, 85256
177.602, 85256
177.603, 85256
177.605, 85256
177.606, 85256
177.607, 85256
177.609, 85256
177.61, 85256
177.611, 85256
177.613, 85472
177.614, 85472
177.615, 85472
177.617, 85472
177.618, 85472
177.619, 85472
177.62, 85472
177.622, 85472
177.623, 85472
177.624, 85472
177.626, 85472
177.627, 85472
177.628, 85472
177.63, 85256
177.631, 85256
177.632, 85256
177.634, 85256
177.635, 85256
177.636, 85256
177.638, 85256
177.639, 85256
177.64, 85256
177.642, 85256
177.643, 85256
177.644, 85256
177.646, 85256
177.647, 85040
177.648, 85040
177.65, 85040
177.651, 85040
177.652, 85040
177.654, 85040
177.655, 85040
177.656, 85040
177.657, 85040
177.66, 85040
177.662, 85040
177.663, 85040
177.664, 85040
177.665, 85040
177.667, 85040
177.668, 85040
177.669, 85040
177.67, 85040
177.672, 84824
177.673, 84824
177.675, 84824
177.676, 84824
177.677, 84824
177.678, 84824
177.68, 84824
177.681, 84608
177.682, 84608
177.683, 84608
177.684, 84608
177.685, 84608
177.687, 84608
177.688, 84608
177.694, 84608
177.696, 84608
177.697, 84608
177.698, 84608
177.699, 84608
177.701, 84608
177.702, 84608
177.703, 84608
177.705, 84608
177.706, 84608
177.707, 84608
177.708, 84608
177.71, 84608
177.711, 84608
177.712, 84608
177.713, 84608
177.715, 84608
177.716, 84608
177.717, 84608
177.718, 84608
177.72, 84608
177.721, 84608
177.722, 84608
177.724, 84392
177.725, 84392
177.726, 84392
177.727, 84392
177.728, 84392
177.73, 84392
177.731, 84392
177.732, 84392
177.733, 84392
177.734, 84392
177.735, 84392
177.737, 84392
177.738, 84392
177.739, 84392
177.741, 84176
177.743, 84176
177.746, 84176
177.749, 83960
177.75, 83960
177.752, 83960
177.754, 83960
177.756, 83960
177.757, 83960
177.758, 83744
177.76, 83744
177.761, 83744
177.763, 83744
177.764, 83744
177.771, 83960
177.777, 83744
177.779, 83744
177.78, 83744
177.781, 83744
177.785, 83528
177.793, 83744
177.795, 83744
177.798, 83744
177.8, 83528
177.803, 83528
177.804, 83528
177.806, 83528
177.808, 83528
177.809, 83312
177.81, 83312
177.812, 83312
177.813, 83312
177.815, 83312
177.816, 83312
177.817, 83528
177.82, 83528
177.825, 83528
177.827, 83528
177.828, 83528
177.847, 83528
177.851, 83744
177.854, 83744
177.856, 83744
177.857, 83744
177.863, 83528
177.865, 83528
177.867, 83528
177.871, 83744
177.875, 83744
177.88, 83744
177.889, 83744
177.89, 83744
177.892, 83744
177.895, 83960
177.902, 83744
177.906, 83744
177.913, 83744
177.918, 83744
177.919, 83528
177.923, 83528
177.927, 83528
177.932, 83744
177.946, 83744
177.948, 83744
177.949, 83744
177.955, 83960
177.957, 83960
177.959, 83960
177.961, 83960
177.963, 83744
177.965, 83744
177.967, 83744
177.968, 83744
177.969, 83744
177.971, 83960
177.972, 83960
177.974, 83960
177.976, 83960
177.987, 83744
177.992, 83744
177.997, 83528
178, 83528
178.001, 83528
178.004, 83528
178.006, 83528
178.013, 83528
178.018, 83528
178.022, 83528
178.035, 83312
178.037, 83312
178.039, 83528
178.043, 83528
178.045, 83528
178.051, 83528
178.057, 83312
178.066, 83312
178.075, 83312
178.08, 83312
178.088, 83528
178.093, 83528
178.095, 83528
178.097, 83528
178.106, 83312
178.11, 83312
178.115, 83312
178.124, 83312
178.129, 83312
178.133, 83528
178.138, 83528
178.152, 83528
178.154, 83528
178.156, 83528
178.157, 83528
178.158, 83528
178.16, 83528
178.167, 83528
178.17, 83528
178.173, 83528
178.184, 83312
178.185, 83528
178.187, 83528
178.194, 83744
178.197, 83744
178.198, 83744
178.199, 83744
178.201, 83744
178.203, 83744
178.204, 83744
178.205, 83744
178.206, 83744
178.207, 83744
178.208, 83744
178.211, 83528
178.212, 83528
178.213, 83528
178.214, 83528
178.216, 83528
178.217, 83528
178.218, 83528
178.22, 83528
178.221, 83528
178.222, 83528
178.223, 83528
178.224, 83528
178.226, 83528
178.227, 83528
178.23, 83528
178.232, 83528
178.234, 83528
178.239, 83960
178.24, 83960
178.242, 83960
178.243, 83960
178.244, 83960
178.245, 83960
178.246, 83960
178.248, 83960
178.249, 83960
178.25, 83960
178.251, 83960
178.252, 83744
178.253, 83744
178.262, 83960
178.263, 83960
178.265, 83960
178.266, 83960
178.268, 83960
178.269, 83960
178.27, 83960
178.272, 83960
178.273, 83960
178.274, 83960
178.275, 83960
178.277, 83960
178.278, 83960
178.279, 83744
178.28, 83744
178.281, 83744
178.282, 83744
178.283, 83744
178.285, 83744
178.286, 83744
178.287, 83744
178.288, 83744
178.289, 83744
178.291, 83744
178.292, 83744
178.294, 83744
178.295, 83960
178.296, 83960
178.298, 83960
178.299, 83960
178.301, 83960
178.302, 83960
178.304, 83744
178.305, 83744
178.306, 83744
178.308, 83744
178.309, 83744
178.311, 83744
178.312, 83960
178.32, 83960
178.322, 84176
178.323, 84176
178.325, 84176
178.326, 84176
178.327, 84176
178.329, 84176
178.33, 84176
178.331, 84176
178.333, 84176
178.334, 84176
178.335, 84176
178.336, 84176
178.337, 84176
178.339, 84176
178.34, 84176
178.341, 84176
178.343, 84176
178.344, 84176
178.345, 84176
178.346, 84176
178.347, 84176
178.348, 84176
178.349, 84176
178.351, 84176
178.352, 84176
178.353, 84176
178.354, 84176
178.355, 83960
178.356, 83960
178.362, 83960
178.363, 83960
178.375, 84176
178.383, 84176
178.388, 84176
178.395, 84176
178.399, 83960
178.404, 83960
178.407, 83744
178.411, 83744
178.425, 83744
178.429, 83744
178.432, 83744
178.435, 83744
178.436, 83744
178.438, 83744
178.449, 83744
178.463, 83960
178.467, 83960
178.469, 83960
178.476, 83960
178.483, 83960
178.496, 84176
178.503, 83960
178.508, 84176
178.513, 84176
178.514, 84176
178.516, 84176
178.531, 83960
178.536, 83960
178.542, 83960
178.544, 83960
178.547, 83960
178.555, 83960
178.56, 83744
178.567, 83744
178.573, 83744
178.58, 83528
178.587, 83528
178.595, 83744
178.598, 83744
178.602, 83744
178.611, 83744
178.616, 83744
178.618, 83528
178.622, 83528
178.63, 83744
178.636, 83744
178.644, 83744
178.646, 83528
178.65, 83528
178.655, 83528
178.66, 83312
178.669, 83312
178.675, 83312
178.678, 83312
178.68, 83528
178.684, 83528
178.692, 83528
178.697, 83528
178.698, 83528
178.703, 83528
178.707, 83528
178.709, 83528
178.713, 83528
178.719, 83528
178.726, 83528
178.729, 83528
178.742, 83528
178.744, 83528
178.748, 83744
178.754, 83744
178.757, 83744
178.759, 83744
178.763, 83744
178.768, 83744
178.769, 83744
178.77, 83744
178.772, 83744
178.775, 83744
178.781, 83528
178.785, 83528
178.796, 83528
178.798, 83528
178.802, 83528
178.807, 83528
178.818, 83528
178.822, 83312
178.828, 83312
178.829, 83312
178.835, 83528
178.838, 83528
178.842, 83528
178.844, 83528
178.845, 83528
178.852, 83528
178.853, 83528
178.854, 83528
178.856, 83528
178.857, 83528
178.862, 83528
178.864, 83528
178.866, 83528
178.867, 83744
178.868, 83744
178.87, 83744
178.871, 83744
178.872, 83744
178.874, 83744
178.876, 83960
178.877, 83960
178.881, 83960
178.882, 83960
178.883, 83960
178.884, 84176
178.886, 84176
178.887, 84176
178.888, 84176
178.89, 84176
178.891, 84176
178.892, 84392
178.894, 84392
178.895, 84392
178.896, 84392
178.897, 84392
178.898, 84392
178.9, 84392
178.901, 84608
178.902, 84608
178.904, 84608
178.905, 84608
178.907, 84608
178.908, 84608
178.909, 84608
178.91, 84608
178.912, 84608
178.913, 84608
178.914, 84608
178.915, 84608
178.916, 84608
178.918, 84608
178.919, 84608
178.92, 84608
178.922, 84608
178.923, 84608
178.924, 84608
178.926, 84608
178.928, 84608
178.93, 84608
178.937, 84392
178.939, 84392
178.956, 84392
178.961, 84176
178.965, 84176
178.967, 84176
178.972, 83960
178.975, 83960
178.976, 83960
178.978, 83744
178.98, 83744
178.991, 83744
178.994, 83744
179.001, 83744
179.009, 83744
179.013, 83744
179.017, 83744
179.024, 83528
179.026, 83528
179.029, 83528
179.033, 83528
179.036, 83312
179.04, 83312
179.043, 83312
179.047, 83528
179.05, 83528
179.053, 83528
179.065, 83744
179.071, 83528
179.073, 83528
179.079, 83528
179.086, 83528
179.09, 83528
179.098, 83744
179.1, 83744
179.103, 83744
179.105, 83744
179.107, 83744
179.117, 83528
179.122, 83744
179.129, 83744
179.135, 83744
179.142, 83744
179.144, 83744
179.146, 83744
179.159, 83744
179.164, 83744
179.169, 83744
179.171, 83744
179.172, 83744
179.175, 83960
179.176, 83960
179.179, 83960
179.185, 83744
179.187, 83744
179.19, 83528
179.195, 83528
179.197, 83528
179.199, 83528
179.2, 83528
179.203, 83528
179.206, 83528
179.207, 83528
179.208, 83528
179.21, 83528
179.211, 83528
179.219, 83312
179.226, 83528
179.23, 83528
179.233, 83528
179.243, 83528
179.245, 83528
179.248, 83528
179.252, 83312
179.26, 83312
179.262, 83312
179.266, 83312
179.268, 83528
179.271, 83528
179.274, 83528
179.276, 83312
179.279, 83312
179.281, 83312
179.285, 83096
179.287, 83096
179.289, 83096
179.29, 83096
179.292, 83096
179.293, 83096
179.294, 83312
179.296, 83312
179.297, 83312
179.305, 83528
179.308, 83528
179.311, 83312
179.312, 83312
179.314, 83312
179.315, 83312
179.317, 83312
179.318, 83312
179.319, 83312
179.32, 83096
179.321, 83096
179.323, 83096
179.324, 83096
179.325, 83096
179.326, 83096
179.328, 83096
179.329, 83096
179.33, 83096
179.332, 83096
179.333, 83096
179.334, 83096
179.336, 83096
179.337, 82880
179.338, 82880
179.34, 82880
179.343, 82880
179.352, 83096
179.353, 83312
179.355, 83312
179.356, 83312
179.357, 83312
179.358, 83312
179.36, 83312
179.361, 83312
179.362, 83096
179.365, 83096
179.379, 83096
179.382, 83096
179.384, 83096
179.386, 83096
179.387, 83312
179.389, 83312
179.393, 83312
179.394, 83312
179.395, 83312
179.396, 83528
179.398, 83528
179.399, 83528
179.4, 83528
179.401, 83528
179.402, 83528
179.403, 83528
179.404, 83312
179.406, 83312
179.407, 83312
179.408, 83312
179.409, 83312
179.411, 83312
179.412, 83312
179.414, 83528
179.415, 83528
179.417, 83528
179.418, 83528
179.419, 83528
179.42, 83528
179.421, 83528
179.422, 83312
179.424, 83312
179.425, 83312
179.43, 83528
179.432, 83528
179.433, 83528
179.434, 83528
179.436, 83528
179.437, 83528
179.438, 83960
179.44, 83960
179.441, 83960
179.442, 83960
179.443, 83960
179.445, 83960
179.446, 83960
179.447, 83744
179.448, 83744
179.449, 83744
179.45, 83744
179.451, 83744
179.453, 83744
179.455, 83744
179.456, 83528
179.458, 83528
179.459, 83528
179.46, 83528
179.462, 83528
179.463, 83528
179.464, 84176
179.465, 84176
179.467, 84176
179.47, 84176
179.471, 84176
179.472, 84176
179.474, 84608
179.475, 84608
179.476, 84608
179.477, 84608
179.479, 84608
179.481, 84608
179.482, 84824
179.483, 84824
179.485, 84824
179.487, 84824
179.489, 84824
179.491, 85040
179.493, 85040
179.494, 85040
179.496, 85040
179.497, 85040
179.498, 85040
179.5, 85040
179.501, 85040
179.502, 85040
179.503, 85040
179.507, 85040
179.509, 85040
179.51, 85040
179.511, 85040
179.513, 85040
179.514, 85040
179.515, 85040
179.517, 85040
179.518, 85040
179.522, 85040
179.523, 85040
179.525, 85040
179.526, 85040
179.527, 85040
179.529, 85040
179.53, 85040
179.531, 85040
179.533, 84824
179.534, 84824
179.535, 84824
179.537, 84824
179.538, 84824
179.539, 84824
179.54, 84824
179.542, 84824
179.543, 84824
179.544, 84824
179.545, 84824
179.546, 84824
179.547, 84824
179.549, 84824
179.55, 84824
179.551, 84824
179.552, 84824
179.554, 84824
179.555, 84824
179.557, 84824
179.558, 84608
179.559, 84608
179.56, 84608
179.562, 84608
179.563, 84608
179.564, 84608
179.565, 84608
179.567, 84608
179.568, 84608
179.569, 84608
179.571, 84608
179.572, 84608
179.573, 84608
179.574, 84608
179.575, 84608
179.576, 84608
179.578, 84608
179.579, 84608
179.58, 84608
179.581, 84608
179.583, 84608
179.584, 84608
179.585, 84608
179.586, 84608
179.587, 84608
179.589, 84608
179.59, 84608
179.591, 84608
179.592, 84608
179.594, 84608
179.595, 84608
179.596, 84608
179.597, 84608
179.599, 84608
179.6, 84608
179.601, 84392
179.603, 84392
179.604, 84392
179.605, 84392
179.607, 84392
179.608, 84392
179.609, 84608
179.61, 84608
179.612, 84608
179.613, 84608
179.614, 84608
179.615, 84608
179.616, 84608
179.617, 84608
179.619, 84392
179.62, 84392
179.621, 84392
179.623, 84392
179.624, 84392
179.625, 84392
179.626, 84392
179.627, 84392
179.629, 84392
179.63, 84392
179.631, 84392
179.632, 84392
179.634, 84392
179.635, 84392
179.636, 84392
179.638, 84392
179.639, 84392
179.641, 84392
179.642, 84392
179.644, 84392
179.645, 84392
179.647, 84392
179.648, 84392
179.65, 84392
179.651, 84392
179.652, 84392
179.654, 84392
179.655, 84392
179.656, 84392
179.658, 84392
179.659, 84392
179.66, 84392
179.661, 84392
179.663, 84392
179.664, 84392
179.665, 84392
179.666, 84392
179.668, 84392
179.669, 84392
179.67, 84392
179.671, 84392
179.672, 84392
179.674, 84392
179.675, 84392
179.676, 84392
179.677, 84392
179.679, 84392
179.68, 84392
179.681, 84392
179.682, 84392
179.683, 84392
179.685, 84392
179.686, 84392
179.687, 84392
179.688, 84392
179.689, 84392
179.691, 84392
179.692, 84392
179.693, 84392
179.694, 84392
179.695, 84392
179.697, 84392
179.698, 84392
179.699, 84392
179.7, 84392
179.701, 84392
179.703, 84392
179.704, 84392
179.705, 84392
179.707, 84392
179.708, 84392
179.71, 84392
179.711, 84392
179.713, 84392
179.714, 84392
179.715, 84392
179.717, 84392
179.718, 84392
179.719, 84392
179.72, 84176
179.721, 84176
179.723, 84176
179.724, 84176
179.725, 84176
179.726, 84176
179.727, 84176
179.728, 84176
179.729, 84176
179.731, 84176
179.732, 84176
179.733, 84176
179.734, 84176
179.735, 84176
179.737, 84176
179.738, 84392
179.739, 84392
179.74, 84392
179.741, 84392
179.743, 84392
179.744, 84392
179.746, 84392
179.747, 84392
179.748, 84392
179.749, 84392
179.751, 84392
179.752, 84392
179.753, 84392
179.755, 84392
179.756, 84392
179.758, 84392
179.759, 84392
179.76, 84392
179.761, 84392
179.763, 84392
179.764, 84392
179.765, 84392
179.766, 84392
179.767, 84392
179.768, 84392
179.77, 84392
179.771, 84392
179.772, 84392
179.773, 84392
179.774, 84392
179.776, 84392
179.777, 84392
179.778, 84392
179.779, 84392
179.78, 84392
179.782, 84392
179.783, 84392
179.785, 84392
179.786, 84392
179.788, 84392
179.789, 84392
179.79, 84392
179.792, 84392
179.793, 84392
179.794, 84392
179.795, 84392
179.797, 84176
179.798, 84176
179.799, 84176
179.8, 84176
179.802, 84176
179.803, 84176
179.805, 84176
179.806, 84176
179.808, 84176
179.809, 84176
179.811, 84176
179.812, 84176
179.813, 84176
179.814, 84176
179.816, 84176
179.817, 84176
179.818, 84176
179.82, 84176
179.821, 84176
179.823, 84176
179.824, 84176
179.825, 84176
179.826, 84176
179.828, 84176
179.829, 84176
179.83, 84176
179.831, 84176
179.832, 84176
179.834, 84176
179.835, 84176
179.836, 84176
179.838, 84176
179.839, 84176
179.84, 84176
179.841, 84176
179.843, 84176
179.844, 84176
179.845, 84176
179.846, 84176
179.848, 84176
179.849, 84176
179.851, 84176
179.852, 84176
179.853, 84176
179.855, 84176
179.856, 84176
179.857, 84176
179.858, 84176
179.86, 84176
179.861, 84176
179.862, 84176
179.863, 84176
179.864, 84176
179.866, 84176
179.867, 84176
179.868, 84176
179.87, 84176
179.871, 84176
179.872, 84176
179.873, 84176
179.874, 84176
179.876, 84176
179.877, 84176
179.878, 84176
179.879, 84176
179.881, 84176
179.882, 84176
179.883, 84176
179.884, 84176
179.885, 84176
179.887, 84176
179.888, 84176
179.889, 84176
179.89, 84176
179.891, 83744
179.893, 83744
179.894, 83744
179.895, 83744
179.897, 83744
179.898, 83744
179.899, 83744
179.9, 83744
179.901, 83744
179.902, 83744
179.904, 83744
179.906, 83744
179.912, 83744
179.914, 83744
179.915, 83744
179.917, 83744
179.918, 83744
179.919, 83744
179.921, 83744
179.922, 83744
179.923, 83744
179.925, 83960
179.926, 83960
179.927, 83960
179.928, 83960
179.929, 83960
179.931, 83960
179.932, 83960
179.933, 83960
179.934, 84176
179.935, 84176
179.936, 84176
179.938, 84176
179.939, 84176
179.94, 84176
179.942, 84176
179.943, 84176
179.945, 84176
179.946, 84176
179.947, 84176
179.949, 84176
179.95, 84176
179.951, 84392
179.952, 84392
179.954, 84392
179.955, 84392
179.956, 84392
179.957, 84392
179.958, 84392
179.959, 84392
179.96, 84392
179.962, 84392
179.963, 84392
179.964, 84392
179.965, 84392
179.966, 84392
179.967, 84392
179.968, 84392
179.97, 84392
179.971, 84392
179.972, 84392
179.973, 84392
179.974, 84392
179.976, 84392
179.977, 84392
179.978, 84392
179.98, 84392
179.981, 84392
179.983, 84392
179.984, 84392
179.985, 84176
179.987, 84176
179.988, 84176
179.989, 84176
179.991, 84176
179.992, 84176
179.993, 84176
179.994, 83744
179.996, 83744
179.998, 83744
179.999, 83744
180.001, 83744
180.003, 83960
180.004, 83960
180.006, 83960
180.007, 83960
180.008, 83960
180.01, 83960
180.011, 84176
180.012, 84176
180.014, 84176
180.015, 84176
180.016, 84176
180.017, 84176
180.018, 84176
180.02, 83744
180.021, 83744
180.022, 83744
180.023, 83744
180.024, 83744
180.026, 83744
180.028, 83744
180.029, 83744
180.031, 83744
180.032, 83744
180.033, 83744
180.034, 83744
180.035, 83744
180.036, 83960
180.037, 83960
180.039, 83960
180.04, 83960
180.041, 83960
180.042, 83960
180.044, 83960
180.045, 83960
180.048, 83960
180.049, 83960
180.05, 83960
180.051, 83960
180.053, 83960
180.054, 84392
180.055, 84392
180.057, 84392
180.058, 84392
180.059, 84392
180.06, 84392
180.061, 84392
180.062, 84176
180.063, 84176
180.065, 84176
180.066, 84176
180.067, 84176
180.068, 84176
180.069, 84176
180.07, 83960
180.072, 83960
180.073, 83960
180.074, 83960
180.076, 83960
180.077, 83960
180.078, 84392
180.08, 84392
180.081, 84392
180.085, 84392
180.086, 84392
180.087, 84392
180.089, 84392
180.09, 84392
180.092, 84392
180.093, 84392
180.097, 84608
180.098, 84608
180.1, 84608
180.101, 84608
180.102, 84608
180.103, 84608
180.105, 84824
180.106, 84824
180.107, 84824
180.108, 84824
180.11, 84824
180.111, 84824
180.112, 84824
180.113, 85040
180.114, 85040
180.118, 85040
180.12, 85040
180.121, 85040
180.122, 85040
180.123, 85040
180.124, 85040
180.132, 84824
180.134, 84824
180.136, 84824
180.137, 84824
180.139, 84824
180.14, 84824
180.141, 84824
180.155, 84608
180.157, 84608
180.159, 84608
180.162, 84608
180.166, 84824
180.169, 84824
180.171, 84824
180.175, 84824
180.176, 84824
180.178, 84824
180.179, 84824
180.181, 84824
180.182, 84824
180.183, 84824
180.185, 84824
180.186, 84824
180.187, 84824
180.188, 84824
180.19, 84824
180.191, 84824
180.193, 84824
180.194, 84824
180.195, 84824
180.197, 84824
180.198, 84824
180.199, 84824
180.2, 84824
180.201, 84824
180.203, 84824
180.204, 84824
180.205, 84824
180.206, 84824
180.208, 84824
180.209, 84824
180.21, 84824
180.212, 84824
180.213, 84824
180.214, 84824
180.215, 84824
180.216, 84824
180.218, 84824
180.219, 84824
180.22, 84824
180.222, 84824
180.223, 84824
180.224, 84824
180.225, 84824
180.227, 84824
180.228, 84824
180.229, 84824
180.23, 84824
180.232, 84824
180.233, 84824
180.234, 84824
180.235, 84824
180.236, 84824
180.237, 84824
180.239, 84824
180.24, 84824
180.241, 84824
180.243, 84824
180.244, 84824
180.245, 84824
180.246, 84824
180.248, 84824
180.249, 84824
180.25, 84824
180.252, 84824
180.253, 84824
180.255, 84824
180.256, 84824
180.258, 84824
180.259, 84824
180.26, 84824
180.262, 84824
180.263, 84824
180.265, 84824
180.266, 84824
180.267, 84824
180.269, 84824
180.27, 84824
180.271, 84824
180.272, 84824
180.274, 84824
180.275, 84608
180.276, 84608
180.277, 84608
180.279, 84608
180.28, 84608
180.281, 84608
180.282, 84608
180.284, 84824
180.285, 84824
180.286, 84824
180.287, 84824
180.289, 84824
180.29, 84824
180.291, 84824
180.293, 84824
180.294, 84824
180.296, 84824
180.297, 84824
180.298, 84824
180.299, 84824
180.301, 84608
180.302, 84608
180.303, 84608
180.304, 84608
180.305, 84608
180.307, 84608
180.308, 84608
180.309, 84608
180.31, 84608
180.311, 84608
180.312, 84608
180.314, 84608
180.315, 84608
180.316, 84608
180.317, 84608
180.319, 84608
180.32, 84608
180.321, 84608
180.323, 84608
180.324, 84608
180.326, 84608
180.327, 84608
180.329, 84608
180.33, 84608
180.332, 84608
180.333, 84608
180.335, 84608
180.336, 84608
180.337, 84608
180.339, 84608
180.34, 84608
180.341, 84608
180.343, 84608
180.344, 84608
180.345, 84608
180.346, 84608
180.348, 84608
180.349, 84608
180.35, 84608
180.352, 84608
180.353, 84608
180.354, 84608
180.355, 84608
180.357, 84608
180.358, 84608
180.359, 84608
180.361, 84608
180.362, 84608
180.363, 84608
180.365, 84608
180.366, 84608
180.368, 84608
180.369, 84608
180.371, 84608
180.372, 84608
180.374, 84608
180.375, 84608
180.376, 84608
180.377, 84608
180.379, 84608
180.38, 84608
180.381, 84608
180.382, 84608
180.383, 84608
180.385, 84608
180.386, 84608
180.387, 84608
180.389, 84608
180.39, 84608
180.391, 84608
180.392, 84608
180.393, 84608
180.395, 84608
180.396, 84608
180.398, 84608
180.399, 84608
180.4, 84608
180.402, 84608
180.403, 84392
180.404, 84392
180.406, 84392
180.407, 84392
180.408, 84392
180.409, 84392
180.41, 84392
180.412, 84392
180.413, 84392
180.414, 84392
180.416, 84392
180.417, 84392
180.418, 84392
180.42, 84608
180.421, 84608
180.422, 84608
180.424, 84608
180.425, 84608
180.427, 84608
180.428, 84608
180.43, 84608
180.431, 84608
180.433, 84608
180.434, 84608
180.436, 84608
180.437, 84608
180.438, 84608
180.439, 84608
180.44, 84608
180.442, 84608
180.443, 84608
180.444, 84608
180.446, 84608
180.447, 84608
180.448, 84608
180.449, 84608
180.451, 84608
180.452, 84608
180.454, 84608
180.455, 84608
180.457, 84608
180.458, 84608
180.46, 84608
180.461, 84608
180.462, 84608
180.463, 84608
180.465, 84608
180.466, 84608
180.467, 84608
180.468, 84608
180.469, 84608
180.471, 84608
180.472, 84392
180.473, 84392
180.474, 84392
180.476, 84392
180.477, 84392
180.478, 84392
180.48, 84608
180.481, 84608
180.483, 84608
180.484, 84608
180.485, 84608
180.486, 84608
180.487, 84608
180.488, 84608
180.49, 84608
180.491, 84608
180.492, 84608
180.493, 84608
180.495, 84608
180.496, 84608
180.497, 84392
180.499, 84392
180.5, 84392
180.501, 84392
180.502, 84392
180.503, 84392
180.504, 84392
180.506, 83960
180.507, 83960
180.509, 83960
180.51, 83960
180.511, 83960
180.513, 83960
180.514, 83960
180.515, 83960
180.517, 83960
180.518, 83960
180.519, 83960
180.521, 83960
180.522, 83960
180.523, 84176
180.524, 84176
180.525, 84176
180.527, 84176
180.528, 84176
180.529, 84176
180.53, 84176
180.531, 83744
180.532, 83744
180.533, 83744
180.535, 83744
180.536, 83744
180.537, 83744
180.539, 83744
180.54, 83744
180.541, 83744
180.543, 83744
180.544, 83744
180.545, 83744
180.547, 83744
180.548, 83960
180.549, 83960
180.55, 83960
180.551, 83960
180.552, 83960
180.554, 83960
180.555, 83960
180.556, 83960
180.557, 83744
180.558, 83744
180.559, 83744
180.56, 83744
180.561, 83744
180.563, 83744
180.564, 83744
180.565, 83528
180.566, 83528
180.567, 83528
180.569, 83528
180.57, 83528
180.571, 83528
180.573, 83528
180.574, 83528
180.575, 83528
180.577, 83528
180.578, 83528
180.579, 83528
180.58, 83528
180.581, 83528
180.582, 83528
180.583, 83528
180.585, 83528
180.586, 83528
180.587, 83528
180.589, 83528
180.591, 83744
180.592, 83744
180.594, 83744
180.595, 83744
180.597, 83744
180.598, 83744
180.6, 84176
180.602, 84176
180.604, 84176
180.606, 84176
180.607, 84392
180.609, 84392
180.61, 84392
180.611, 84392
180.613, 84392
180.614, 84392
180.615, 84392
180.616, 84392
180.618, 84392
180.619, 84392
180.62, 84392
180.622, 84392
180.623, 84392
180.624, 84392
180.625, 84392
180.626, 84392
180.627, 84392
180.629, 84392
180.63, 84392
180.631, 84392
180.632, 84392
180.634, 83960
180.635, 83960
180.637, 83960
180.638, 83960
180.64, 83960
180.641, 83960
180.642, 84392
180.644, 84392
180.645, 84392
180.646, 84392
180.647, 84392
180.649, 84392
180.65, 84392
180.651, 84392
180.652, 84392
180.653, 84392
180.655, 84392
180.656, 84392
180.657, 84392
180.658, 84392
180.659, 83960
180.66, 83960
180.662, 83960
180.663, 83960
180.664, 83960
180.666, 83960
180.671, 84176
180.672, 84176
180.673, 84176
180.675, 84176
180.676, 84608
180.677, 84608
180.678, 84608
180.68, 84608
180.681, 84608
180.682, 84608
180.686, 84608
180.687, 84608
180.689, 84608
180.69, 84608
180.691, 84608
180.693, 84824
180.694, 84824
180.697, 84824
180.7, 84824
180.71, 85040
180.713, 85040
180.72, 85040
180.722, 85040
180.724, 85040
180.727, 85040
180.728, 85256
180.73, 85256
180.739, 85040
180.741, 85040
180.742, 85040
180.743, 85040
180.745, 85256
180.746, 85256
180.747, 85256
180.749, 85256
180.75, 85256
180.751, 85256
180.752, 85256
180.753, 85256
180.757, 85256
180.758, 85256
180.759, 85256
180.761, 85256
180.762, 85256
180.764, 85256
180.765, 85256
180.766, 85256
180.774, 85040
180.775, 85040
180.776, 85040
180.779, 85040
180.78, 85040
180.782, 85040
180.783, 85040
180.784, 85040
180.789, 85040
180.79, 85040
180.792, 85040
180.793, 85040
180.794, 85040
180.796, 84824
180.797, 84824
180.798, 84824
180.799, 84824
180.81, 84608
180.814, 84608
180.824, 84608
180.826, 84608
180.827, 84608
180.828, 84608
180.83, 84608
180.839, 84392
180.84, 84392
180.842, 84392
180.843, 84392
180.845, 84392
180.846, 84392
180.847, 84176
180.848, 84176
180.849, 84176
180.85, 84176
180.852, 84176
180.853, 84176
180.854, 84176
180.859, 83960
180.86, 83960
180.861, 83960
180.863, 83960
180.865, 84176
180.868, 84176
180.876, 84176
180.878, 84176
180.879, 84176
180.88, 84176
180.882, 84176
180.883, 84176
180.884, 84176
180.885, 84176
180.887, 84176
180.888, 84176
180.889, 84176
180.891, 84176
180.892, 84176
180.893, 84176
180.895, 84176
180.896, 84176
180.897, 84176
180.898, 84176
180.899, 84176
180.901, 84176
180.902, 84176
180.903, 84176
180.904, 84176
180.905, 84176
180.907, 84176
180.908, 84176
180.909, 84176
180.91, 84176
180.911, 84176
180.913, 84176
180.914, 84176
180.915, 84176
180.916, 84176
180.918, 84176
180.919, 84176
180.92, 84176
180.922, 84176
180.923, 84176
180.925, 84176
180.926, 84176
180.928, 84176
180.929, 84176
180.93, 84176
180.931, 84176
180.932, 84176
180.934, 84176
180.935, 84176
180.936, 84176
180.937, 84176
180.938, 84176
180.94, 84176
180.941, 84176
180.942, 84176
180.943, 84176
180.944, 84176
180.946, 84176
180.947, 84176
180.948, 84176
180.949, 84176
180.95, 84176
180.952, 84176
180.953, 84176
180.954, 84176
180.955, 84176
180.956, 84176
180.958, 83960
180.959, 83960
180.96, 83960
180.961, 83960
180.963, 83960
180.964, 83960
180.965, 83960
180.966, 83960
180.968, 83960
180.969, 83960
180.97, 83960
180.972, 83960
180.973, 83960
180.974, 83960
180.976, 83960
180.977, 83960
180.978, 83960
180.979, 83960
180.98, 83960
180.982, 83960
180.983, 83960
180.984, 83960
180.985, 83960
180.986, 83960
180.988, 83960
180.989, 83960
180.99, 83960
180.991, 83960
180.992, 83960
180.994, 83960
180.995, 83960
180.996, 83960
180.998, 83960
180.999, 83960
181.001, 83960
181.002, 83960
181.004, 83960
181.005, 83960
181.006, 83960
181.007, 83960
181.009, 83960
181.01, 83960
181.011, 83960
181.012, 83960
181.013, 83960
181.014, 83960
181.016, 83960
181.017, 83960
181.019, 83960
181.02, 83960
181.021, 83960
181.022, 83960
181.023, 83960
181.024, 83960
181.026, 83960
181.027, 83960
181.029, 83960
181.03, 83960
181.032, 83960
181.033, 83960
181.034, 83960
181.036, 83960
181.037, 83960
181.038, 83960
181.039, 83960
181.041, 83960
181.042, 83960
181.043, 83744
181.044, 83744
181.045, 83744
181.047, 83744
181.048, 83744
181.049, 83744
181.05, 83744
181.051, 83744
181.052, 83744
181.053, 83744
181.055, 83744
181.056, 83744
181.058, 83744
181.059, 83744
181.06, 83744
181.062, 83744
181.063, 83744
181.064, 83744
181.066, 83744
181.067, 83744
181.068, 83744
181.069, 83744
181.07, 83744
181.072, 83744
181.073, 83744
181.074, 83744
181.075, 83744
181.076, 83744
181.078, 83960
181.079, 83960
181.08, 83960
181.081, 83960
181.082, 83960
181.083, 83960
181.085, 83960
181.086, 83960
181.087, 83960
181.088, 83960
181.09, 83960
181.091, 83960
181.092, 83960
181.093, 83960
181.094, 83960
181.095, 83960
181.097, 83960
181.098, 83960
181.099, 83960
181.1, 83960
181.101, 83960
181.102, 83744
181.104, 83744
181.105, 83744
181.106, 83744
181.107, 83744
181.109, 83744
181.11, 83744
181.111, 83744
181.112, 83528
181.113, 83528
181.115, 83528
181.116, 83528
181.118, 83528
181.119, 83528
181.12, 83528
181.122, 83528
181.123, 83528
181.124, 83528
181.126, 83528
181.127, 83528
181.128, 83744
181.13, 83744
181.131, 83744
181.132, 83744
181.133, 83744
181.134, 83744
181.135, 83744
181.136, 83744
181.138, 83744
181.139, 83744
181.14, 83744
181.141, 83744
181.142, 83744
181.144, 83744
181.145, 83744
181.146, 83744
181.148, 83744
181.149, 83744
181.15, 83744
181.152, 83744
181.153, 83744
181.154, 83744
181.155, 83744
181.156, 83744
181.158, 83744
181.159, 83744
181.16, 83744
181.161, 83744
181.162, 83528
181.163, 83528
181.164, 83528
181.166, 83528
181.167, 83528
181.168, 83528
181.169, 83528
181.17, 83528
181.171, 83528
181.172, 83528
181.174, 83528
181.175, 83528
181.176, 83528
181.177, 83528
181.178, 83528
181.18, 83528
181.181, 83528
181.182, 83528
181.184, 83528
181.185, 83528
181.186, 83528
181.187, 83528
181.188, 83528
181.19, 83528
181.191, 83528
181.192, 83528
181.193, 83528
181.194, 83528
181.195, 83528
181.197, 83528
181.198, 83528
181.2, 83528
181.201, 83528
181.202, 83528
181.204, 83528
181.205, 83528
181.206, 83528
181.208, 83528
181.209, 83528
181.21, 83528
181.211, 83528
181.213, 83528
181.214, 83312
181.215, 83312
181.216, 83312
181.217, 83312
181.218, 83312
181.219, 83312
181.221, 83312
181.222, 83312
181.223, 83096
181.224, 83096
181.225, 83096
181.226, 83096
181.228, 83096
181.229, 83096
181.23, 83096
181.232, 83096
181.233, 83096
181.234, 83096
181.235, 83096
181.236, 83096
181.237, 83096
181.239, 83096
181.24, 83096
181.241, 83096
181.242, 83096
181.243, 83096
181.245, 83096
181.246, 83096
181.247, 83096
181.249, 83096
181.25, 83096
181.251, 83096
181.252, 83096
181.254, 83096
181.255, 83096
181.256, 83528
181.258, 83528
181.259, 83528
181.26, 83528
181.261, 83528
181.262, 83528
181.263, 83528
181.264, 83528
181.266, 83312
181.267, 83312
181.268, 83312
181.269, 83312
181.27, 83312
181.271, 83312
181.273, 83312
181.274, 83096
181.275, 83096
181.276, 83096
181.277, 83096
181.279, 83096
181.28, 83096
181.281, 83096
181.282, 83312
181.283, 83312
181.285, 83312
181.286, 83312
181.287, 83312
181.288, 83312
181.289, 83312
181.29, 83528
181.291, 83528
181.293, 83528
181.294, 83528
181.295, 83528
181.296, 83528
181.297, 83528
181.298, 83528
181.299, 83312
181.301, 83312
181.302, 83312
181.303, 83312
181.304, 83312
181.305, 83312
181.306, 83312
181.307, 83312
181.309, 83312
181.31, 83312
181.311, 83312
181.312, 83312
181.313, 83312
181.314, 83312
181.315, 83312
181.317, 83312
181.318, 83312
181.319, 83312
181.32, 83312
181.321, 83312
181.322, 83312
181.323, 83312
181.324, 83312
181.326, 83312
181.327, 83312
181.328, 83312
181.329, 83312
181.33, 83312
181.331, 83312
181.332, 83312
181.334, 83312
181.335, 83312
181.336, 83312
181.337, 83312
181.338, 83312
181.339, 83312
181.34, 83312
181.342, 83312
181.343, 83312
181.344, 83312
181.345, 83312
181.346, 83312
181.347, 83312
181.348, 83312
181.35, 83312
181.351, 83312
181.352, 83312
181.353, 83312
181.354, 83312
181.355, 83312
181.356, 83312
181.358, 83312
181.359, 83312
181.36, 83312
181.361, 83312
181.362, 83312
181.363, 83312
181.364, 83312
181.366, 83312
181.367, 83312
181.368, 83312
181.369, 83312
181.37, 83312
181.371, 83312
181.372, 83312
181.374, 83312
181.375, 83312
181.376, 83312
181.377, 83312
181.378, 83312
181.38, 83312
181.381, 83312
181.382, 83312
181.383, 83312
181.384, 83312
181.385, 83312
181.387, 83312
181.388, 83312
181.389, 83312
181.39, 83312
181.391, 83312
181.393, 83312
181.394, 83312
181.395, 83312
181.396, 83312
181.397, 83312
181.398, 83312
181.4, 83312
181.401, 83312
181.402, 83312
181.403, 83312
181.404, 83312
181.405, 83312
181.407, 83312
181.408, 83312
181.409, 83312
181.41, 83312
181.411, 83312
181.412, 83312
181.413, 83312
181.415, 83312
181.416, 83312
181.417, 83312
181.418, 83312
181.419, 83312
181.42, 83312
181.422, 83312
181.423, 83312
181.424, 83312
181.425, 83312
181.426, 83312
181.428, 83312
181.429, 83312
181.43, 83312
181.431, 83312
181.433, 83312
181.434, 83312
181.435, 83312
181.436, 83096
181.437, 83096
181.439, 83096
181.44, 83096
181.441, 83096
181.442, 83096
181.443, 83096
181.444, 82880
181.445, 82880
181.447, 82880
181.449, 82880
181.45, 82880
181.451, 82880
181.453, 82880
181.454, 82880
181.455, 82880
181.456, 82880
181.457, 82880
181.458, 82880
181.46, 82880
181.461, 82880
181.463, 83096
181.464, 83096
181.465, 83096
181.466, 83096
181.467, 83096
181.469, 83096
181.47, 83096
181.471, 83096
181.472, 83096
181.473, 83096
181.474, 83096
181.476, 83096
181.477, 83096
181.48, 83096
181.481, 83096
181.483, 83096
181.484, 83096
181.486, 83096
181.487, 83096
181.488, 83096
181.49, 83096
181.491, 83096
181.492, 83096
181.493, 83096
181.495, 83096
181.496, 83096
181.497, 83096
181.498, 83096
181.499, 83096
181.5, 83096
181.501, 83096
181.503, 83096
181.504, 82880
181.505, 82880
181.506, 82880
181.507, 82880
181.508, 82880
181.509, 82880
181.511, 82880
181.512, 82880
181.513, 82664
181.514, 82664
181.515, 82664
181.516, 82664
181.517, 82664
181.519, 82664
181.52, 82664
181.521, 82664
181.522, 82664
181.523, 82664
181.524, 82664
181.525, 82664
181.527, 82664
181.528, 82664
181.529, 82664
181.53, 82448
181.531, 82448
181.532, 82448
181.533, 82448
181.535, 82448
181.536, 82448
181.537, 82448
181.538, 82448
181.539, 82448
181.54, 82448
181.541, 82448
181.543, 82448
181.544, 82448
181.545, 82448
181.546, 82448
181.547, 82232
181.548, 82232
181.549, 82232
181.551, 82232
181.552, 82232
181.553, 82232
181.554, 82232
181.555, 82232
181.556, 82232
181.557, 82232
181.559, 82232
181.56, 82232
181.561, 82232
181.562, 82232
181.563, 82232
181.564, 82232
181.565, 82232
181.567, 82232
181.568, 82232
181.569, 82232
181.57, 82232
181.571, 82232
181.572, 82016
181.574, 82016
181.575, 82016
181.576, 82016
181.577, 82016
181.578, 82016
181.579, 82016
181.58, 81800
181.582, 81800
181.583, 81800
181.584, 81800
181.585, 81800
181.586, 81800
181.587, 81800
181.588, 81800
181.59, 81800
181.591, 81800
181.592, 81800
181.593, 81800
181.598, 81800
181.604, 81800
181.605, 81800
181.606, 82232
181.607, 82232
181.608, 82232
181.61, 82232
181.611, 82232
181.612, 82232
181.613, 82232
181.615, 82448
181.616, 82448
181.617, 82448
181.618, 82448
181.62, 82448
181.621, 82448
181.622, 82448
181.623, 82448
181.624, 82448
181.626, 82448
181.627, 82448
181.628, 82448
181.629, 82448
181.63, 82448
181.631, 82448
181.632, 82448
181.634, 82448
181.635, 82448
181.636, 82448
181.637, 82448
181.638, 82448
181.639, 82448
181.64, 82448
181.642, 82448
181.643, 82448
181.644, 82448
181.645, 82448
181.646, 82448
181.647, 82448
181.648, 82448
181.65, 82232
181.651, 82232
181.652, 82232
181.653, 82232
181.654, 82232
181.655, 82232
181.656, 82232
181.658, 82232
181.659, 82232
181.66, 82232
181.661, 82232
181.662, 82232
181.663, 82232
181.664, 82232
181.666, 82232
181.667, 82232
181.668, 82232
181.669, 82232
181.67, 82232
181.671, 82232
181.672, 82232
181.673, 82232
181.675, 82232
181.676, 82232
181.677, 82232
181.678, 82232
181.679, 82232
181.68, 82232
181.681, 82232
181.683, 82232
181.684, 82016
181.685, 82016
181.686, 82016
181.687, 82016
181.688, 82016
181.689, 82016
181.691, 82016
181.692, 82232
181.693, 82232
181.694, 82232
181.695, 82232
181.696, 82232
181.697, 82232
181.699, 82232
181.7, 82016
181.701, 82016
181.702, 82016
181.703, 82016
181.704, 82016
181.705, 82016
181.707, 82016
181.708, 82016
181.709, 82016
181.71, 82016
181.711, 82016
181.712, 82016
181.713, 82016
181.715, 82016
181.716, 82016
181.717, 82016
181.718, 82016
181.719, 82016
181.72, 82016
181.721, 82016
181.723, 82016
181.724, 82016
181.725, 82016
181.726, 81800
181.727, 81800
181.728, 81800
181.729, 81800
181.731, 81800
181.733, 81800
181.735, 82016
181.737, 82016
181.739, 82016
181.741, 82016
181.742, 82016
181.744, 82016
181.745, 82016
181.746, 82016
181.748, 82016
181.749, 82016
181.751, 82016
181.752, 82016
181.753, 82016
181.755, 82016
181.756, 82016
181.757, 82016
181.758, 82016
181.76, 82016
181.761, 82016
181.762, 82016
181.763, 82016
181.765, 82016
181.766, 82016
181.767, 82016
181.768, 81800
181.769, 81800
181.771, 81800
181.772, 81800
181.773, 81800
181.774, 81800
181.775, 81800
181.776, 81800
181.778, 82016
181.779, 82016
181.78, 82016
181.781, 82016
181.782, 82016
181.783, 82016
181.784, 82016
181.786, 82016
181.787, 82016
181.788, 82016
181.789, 82016
181.79, 82016
181.791, 82016
181.793, 82016
181.796, 82016
181.801, 82016
181.803, 82016
181.804, 82016
181.805, 82016
181.807, 82016
181.808, 82016
181.809, 82016
181.81, 82016
181.811, 82232
181.813, 82232
181.814, 82232
181.815, 82232
181.816, 82232
181.817, 82232
181.818, 82232
181.82, 82232
181.821, 82232
181.822, 82232
181.823, 82232
181.824, 82232
181.825, 82232
181.826, 82232
181.828, 82232
181.829, 82016
181.83, 82016
181.831, 82016
181.832, 82016
181.833, 82016
181.834, 82016
181.836, 82016
181.837, 81800
181.838, 81800
181.839, 81800
181.84, 81800
181.841, 81800
181.842, 81800
181.844, 81800
181.845, 81800
181.846, 81800
181.847, 81800
181.848, 81800
181.849, 81800
181.85, 81800
181.852, 81800
181.853, 81800
181.854, 81584
181.855, 81584
181.856, 81584
181.857, 81584
181.858, 81584
181.86, 81584
181.861, 81584
181.862, 81584
181.863, 81584
181.864, 81584
181.865, 81584
181.867, 81584
181.868, 81584
181.869, 81584
181.87, 81584
181.871, 81584
181.872, 81584
181.873, 81584
181.875, 81584
181.876, 81584
181.877, 81584
181.878, 81584
181.879, 81584
181.88, 81584
181.882, 81584
181.883, 81584
181.884, 81584
181.885, 81584
181.886, 81584
181.887, 81584
181.889, 81584
181.89, 81584
181.891, 81584
181.892, 81584
181.893, 81584
181.894, 81584
181.895, 81584
181.897, 81584
181.898, 81584
181.899, 81584
181.9, 81584
181.901, 81584
181.902, 81584
181.903, 81584
181.905, 81584
181.906, 81584
181.907, 81584
181.908, 81584
181.909, 81584
181.91, 81584
181.912, 81584
181.913, 81584
181.914, 81368
181.915, 81368
181.916, 81368
181.917, 81368
181.918, 81368
181.92, 81368
181.924, 81584
181.928, 81584
181.929, 81584
181.931, 81800
181.932, 81800
181.933, 81800
181.935, 81800
181.936, 81800
181.937, 81800
181.938, 81800
181.94, 82016
181.941, 82016
181.942, 82016
181.943, 82016
181.944, 82016
181.945, 82016
181.946, 82016
181.948, 82016
181.949, 82016
181.95, 82016
181.951, 82016
181.952, 82016
181.953, 82016
181.954, 82016
181.956, 82016
181.957, 81800
181.958, 81800
181.959, 81800
181.96, 81800
181.961, 81800
181.962, 81800
181.964, 81800
181.965, 81800
181.966, 81800
181.967, 81800
181.968, 81800
181.969, 81800
181.97, 81800
181.972, 81800
181.973, 81800
181.974, 81800
181.975, 81800
181.976, 81800
181.977, 81800
181.979, 81800
181.98, 81800
181.981, 81800
181.982, 81584
181.983, 81584
181.984, 81584
181.985, 81584
181.987, 81584
181.988, 81584
181.989, 81584
181.99, 81584
181.991, 81584
181.992, 81584
181.993, 81584
181.995, 81584
181.996, 81584
181.997, 81584
181.998, 81584
181.999, 81368
182, 81368
182.001, 81368
182.003, 81368
182.004, 81368
182.005, 81368
182.006, 81368
182.007, 81368
182.008, 81368
182.01, 81368
182.011, 81368
182.012, 81368
182.013, 81368
182.014, 81368
182.015, 81368
182.017, 81368
182.018, 81368
182.019, 81368
182.02, 81368
182.021, 81368
182.022, 81368
182.023, 81368
182.025, 81368
182.026, 81368
182.027, 81368
182.028, 81368
182.029, 81368
182.03, 81368
182.031, 81368
182.033, 81152
182.034, 81152
182.035, 81152
182.036, 81152
182.037, 81152
182.038, 81152
182.04, 81152
182.043, 81368
182.044, 81368
182.045, 81368
182.046, 81368
182.047, 81368
182.049, 81368
182.053, 81584
182.062, 82016
182.064, 82016
182.065, 82016
182.066, 82016
182.07, 82232
182.071, 82232
182.074, 82232
182.078, 82232
182.079, 82232
182.081, 82232
182.082, 82232
182.083, 82232
182.085, 82232
182.086, 82232
182.087, 82232
182.089, 82232
182.09, 82232
182.091, 82232
182.092, 82232
182.094, 82232
182.095, 82232
182.096, 82232
182.097, 82232
182.099, 82232
182.1, 82232
182.101, 82232
182.102, 82232
182.104, 82232
182.105, 82232
182.106, 82232
182.107, 82232
182.109, 82232
182.11, 82232
182.111, 82232
182.112, 82232
182.114, 82232
182.115, 82232
182.116, 82232
182.117, 82232
182.119, 82232
182.12, 82232
182.121, 82232
182.123, 82232
182.124, 82232
182.125, 82232
182.126, 82232
182.128, 82232
182.129, 82232
182.13, 82232
182.131, 82232
182.133, 82232
182.134, 82232
182.136, 82232
182.137, 82232
182.138, 82232
182.139, 82232
182.141, 82232
182.142, 82232
182.143, 82232
182.144, 82232
182.145, 82232
182.147, 82232
182.148, 82232
182.149, 82232
182.151, 82232
182.152, 82232
182.153, 82232
182.154, 82232
182.156, 82232
182.157, 82232
182.158, 82232
182.159, 82232
182.161, 82232
182.162, 82232
182.163, 82232
182.164, 82232
182.165, 82232
182.166, 82232
182.168, 82232
182.169, 82232
182.17, 82232
182.171, 82232
182.172, 82232
182.174, 82232
182.175, 82232
182.176, 82232
182.177, 82232
182.178, 82232
182.179, 82232
182.18, 82232
182.182, 82232
182.183, 82232
182.184, 82232
182.185, 82232
182.186, 82232
182.188, 82232
182.189, 82232
182.19, 82232
182.191, 82232
182.192, 82232
182.193, 82232
182.195, 82232
182.196, 82232
182.197, 82232
182.198, 82232
182.199, 82232
182.2, 82232
182.202, 82232
182.203, 82232
182.204, 82448
182.205, 82448
182.206, 82448
182.208, 82448
182.209, 82448
182.21, 82448
182.211, 82448
182.212, 82232
182.213, 82232
182.215, 82232
182.216, 82232
182.217, 82232
182.218, 82232
182.219, 82232
182.22, 82448
182.222, 82448
182.223, 82448
182.224, 82448
182.225, 82448
182.226, 82448
182.228, 82448
182.229, 82448
182.23, 82448
182.231, 82448
182.232, 82448
182.233, 82448
182.235, 82448
182.236, 82448
182.25, 82448
182.252, 82448
182.262, 82664
182.263, 82664
182.265, 82664
182.266, 82664
182.267, 82664
182.268, 82664
182.269, 82664
182.271, 82664
182.282, 82664
182.283, 82664
182.285, 82664
182.286, 82664
182.287, 82664
182.288, 82664
182.29, 82664
182.291, 82664
182.293, 82664
182.294, 82664
182.295, 82664
182.297, 82664
182.298, 82664
182.299, 82664
182.3, 82664
182.302, 82664
182.303, 82664
182.304, 82664
182.305, 82664
182.306, 82664
182.308, 82664
182.309, 82664
182.31, 82664
182.311, 82664
182.313, 82664
182.314, 82664
182.316, 82664
182.317, 82664
182.318, 82664
182.32, 82664
182.321, 82664
182.322, 82664
182.323, 82664
182.324, 82664
182.325, 82664
182.327, 82664
182.328, 82664
182.329, 82664
182.33, 82664
182.331, 82880
182.333, 82880
182.334, 82880
182.335, 82880
182.336, 82880
182.337, 82880
182.339, 82880
182.34, 82880
182.341, 82880
182.342, 82880
182.343, 82880
182.345, 82880
182.346, 82880
182.347, 82880
182.349, 82880
182.35, 82880
182.351, 82880
182.353, 82880
182.354, 82880
182.356, 82880
182.357, 82880
182.358, 82880
182.36, 82880
182.361, 82880
182.362, 82880
182.364, 82880
182.365, 83096
182.367, 83096
182.368, 83096
182.369, 83096
182.37, 83096
182.371, 83096
182.372, 83096
182.374, 83096
182.375, 82880
182.376, 82880
182.377, 82880
182.379, 82880
182.38, 82880
182.381, 82880
182.382, 82880
182.383, 82880
182.385, 82880
182.386, 82880
182.387, 82880
182.389, 82880
182.39, 82880
182.391, 82880
182.392, 82880
182.393, 82880
182.395, 82880
182.396, 82880
182.397, 82880
182.398, 82880
182.4, 82880
182.401, 82880
182.402, 82880
182.403, 82880
182.405, 82880
182.406, 82880
182.407, 82880
182.408, 82880
182.41, 82880
182.411, 82880
182.412, 82880
182.413, 82880
182.414, 82880
182.416, 82880
182.417, 82880
182.418, 82880
182.42, 82880
182.421, 82880
182.422, 82880
182.423, 82880
182.424, 82880
182.426, 82880
182.427, 82880
182.428, 82880
182.429, 82880
182.431, 82880
182.432, 82880
182.433, 82880
182.434, 82880
182.435, 82880
182.437, 82880
182.438, 82880
182.439, 82880
182.441, 82880
182.442, 82880
182.443, 82880
182.444, 82880
182.446, 82880
182.447, 82880
182.448, 82880
182.449, 82880
182.45, 82880
182.452, 82880
182.453, 82880
182.454, 82880
182.455, 82880
182.457, 82880
182.458, 82880
182.459, 82880
182.46, 82880
182.461, 82880
182.462, 82880
182.463, 82880
182.465, 82880
182.466, 82880
182.467, 82880
182.468, 82664
182.469, 82664
182.47, 82664
182.472, 82664
182.473, 82664
182.474, 82664
182.475, 82664
182.476, 82664
182.477, 82664
182.478, 82664
182.48, 82664
182.481, 82664
182.482, 82664
182.483, 82664
182.484, 82664
182.485, 82664
182.487, 82664
182.488, 82664
182.489, 82664
182.49, 82664
182.491, 82664
182.492, 82664
182.494, 82880
182.495, 82880
182.496, 82880
182.497, 82880
182.498, 82880
182.499, 82880
182.5, 82880
182.502, 82880
182.503, 82664
182.504, 82664
182.505, 82664
182.506, 82664
182.507, 82664
182.509, 82664
182.51, 82664
182.511, 82448
182.512, 82448
182.513, 82448
182.514, 82448
182.515, 82448
182.517, 82448
182.518, 82448
182.519, 82448
182.52, 82448
182.521, 82448
182.522, 82448
182.524, 82448
182.525, 82448
182.526, 82448
182.527, 82448
182.528, 82448
182.529, 82448
182.53, 82448
182.532, 82448
182.533, 82448
182.534, 82448
182.535, 82448
182.536, 82448
182.537, 82448
182.539, 82448
182.54, 82448
182.541, 82448
182.542, 82448
182.543, 82448
182.544, 82448
182.545, 82232
182.547, 82232
182.548, 82232
182.549, 82232
182.55, 82232
182.551, 82232
182.552, 82232
182.554, 82232
182.555, 82232
182.556, 82232
182.557, 82232
182.558, 82232
182.559, 82232
182.56, 82232
182.562, 82232
182.563, 82232
182.564, 82232
182.565, 82232
182.566, 82232
182.567, 82232
182.569, 82232
182.57, 82232
182.571, 82232
182.572, 82232
182.573, 82232
182.574, 82232
182.575, 82232
182.577, 82232
182.578, 82232
182.579, 82232
182.58, 82232
182.581, 82232
182.582, 82232
182.583, 82232
182.585, 82232
182.586, 82232
182.587, 82232
182.588, 82016
182.589, 82016
182.59, 82016
182.592, 82016
182.593, 82016
182.594, 82016
182.595, 82016
182.596, 82016
182.597, 82016
182.598, 82016
182.6, 82016
182.601, 82016
182.602, 82016
182.603, 82016
182.604, 82016
182.605, 82016
182.606, 82016
182.608, 82016
182.609, 82016
182.61, 82016
182.611, 82016
182.612, 82016
182.613, 82016
182.614, 82016
182.616, 82016
182.617, 82016
182.618, 82016
182.619, 82016
182.62, 82016
182.621, 82232
182.623, 82232
182.624, 82232
182.625, 82232
182.626, 82232
182.627, 82232
182.628, 82232
182.629, 82232
182.631, 82232
182.632, 82232
182.633, 82232
182.634, 82232
182.635, 82232
182.636, 82232
182.637, 82232
182.639, 82232
182.64, 82232
182.641, 82232
182.642, 82232
182.643, 82232
182.644, 82232
182.646, 82232
182.647, 82232
182.648, 82016
182.649, 82016
182.65, 82016
182.651, 82016
182.652, 82016
182.654, 82016
182.655, 82016
182.656, 82016
182.657, 82016
182.658, 82016
182.659, 82016
182.66, 82016
182.662, 82016
182.663, 82016
182.664, 82016
182.665, 82016
182.666, 82016
182.667, 82016
182.668, 82016
182.67, 82016
182.671, 82016
182.672, 82016
182.673, 82016
182.674, 82016
182.675, 82016
182.676, 82016
182.678, 82016
182.679, 82016
182.68, 82016
182.681, 82016
182.682, 82016
182.683, 82016
182.685, 82016
182.686, 82016
182.687, 82016
182.688, 82016
182.689, 82016
182.69, 81800
182.691, 81800
182.693, 81800
182.694, 81800
182.695, 81800
182.696, 81800
182.697, 81800
182.698, 81800
182.699, 81800
182.701, 81800
182.702, 81800
182.703, 81800
182.704, 81800
182.705, 81800
182.706, 81800
182.708, 81584
182.709, 81584
182.71, 81584
182.711, 81584
182.712, 81584
182.73, 82016
182.731, 82016
182.733, 82016
182.734, 82016
182.735, 82016
182.736, 82016
182.737, 82016
182.738, 82016
182.74, 82016
182.741, 82448
182.742, 82448
182.743, 82448
182.745, 82448
182.746, 82448
182.747, 82448
182.748, 82448
182.749, 82448
182.751, 82448
182.752, 82448
182.754, 82448
182.755, 82448
182.757, 82448
182.758, 82448
182.759, 82448
182.761, 82448
182.762, 82448
182.763, 82448
182.765, 82448
182.766, 82448
182.767, 82664
182.769, 82664
182.77, 82664
182.771, 82664
182.773, 82664
182.774, 82664
182.775, 82664
182.776, 82664
182.777, 82664
182.778, 82664
182.78, 82664
182.781, 82664
182.782, 82664
182.784, 82664
182.785, 82664
182.786, 82664
182.788, 82664
182.789, 82664
182.79, 82664
182.791, 82664
182.793, 82448
182.794, 82448
182.795, 82448
182.796, 82448
182.798, 82448
182.814, 82664
182.816, 82664
182.818, 82664
182.819, 82664
182.82, 82664
182.821, 82664
182.823, 82664
182.824, 82664
182.825, 82664
182.827, 82664
182.828, 82664
182.829, 82664
182.831, 82664
182.832, 82664
182.833, 82664
182.835, 82664
182.836, 82664
182.838, 82664
182.839, 82664
182.84, 82664
182.841, 82664
182.843, 82664
182.844, 82664
182.845, 82664
182.847, 82664
182.848, 82664
182.849, 82664
182.851, 82664
182.852, 82664
182.853, 82664
182.855, 82664
182.856, 82664
182.857, 82664
182.859, 82664
182.86, 82664
182.861, 82880
182.862, 82880
182.863, 82880
182.864, 82880
182.866, 82880
182.867, 82880
182.868, 82880
182.869, 82664
182.87, 82664
182.871, 82664
182.872, 82664
182.874, 82664
182.875, 82664
182.876, 82664
182.877, 82664
182.878, 82448
182.879, 82448
182.88, 82448
182.882, 82448
182.883, 82448
182.884, 82448
182.885, 82448
182.886, 82448
182.887, 82448
182.888, 82448
182.889, 82448
182.891, 82448
182.892, 82448
182.893, 82448
182.894, 82448
182.895, 82448
182.896, 82448
182.897, 82448
182.899, 82448
182.9, 82448
182.901, 82448
182.902, 82448
182.903, 82232
182.904, 82232
182.905, 82232
182.907, 82232
182.908, 82232
182.909, 82232
182.91, 82232
182.911, 82232
182.912, 82016
182.913, 82016
182.915, 82016
182.916, 82016
182.917, 82016
182.918, 82016
182.919, 82016
182.92, 82016
182.921, 82016
182.923, 82016
182.924, 82016
182.925, 82016
182.926, 82016
182.927, 82016
182.928, 82016
182.929, 81800
182.93, 81800
182.932, 81800
182.933, 81800
182.934, 81800
182.935, 81800
182.936, 81800
182.937, 81800
182.938, 81800
182.94, 81800
182.941, 81800
182.942, 81800
182.943, 81800
182.944, 81800
182.945, 81800
182.946, 81584
182.948, 81584
182.949, 81584
182.95, 81584
182.951, 81584
182.952, 81584
182.953, 81584
182.954, 81584
182.956, 81584
182.957, 81584
182.958, 81584
182.959, 81584
182.96, 81584
182.961, 81584
182.962, 81584
182.964, 81584
182.965, 81584
182.966, 81584
182.967, 81584
182.968, 81584
182.969, 81584
182.97, 81584
182.972, 81584
182.973, 81584
182.974, 81584
182.975, 81584
182.976, 81584
182.977, 81584
182.978, 81584
182.979, 81584
182.981, 81584
182.982, 81584
182.983, 81584
182.984, 81584
182.985, 81584
182.986, 81584
182.987, 81584
182.989, 81584
182.99, 81584
182.991, 81584
182.992, 81584
182.993, 81584
182.994, 81584
182.995, 81584
182.997, 81584
182.998, 81584
182.999, 81584
183, 81584
183.001, 81584
183.002, 81584
183.003, 81584
183.005, 81584
183.006, 81584
183.007, 81584
183.008, 81584
183.009, 81584
183.01, 81584
183.011, 81584
183.013, 81584
183.014, 81584
183.015, 81584
183.016, 81584
183.017, 81584
183.018, 81584
183.019, 81584
183.02, 81584
183.022, 81584
183.023, 81584
183.024, 81584
183.025, 81584
183.026, 81584
183.027, 81584
183.028, 81584
183.03, 81584
183.031, 81584
183.032, 81584
183.033, 81584
183.034, 81584
183.035, 81584
183.037, 81584
183.038, 81584
183.039, 81584
183.04, 81584
183.041, 81584
183.042, 81584
183.043, 81584
183.045, 81584
183.046, 81584
183.047, 81584
183.048, 81368
183.049, 81368
183.05, 81368
183.051, 81368
183.053, 81368
183.054, 81368
183.055, 81368
183.056, 81368
183.057, 81368
183.058, 81368
183.059, 81368
183.061, 81368
183.062, 81368
183.063, 81368
183.064, 81368
183.065, 81368
183.066, 81368
183.067, 81368
183.069, 81368
183.07, 81368
183.071, 81368
183.072, 81368
183.073, 81368
183.074, 81368
183.076, 81368
183.077, 81368
183.078, 81368
183.079, 81368
183.08, 81368
183.081, 81368
183.082, 81368
183.083, 81368
183.085, 81368
183.086, 81368
183.087, 81368
183.088, 81368
183.089, 81368
183.09, 81368
183.092, 81368
183.093, 81368
183.094, 81368
183.095, 81368
183.096, 81368
183.097, 81368
183.098, 81368
183.1, 81152
183.101, 81152
183.102, 81152
183.103, 81152
183.104, 81152
183.105, 81152
183.106, 81152
183.107, 81152
183.109, 81368
183.11, 81368
183.111, 81368
183.112, 81368
183.113, 81368
183.114, 81368
183.115, 81368
183.117, 81368
183.118, 81368
183.119, 81368
183.12, 81368
183.121, 81368
183.122, 81368
183.124, 81368
183.125, 81368
183.126, 81368
183.127, 81368
183.128, 81368
183.129, 81368
183.13, 81368
183.131, 81368
183.133, 81368
183.134, 81368
183.135, 81368
183.136, 81368
183.137, 81368
183.138, 81368
183.139, 81368
183.141, 81368
183.142, 81368
183.143, 81368
183.144, 81368
183.145, 81368
183.146, 81368
183.147, 81368
183.149, 81368
183.15, 81368
183.151, 81152
183.152, 81152
183.153, 81152
183.154, 81152
183.155, 81152
183.157, 81152
183.158, 81152
183.159, 81152
183.16, 80936
183.161, 80936
183.162, 80936
183.163, 80936
183.165, 80936
183.166, 80936
183.167, 80936
183.168, 80936
183.169, 80936
183.17, 80936
183.171, 80936
183.172, 80936
183.174, 80936
183.175, 80936
183.176, 80936
183.177, 81152
183.178, 81152
183.179, 81152
183.18, 81152
183.182, 81152
183.183, 81152
183.184, 81152
183.185, 80936
183.186, 80936
183.187, 80936
183.188, 80936
183.19, 80936
183.191, 80936
183.192, 80936
183.193, 80936
183.194, 80936
183.195, 80936
183.196, 80936
183.198, 80936
183.199, 80936
183.2, 80936
183.201, 80936
183.202, 80936
183.203, 80936
183.204, 80936
183.206, 80936
183.207, 80936
183.208, 80936
183.209, 80936
183.21, 80936
183.211, 80936
183.212, 80936
183.214, 80936
183.215, 80936
183.216, 80936
183.217, 80936
183.218, 80936
183.219, 80936
183.22, 80936
183.222, 80936
183.223, 80936
183.224, 80936
183.225, 80936
183.226, 80936
183.228, 80936
183.229, 80936
183.23, 80936
183.231, 80936
183.232, 80936
183.233, 80936
183.234, 80936
183.236, 80936
183.237, 81152
183.238, 81152
183.239, 81152
183.24, 81152
183.241, 81152
183.242, 81152
183.244, 81152
183.245, 81152
183.246, 81152
183.247, 81152
183.248, 81152
183.25, 81152
183.251, 81152
183.252, 81152
183.253, 81368
183.254, 81368
183.255, 81368
183.256, 81368
183.258, 81368
183.259, 81368
183.26, 81368
183.261, 81368
183.262, 81368
183.263, 81368
183.264, 81368
183.266, 81368
183.267, 81368
183.268, 81368
183.269, 81368
183.27, 81368
183.271, 81368
183.273, 81368
183.274, 81368
183.275, 81368
183.276, 81368
183.277, 81368
183.278, 81368
183.298, 81584
183.302, 81584
183.306, 81800
183.308, 81800
183.309, 81800
183.31, 81800
183.311, 81800
183.313, 82016
183.314, 82016
183.315, 82016
183.316, 82016
183.317, 82016
183.326, 82232
183.327, 82232
183.329, 82232
183.33, 82232
183.331, 82232
183.332, 82232
183.334, 82232
183.335, 82232
183.336, 82232
183.338, 82232
183.339, 82448
183.34, 82448
183.342, 82448
183.343, 82448
183.344, 82448
183.345, 82448
183.346, 82448
183.347, 82232
183.349, 82232
183.35, 82232
183.351, 82232
183.352, 82232
183.353, 82232
183.354, 82232
183.355, 82232
183.357, 82232
183.358, 82232
183.359, 82232
183.36, 82232
183.361, 82232
183.362, 82232
183.363, 82232
183.365, 82016
183.366, 82016
183.367, 82016
183.368, 82016
183.369, 82016
183.37, 82016
183.371, 82016
183.373, 82016
183.374, 82016
183.376, 82016
183.377, 82016
183.378, 82016
183.38, 82016
183.381, 82448
183.382, 82448
183.383, 82448
183.384, 82448
183.385, 82448
183.387, 82448
183.388, 82448
183.389, 82448
183.39, 82664
183.391, 82664
183.392, 82664
183.393, 82664
183.395, 82664
183.396, 82664
183.397, 82664
183.398, 82880
183.399, 82880
183.4, 82880
183.402, 82880
183.403, 82880
183.404, 82880
183.405, 82880
183.406, 83096
183.407, 83096
183.409, 83096
183.41, 83096
183.411, 83096
183.412, 83096
183.413, 83096
183.415, 83096
183.416, 83312
183.417, 83312
183.418, 83312
183.419, 83312
183.421, 83312
183.422, 83312
183.423, 83312
183.424, 83312
183.425, 83312
183.426, 83312
183.428, 83312
183.429, 83312
183.43, 83312
183.431, 83312
183.433, 83312
183.434, 83312
183.435, 83312
183.436, 83312
183.437, 83312
183.438, 83312
183.439, 83312
183.441, 83312
183.442, 83312
183.443, 83312
183.444, 83312
183.446, 83312
183.447, 83312
183.449, 83312
183.45, 83312
183.451, 83312
183.452, 83312
183.453, 83312
183.454, 83312
183.456, 83312
183.457, 83312
183.458, 83528
183.459, 83528
183.46, 83528
183.462, 83528
183.463, 83528
183.464, 83528
183.465, 83528
183.466, 83528
183.468, 83528
183.469, 83528
183.47, 83528
183.471, 83528
183.472, 83528
183.473, 83528
183.475, 83528
183.476, 83744
183.477, 83744
183.479, 83744
183.48, 83744
183.481, 83744
183.483, 83744
183.484, 83744
183.485, 83744
183.486, 83744
183.487, 83744
183.488, 83744
183.49, 83744
183.491, 83744
183.492, 83744
183.493, 83744
183.494, 83744
183.496, 83744
183.497, 83744
183.498, 83744
183.499, 83744
183.5, 83744
183.501, 83744
183.503, 83744
183.504, 83744
183.505, 83744
183.506, 83744
183.507, 83744
183.509, 83744
183.51, 83744
183.511, 83744
183.512, 83744
183.513, 83744
183.515, 83744
183.516, 83744
183.517, 83744
183.518, 83960
183.519, 83960
183.52, 83960
183.522, 83960
183.523, 83960
183.524, 83960
183.525, 83960
183.526, 83528
183.527, 83528
183.528, 83528
183.53, 83528
183.531, 83528
183.532, 83528
183.533, 83528
183.534, 83528
183.535, 83528
183.536, 83528
183.538, 83528
183.539, 83528
183.54, 83528
183.541, 83528
183.542, 83528
183.544, 83744
183.545, 83744
183.546, 83744
183.547, 83744
183.548, 83744
183.549, 83744
183.551, 83744
183.552, 83744
183.553, 83744
183.554, 83744
183.555, 83744
183.556, 83744
183.558, 83744
183.56, 83744
183.561, 83744
183.562, 83744
183.563, 83744
183.564, 83744
183.566, 83744
183.567, 83744
183.568, 83744
183.569, 83744
183.57, 83744
183.572, 83744
183.573, 83744
183.574, 83744
183.575, 83744
183.577, 83744
183.578, 83744
183.579, 83744
183.58, 83744
183.581, 83744
183.582, 83744
183.584, 83744
183.585, 83744
183.586, 83744
183.587, 83744
183.588, 83744
183.59, 83744
183.591, 83744
183.592, 83744
183.593, 83744
183.594, 83744
183.596, 83744
183.597, 83744
183.598, 83744
183.599, 83744
183.6, 83744
183.602, 83744
183.603, 83744
183.604, 83744
183.605, 83744
183.607, 83744
183.608, 83744
183.609, 83744
183.61, 83744
183.611, 83744
183.612, 83744
183.614, 83744
183.615, 83744
183.616, 83744
183.617, 83744
183.619, 83744
183.62, 83744
183.621, 83744
183.622, 83744
183.624, 83744
183.625, 83744
183.626, 83744
183.627, 83744
183.628, 83744
183.629, 83744
183.631, 83744
183.632, 83744
183.633, 83744
183.634, 83744
183.635, 83744
183.637, 83744
183.638, 83744
183.639, 83744
183.64, 83744
183.641, 83744
183.642, 83744
183.644, 83744
183.645, 83744
183.646, 83744
183.647, 83744
183.649, 83744
183.65, 83744
183.651, 83744
183.653, 83744
183.654, 83744
183.655, 83744
183.656, 83744
183.658, 83744
183.659, 83744
183.66, 83744
183.661, 83744
183.662, 83744
183.663, 83744
183.665, 83744
183.666, 83744
183.667, 83744
183.668, 83744
183.669, 83744
183.67, 83744
183.672, 83744
183.673, 83744
183.674, 83744
183.675, 83744
183.676, 83744
183.677, 83744
183.679, 83744
183.68, 83960
183.681, 83960
183.682, 83960
183.683, 83960
183.685, 83960
183.686, 83960
183.687, 83960
183.688, 83744
183.689, 83744
183.69, 83744
183.692, 83744
183.693, 83744
183.694, 83744
183.696, 83744
183.697, 83960
183.698, 83960
183.7, 83960
183.701, 83960
183.702, 83960
183.703, 83960
183.704, 83960
183.706, 83744
183.707, 83744
183.708, 83744
183.709, 83744
183.71, 83744
183.711, 83744
183.713, 83744
183.714, 83744
183.715, 83744
183.716, 83744
183.717, 83744
183.719, 83744
183.72, 83744
183.721, 83744
183.722, 83744
183.724, 83744
183.725, 83744
183.726, 83744
183.728, 83744
183.729, 83744
183.73, 83744
183.732, 83744
183.733, 83744
183.734, 83744
183.735, 83744
183.736, 83744
183.737, 83744
183.739, 83744
183.74, 83744
183.741, 83744
183.742, 83744
183.744, 83744
183.745, 83744
183.746, 83744
183.747, 83744
183.748, 83744
183.749, 83744
183.751, 83744
183.752, 83744
183.753, 83744
183.755, 83744
183.756, 83744
183.757, 83960
183.759, 83960
183.76, 83960
183.761, 83960
183.762, 83960
183.764, 83960
183.765, 83960
183.766, 83960
183.767, 83960
183.768, 83960
183.769, 83960
183.771, 83960
183.772, 83960
183.773, 83960
183.774, 83960
183.775, 83960
183.776, 83960
183.778, 83960
183.779, 83960
183.78, 83960
183.781, 83960
183.783, 83960
183.784, 83960
183.785, 83960
183.787, 83960
183.788, 83960
183.789, 83960
183.79, 83960
183.791, 83960
183.793, 83960
183.794, 83960
183.795, 83960
183.796, 83960
183.797, 83960
183.799, 83960
183.8, 83960
183.801, 83960
183.802, 83960
183.803, 83960
183.804, 83960
183.806, 83960
183.807, 83960
183.808, 83960
183.809, 83960
183.811, 83960
183.812, 83960
183.813, 83960
183.814, 83960
183.815, 83960
183.817, 83744
183.818, 83744
183.819, 83744
183.82, 83744
183.821, 83744
183.823, 83744
183.824, 83744
183.825, 83528
183.826, 83528
183.827, 83528
183.829, 83528
183.83, 83528
183.831, 83528
183.832, 83312
183.835, 83312
183.836, 83312
183.837, 83312
183.838, 83312
183.839, 83312
183.841, 83312
183.842, 83312
183.844, 83312
183.845, 83312
183.846, 83312
183.848, 83312
183.849, 83312
183.85, 83528
183.852, 83528
183.853, 83528
183.854, 83528
183.855, 83528
183.856, 83528
183.858, 83528
183.859, 83744
183.86, 83744
183.861, 83744
183.862, 83744
183.863, 83744
183.865, 83744
183.866, 83744
183.867, 83744
183.868, 83528
183.869, 83528
183.87, 83528
183.872, 83528
183.873, 83528
183.874, 83528
183.875, 83528
183.877, 83528
183.878, 83528
183.879, 83528
183.881, 83528
183.882, 83528
183.883, 83528
183.885, 83528
183.886, 83528
183.887, 83528
183.888, 83528
183.889, 83528
183.89, 83528
183.892, 83528
183.893, 83096
183.894, 83096
183.895, 83096
183.896, 83096
183.897, 83096
183.899, 83096
183.9, 83096
183.901, 83096
183.902, 83096
183.903, 83096
183.905, 83096
183.906, 83096
183.907, 83096
183.908, 83096
183.91, 83096
183.911, 83096
183.913, 83096
183.914, 83096
183.916, 83096
183.917, 83096
183.918, 83096
183.919, 83312
183.921, 83312
183.922, 83312
183.923, 83312
183.924, 83312
183.925, 83312
183.934, 83096
183.935, 83096
183.937, 83096
183.938, 83096
183.94, 83096
183.941, 83096
183.942, 83096
183.943, 83096
183.945, 83528
183.946, 83528
183.947, 83528
183.948, 83528
183.95, 83528
183.951, 83528
183.952, 83528
183.954, 84608
183.955, 84608
183.956, 84608
183.957, 84608
183.959, 84608
183.96, 84608
183.961, 85472
183.963, 85472
183.964, 85472
183.966, 85472
183.967, 85472
183.969, 85472
183.97, 85040
183.971, 85040
183.973, 85040
183.974, 85040
183.975, 85040
183.977, 85040
183.978, 84176
183.979, 84176
183.981, 84176
183.982, 84176
183.983, 84176
183.985, 84176
183.986, 84176
183.987, 84176
183.988, 84176
183.989, 84176
183.99, 84176
183.992, 84176
183.993, 84176
183.994, 84176
183.996, 83528
183.997, 83528
183.998, 83528
184, 83528
184.001, 83528
184.002, 83528
184.004, 83744
184.005, 83744
184.006, 83744
184.007, 83744
184.008, 83744
184.01, 83744
184.011, 83744
184.012, 83744
184.013, 83960
184.014, 83960
184.015, 83960
184.017, 83960
184.018, 83960
184.019, 83960
184.02, 83960
184.021, 83960
184.022, 83960
184.023, 83960
184.025, 83960
184.026, 83960
184.029, 83960
184.031, 83960
184.032, 83960
184.033, 83960
184.034, 83960
184.035, 83960
184.037, 83960
184.038, 83960
184.039, 84176
184.04, 84176
184.041, 84176
184.042, 84176
184.044, 84176
184.045, 84176
184.046, 84176
184.047, 84176
184.048, 84176
184.05, 84176
184.051, 84176
184.052, 84176
184.053, 84176
184.055, 84176
184.056, 83960
184.057, 83960
184.058, 83960
184.059, 83960
184.06, 83960
184.062, 83960
184.063, 83960
184.064, 84176
184.065, 84176
184.067, 84176
184.068, 84176
184.069, 84176
184.07, 84176
184.071, 84176
184.072, 84176
184.074, 84176
184.075, 84176
184.076, 84176
184.077, 84176
184.078, 84176
184.08, 84176
184.081, 84176
184.082, 84176
184.084, 84176
184.085, 84176
184.086, 84176
184.087, 84176
184.088, 84176
184.09, 84176
184.091, 84176
184.092, 84176
184.093, 84176
184.094, 84176
184.096, 84176
184.097, 84176
184.098, 84176
184.099, 84176
184.101, 84176
184.102, 84176
184.103, 84176
184.104, 84176
184.105, 84176
184.106, 84176
184.108, 84176
184.109, 84176
184.11, 84176
184.111, 84176
184.112, 84176
184.114, 84176
184.115, 84392
184.117, 84392
184.118, 84392
184.119, 84392
184.121, 84392
184.122, 84392
184.123, 84392
184.124, 84392
184.125, 84392
184.126, 84392
184.128, 84392
184.129, 84392
184.13, 84392
184.131, 84392
184.132, 84392
184.134, 84392
184.135, 84392
184.136, 84392
184.137, 84392
184.138, 84392
184.139, 84392
184.141, 84392
184.142, 84392
184.143, 84392
184.144, 84392
184.146, 84392
184.147, 84392
184.148, 84392
184.149, 84392
184.15, 84392
184.152, 84392
184.153, 84392
184.154, 84392
184.155, 84392
184.156, 84392
184.158, 84392
184.159, 84392
184.16, 84392
184.161, 84392
184.162, 84392
184.163, 84392
184.165, 84392
184.166, 84392
184.167, 84392
184.168, 84392
184.169, 84392
184.17, 84392
184.171, 84392
184.173, 84392
184.174, 84392
184.175, 84392
184.176, 84392
184.177, 84392
184.178, 84392
184.18, 84392
184.181, 84392
184.182, 84392
184.183, 84392
184.184, 84392
184.186, 84392
184.187, 84392
184.188, 84392
184.189, 84392
184.19, 84392
184.192, 84176
184.193, 84176
184.194, 84176
184.195, 84176
184.196, 84176
184.198, 84176
184.199, 84176
184.2, 84392
184.201, 84392
184.203, 84392
184.204, 84392
184.205, 84392
184.206, 84392
184.207, 84392
184.208, 84392
184.209, 84392
184.211, 84392
184.212, 84392
184.213, 84392
184.214, 84392
184.216, 84392
184.217, 84392
184.218, 84392
184.219, 84392
184.22, 84392
184.221, 84392
184.223, 84392
184.224, 84392
184.225, 84392
184.226, 84392
184.227, 84392
184.229, 84392
184.23, 84392
184.231, 84392
184.232, 84392
184.233, 84392
184.235, 84392
184.236, 84392
184.237, 84392
184.238, 84392
184.239, 84392
184.24, 84392
184.242, 84392
184.243, 84608
184.244, 84608
184.245, 84608
184.246, 84608
184.248, 84608
184.249, 84608
184.25, 84608
184.251, 84608
184.252, 84608
184.253, 84608
184.255, 84608
184.256, 84608
184.257, 84608
184.258, 84608
184.259, 84608
184.26, 84608
184.262, 84608
184.263, 84608
184.264, 84608
184.265, 84608
184.266, 84608
184.267, 84608
184.269, 84608
184.27, 84608
184.271, 84608
184.273, 84608
184.274, 84608
184.275, 84608
184.276, 84608
184.277, 84608
184.279, 84608
184.28, 84608
184.281, 84608
184.282, 84608
184.283, 84608
184.284, 84608
184.286, 84608
184.287, 84608
184.288, 84608
184.289, 84608
184.29, 84608
184.291, 84608
184.293, 84608
184.294, 84608
184.295, 84608
184.296, 84608
184.297, 84608
184.298, 84608
184.299, 84608
184.301, 84608
184.302, 84608
184.303, 84608
184.304, 84608
184.305, 84608
184.306, 84608
184.308, 84608
184.309, 84608
184.31, 84608
184.311, 84608
184.312, 84608
184.313, 84608
184.315, 84608
184.316, 84608
184.317, 84608
184.319, 84608
184.32, 84608
184.321, 84608
184.322, 84608
184.324, 84608
184.325, 84608
184.326, 84608
184.327, 84608
184.328, 84608
184.329, 84608
184.33, 84608
184.332, 84608
184.333, 84608
184.334, 84608
184.335, 84608
184.336, 84608
184.337, 84608
184.339, 84608
184.34, 84608
184.341, 84608
184.342, 84608
184.343, 84608
184.345, 84608
184.346, 84608
184.347, 84608
184.349, 84608
184.35, 84608
184.351, 84608
184.353, 84608
184.354, 84608
184.355, 84608
184.356, 84608
184.357, 84608
184.358, 84608
184.36, 84608
184.361, 84608
184.362, 84608
184.363, 84608
184.364, 84608
184.366, 84608
184.367, 84608
184.368, 84608
184.369, 84608
184.37, 84608
184.371, 84608
184.373, 84608
184.374, 84608
184.375, 84608
184.377, 84608
184.378, 84608
184.38, 84608
184.381, 84608
184.382, 84608
184.383, 84608
184.385, 84608
184.386, 84608
184.387, 84608
184.388, 84608
184.389, 84608
184.39, 84608
184.392, 84608
184.393, 84608
184.394, 84608
184.395, 84608
184.397, 84608
184.398, 84608
184.399, 84608
184.4, 84608
184.401, 84608
184.402, 84608
184.404, 84608
184.405, 84824
184.406, 84824
184.408, 84824
184.409, 84824
184.41, 84824
184.411, 84824
184.413, 84824
184.414, 84608
184.415, 84608
184.416, 84608
184.417, 84608
184.418, 84608
184.42, 84608
184.421, 84608
184.422, 84824
184.423, 84824
184.424, 84824
184.426, 84824
184.427, 84824
184.428, 84824
184.429, 84824
184.43, 84824
184.431, 84824
184.433, 84824
184.434, 84824
184.435, 84824
184.436, 84824
184.438, 84824
184.439, 84824
184.44, 84608
184.441, 84608
184.442, 84608
184.443, 84608
184.444, 84608
184.446, 84608
184.447, 84608
184.448, 84392
184.449, 84392
184.45, 84392
184.452, 84392
184.453, 84392
184.454, 84392
184.455, 84392
184.456, 84608
184.457, 84608
184.459, 84608
184.46, 84608
184.462, 84608
184.463, 84608
184.464, 84608
184.466, 84608
184.467, 84608
184.469, 84608
184.47, 84608
184.471, 84608
184.472, 84608
184.474, 84608
184.475, 84608
184.476, 84608
184.477, 84608
184.479, 84608
184.48, 84608
184.481, 84608
184.482, 84608
184.483, 84608
184.484, 84608
184.485, 84608
184.487, 84608
184.488, 84608
184.489, 84608
184.49, 84608
184.491, 84608
184.493, 84608
184.494, 84608
184.495, 84608
184.497, 84608
184.498, 84608
184.499, 84392
184.501, 84392
184.502, 84392
184.503, 84392
184.504, 84392
184.505, 84392
184.506, 84392
184.508, 84608
184.509, 84608
184.51, 84608
184.511, 84608
184.512, 84608
184.513, 84608
184.515, 84608
184.516, 84608
184.517, 84608
184.518, 84608
184.519, 84608
184.52, 84608
184.521, 84608
184.523, 84608
184.524, 84608
184.525, 84392
184.526, 84392
184.528, 84392
184.529, 84392
184.53, 84392
184.532, 84392
184.533, 84392
184.534, 84392
184.535, 84392
184.536, 84392
184.538, 84392
184.539, 84392
184.54, 84392
184.541, 84392
184.542, 84392
184.543, 84392
184.545, 84392
184.546, 84392
184.548, 84392
184.55, 84392
184.551, 84392
184.553, 84392
184.554, 84392
184.555, 84392
184.557, 84392
184.558, 84392
184.559, 84392
184.56, 84392
184.562, 84392
184.563, 84392
184.564, 84392
184.565, 84392
184.567, 84392
184.568, 84176
184.569, 84176
184.57, 84176
184.571, 84176
184.573, 84176
184.574, 84176
184.575, 84176
184.576, 83744
184.577, 83744
184.579, 83744
184.58, 83744
184.581, 83744
184.583, 83744
184.584, 83744
184.585, 83960
184.586, 83960
184.587, 83960
184.588, 83960
184.59, 83960
184.591, 83960
184.592, 83960
184.593, 83744
184.594, 83744
184.596, 83744
184.597, 83744
184.599, 83744
184.6, 83744
184.601, 83960
184.603, 83960
184.604, 83960
184.605, 83960
184.606, 83960
184.608, 83960
184.609, 83960
184.611, 84176
184.612, 84176
184.613, 84176
184.614, 84176
184.615, 84176
184.616, 84176
184.617, 84176
184.619, 83960
184.62, 83960
184.621, 83960
184.622, 83960
184.623, 83960
184.624, 83960
184.626, 83960
184.627, 83960
184.628, 83960
184.63, 83960
184.631, 83960
184.632, 83960
184.634, 83960
184.635, 83960
184.637, 83960
184.638, 83960
184.639, 83960
184.641, 83960
184.642, 83960
184.643, 83960
184.644, 84176
184.645, 84176
184.647, 84176
184.648, 84176
184.649, 84176
184.65, 84176
184.651, 84176
184.652, 84392
184.653, 84392
184.655, 84392
184.656, 84392
184.657, 84392
184.658, 84392
184.659, 84392
184.66, 84392
184.662, 84608
184.663, 84608
184.664, 84608
184.665, 84608
184.667, 84608
184.668, 84608
184.669, 84608
184.67, 84608
184.671, 84608
184.673, 84608
184.674, 84608
184.675, 84608
184.676, 84608
184.678, 84608
184.679, 84824
184.68, 84824
184.681, 84824
184.682, 84824
184.684, 84824
184.685, 84824
184.686, 84824
184.687, 84824
184.688, 84824
184.689, 84824
184.691, 84824
184.692, 84824
184.693, 84824
184.694, 84824
184.696, 84608
184.697, 84608
184.698, 84608
184.699, 84608
184.7, 84608
184.701, 84608
184.703, 84608
184.704, 84608
184.705, 84608
184.706, 84608
184.707, 84608
184.709, 84608
184.71, 84608
184.712, 84608
184.713, 84608
184.714, 84608
184.715, 84608
184.716, 84608
184.718, 84608
184.719, 84608
184.72, 84608
184.721, 84608
184.722, 84608
184.724, 84608
184.725, 84608
184.726, 84608
184.727, 84608
184.728, 84608
184.73, 84608
184.731, 84608
184.732, 84608
184.733, 84608
184.734, 84608
184.735, 84608
184.737, 84608
184.738, 84824
184.739, 84824
184.74, 84824
184.741, 84824
184.743, 84824
184.744, 84824
184.746, 84608
184.748, 84608
184.749, 84608
184.75, 84608
184.751, 84608
184.752, 84608
184.753, 84608
184.755, 84608
184.756, 84608
184.757, 84608
184.758, 84608
184.759, 84608
184.761, 84608
184.762, 84608
184.763, 84608
184.764, 84608
184.766, 84608
184.767, 84608
184.768, 84608
184.77, 84608
184.771, 84608
184.772, 84608
184.773, 84608
184.774, 84608
184.776, 84608
184.777, 84608
184.778, 84608
184.779, 84608
184.78, 84608
184.782, 84608
184.783, 84608
184.784, 84608
184.785, 84608
184.787, 84608
184.788, 84608
184.789, 84608
184.79, 84608
184.791, 84608
184.793, 84608
184.794, 84608
184.795, 84608
184.796, 84608
184.798, 84824
184.799, 84824
184.8, 84824
184.801, 84824
184.802, 84824
184.803, 84824
184.804, 84824
184.806, 84824
184.807, 84824
184.808, 84824
184.809, 84824
184.81, 84824
184.811, 84824
184.813, 84824
184.814, 84824
184.815, 84824
184.816, 84824
184.818, 84824
184.819, 84824
184.82, 84824
184.821, 84824
184.822, 84824
184.824, 84608
184.825, 84608
184.826, 84608
184.827, 84608
184.828, 84608
184.829, 84608
184.831, 84608
184.832, 84824
184.833, 84824
184.834, 84824
184.836, 84824
184.837, 84824
184.838, 84824
184.839, 84824
184.841, 84608
184.842, 84608
184.843, 84608
184.844, 84608
184.845, 84608
184.846, 84608
184.848, 84608
184.849, 84608
184.85, 84608
184.851, 84608
184.853, 84608
184.854, 84608
184.855, 84608
184.856, 84608
184.857, 84824
184.858, 84824
184.86, 84824
184.861, 84824
184.862, 84824
184.863, 84824
184.865, 84824
184.866, 84824
184.867, 84824
184.869, 84824
184.87, 84824
184.871, 84824
184.872, 84824
184.873, 84824
184.874, 84824
184.876, 84824
184.877, 84824
184.878, 84824
184.879, 84824
184.88, 84824
184.882, 84824
184.883, 84608
184.884, 84608
184.885, 84608
184.886, 84608
184.888, 84608
184.889, 84608
184.89, 84608
184.891, 84608
184.893, 84608
184.894, 84608
184.895, 84608
184.896, 84608
184.898, 84608
184.899, 84608
184.9, 84392
184.901, 84392
184.902, 84392
184.904, 84392
184.905, 84392
184.906, 84392
184.907, 84392
184.908, 84392
184.91, 84392
184.912, 84392
184.913, 84392
184.915, 84392
184.916, 84392
184.917, 84392
184.919, 84392
184.92, 84392
184.921, 84392
184.923, 84392
184.924, 84392
184.925, 84392
184.926, 84392
184.928, 84392
184.93, 84392
184.933, 84392
184.937, 84176
184.94, 84176
184.942, 84176
184.945, 84176
184.947, 84176
184.949, 84176
184.95, 84176
184.952, 83960
184.953, 83960
184.954, 83960
184.955, 83960
184.957, 83960
184.958, 83960
184.959, 83960
184.96, 83960
184.962, 83960
184.963, 83960
184.965, 83960
184.966, 83960
184.968, 83960
184.969, 83960
184.97, 83960
184.972, 83960
184.973, 83960
184.974, 83960
184.976, 83960
184.977, 83960
184.979, 83960
184.982, 83960
184.984, 83960
184.985, 83960
184.987, 83960
184.988, 83960
184.989, 83960
184.991, 83960
184.992, 83960
184.994, 83960
184.997, 83960
184.998, 83960
185, 83960
185.001, 83960
185.004, 83528
185.005, 83528
185.007, 83528
185.009, 83528
185.01, 83528
185.011, 83744
185.012, 83744
185.013, 83744
185.014, 83744
185.016, 83744
185.017, 83744
185.018, 83744
185.019, 83744
185.021, 83744
185.022, 83744
185.023, 83744
185.025, 83744
185.026, 83744
185.027, 83744
185.028, 83528
185.029, 83528
185.031, 83528
185.032, 83528
185.033, 83528
185.034, 83528
185.036, 83528
185.037, 83312
185.038, 83312
185.04, 83312
185.041, 83312
185.042, 83312
185.043, 83312
185.045, 83312
185.046, 83312
185.047, 83312
185.048, 83312
185.054, 83528
185.056, 83528
185.06, 83528
185.072, 83744
185.073, 83744
185.076, 83744
185.078, 83744
185.08, 83744
185.084, 83744
185.086, 83744
185.089, 83744
185.092, 83744
185.094, 83744
185.096, 83744
185.099, 83744
185.101, 83744
185.102, 83744
185.103, 83744
185.104, 83744
185.106, 83528
185.107, 83528
185.108, 83528
185.109, 83528
185.11, 83528
185.112, 83528
185.113, 83960
185.115, 83960
185.116, 83960
185.118, 83960
185.12, 83960
185.121, 83744
185.123, 83744
185.124, 83744
185.125, 83744
185.127, 83744
185.128, 83744
185.13, 83744
185.131, 83960
185.132, 83960
185.133, 83960
185.135, 83960
185.137, 83960
185.141, 83960
185.145, 83960
185.148, 83744
185.151, 83744
185.153, 83744
185.155, 83744
185.157, 83744
185.16, 83744
185.162, 83744
185.163, 83744
185.165, 83528
185.166, 83528
185.167, 83528
185.169, 83528
185.17, 83528
185.171, 83528
185.172, 83528
185.173, 83744
185.175, 83744
185.176, 83744
185.177, 83744
185.18, 83744
185.181, 83744
185.183, 83744
185.184, 83744
185.185, 83744
185.187, 83744
185.188, 83744
185.189, 83744
185.191, 83960
185.192, 83960
185.193, 83960
185.194, 83960
185.196, 83960
185.199, 83960
185.203, 83960
185.207, 83744
185.209, 83744
185.211, 83744
185.214, 83744
185.216, 83744
185.218, 83744
185.219, 83744
185.221, 83744
185.222, 83744
185.224, 83744
185.225, 83528
185.226, 83528
185.227, 83528
185.228, 83528
185.23, 83528
185.231, 83528
185.232, 83528
185.233, 83744
185.235, 83744
185.236, 83744
185.238, 83744
185.24, 83744
185.242, 83744
185.243, 83744
185.244, 83744
185.246, 83744
185.247, 83744
185.248, 83744
185.249, 83744
185.251, 83744
185.252, 83744
185.253, 83744
185.254, 83744
185.257, 83744
185.26, 83960
185.261, 83960
185.264, 83960
185.265, 83960
185.267, 83744
185.27, 83744
185.274, 83744
185.277, 83528
185.279, 83528
185.281, 83528
185.283, 83528
185.287, 83528
185.297, 83528
185.314, 83528
185.318, 83528
185.332, 83528
185.336, 83528
185.339, 83528
185.346, 83528
185.35, 83528
185.352, 83528
185.354, 83528
185.355, 83528
185.359, 83528
185.369, 83528
185.371, 83528
185.372, 83528
185.374, 83528
185.375, 83528
185.376, 83528
185.377, 83528
185.378, 83528
185.38, 83528
185.381, 83528
185.382, 83528
185.383, 83528
185.385, 83528
185.392, 83744
185.393, 83744
185.395, 83528
185.399, 83528
185.4, 83528
185.401, 83528
185.403, 83528
185.404, 83960
185.405, 83960
185.406, 83960
185.408, 83960
185.409, 83960
185.41, 83960
185.411, 83960
185.412, 83960
185.413, 83960
185.415, 83960
185.416, 83960
185.417, 83960
185.418, 83960
185.419, 83960
185.42, 83960
185.422, 83960
185.423, 83960
185.424, 83960
185.425, 83960
185.426, 83960
185.432, 83960
185.434, 83960
185.435, 83960
185.436, 83960
185.437, 83960
185.438, 84176
185.439, 84176
185.441, 84176
185.442, 84176
185.443, 84176
185.444, 84176
185.445, 84176
185.454, 84392
185.455, 84392
185.457, 84392
185.458, 84392
185.459, 84392
185.461, 84392
185.462, 84392
185.463, 84608
185.464, 84608
185.465, 84608
185.467, 84608
185.468, 84608
185.469, 84608
185.47, 84608
185.471, 84608
185.472, 84608
185.473, 84608
185.475, 84608
185.476, 84608
185.477, 84608
185.478, 84608
185.48, 84608
185.481, 84392
185.482, 84392
185.483, 84392
185.484, 84392
185.486, 84392
185.487, 84392
185.488, 84392
185.489, 84608
185.49, 84608
185.491, 84608
185.493, 84608
185.494, 84608
185.495, 84608
185.498, 84392
185.499, 84392
185.5, 84392
185.502, 84392
185.503, 84392
185.505, 84392
185.506, 84392
185.507, 84392
185.509, 84392
185.51, 84392
185.511, 84392
185.512, 84392
185.513, 84392
185.515, 84392
185.516, 84392
185.517, 84392
185.518, 84392
185.519, 84392
185.52, 84392
185.522, 84392
185.523, 84608
185.524, 84608
185.526, 84608
185.527, 84608
185.528, 84608
185.53, 84608
185.531, 84392
185.533, 84392
185.534, 84392
185.535, 84392
185.537, 84392
185.538, 84392
185.539, 84392
185.541, 84392
185.542, 84392
185.543, 84392
185.544, 84392
185.545, 84392
185.547, 84392
185.548, 84392
185.549, 84608
185.55, 84608
185.551, 84608
185.553, 84608
185.556, 84608
185.562, 84608
185.564, 84608
185.566, 84392
185.567, 84392
185.571, 84392
185.575, 84608
185.578, 84608
185.58, 84608
185.587, 84176
185.593, 84176
185.594, 84176
185.597, 84176
185.599, 84176
185.616, 83960
185.619, 83960
185.623, 83960
185.624, 83960
185.626, 83960
185.63, 83960
185.633, 83960
185.635, 83960
185.637, 83960
185.638, 83960
185.64, 83960
185.641, 83960
185.645, 83744
185.649, 83744
185.653, 83528
185.662, 83528
185.666, 83528
185.683, 83744
185.688, 83744
185.695, 83960
185.697, 83960
185.702, 83960
185.706, 83960
185.714, 83744
185.716, 83744
185.72, 83744
185.725, 83744
185.727, 83744
185.731, 83744
185.734, 83744
185.736, 83744
185.737, 83744
185.742, 83744
185.748, 83744
185.752, 83744
185.755, 83744
185.759, 83744
185.76, 83744
185.766, 83744
185.771, 83744
185.773, 83744
185.782, 83744
185.785, 83744
185.788, 83960
185.792, 83960
185.803, 83744
185.805, 83960
185.807, 83960
185.809, 83960
185.822, 84176
185.827, 84176
185.835, 84176
185.839, 83744
185.846, 83960
185.849, 83960
185.851, 83960
185.852, 83960
185.853, 83960
185.854, 83960
185.858, 83744
185.866, 83960
185.868, 83960
185.869, 83960
185.878, 83960
185.886, 83960
185.891, 83744
185.895, 83744
185.896, 83744
185.898, 83528
185.9, 83528
185.903, 83528
185.904, 83528
185.905, 83528
185.914, 83744
185.927, 83744
185.929, 83744
185.931, 83744
185.933, 83744
185.944, 83744
185.958, 83744
185.961, 83744
185.968, 83744
185.97, 83744
185.972, 83744
185.973, 83744
185.974, 83744
185.977, 83744
185.987, 83744
185.989, 83744
185.999, 83744
186.005, 83528
186.013, 83528
186.018, 83528
186.02, 83528
186.028, 83528
186.035, 83744
186.04, 83744
186.041, 83744
186.043, 83744
186.044, 83960
186.046, 83960
186.047, 83960
186.048, 83960
186.05, 83960
186.053, 84176
186.055, 84176
186.057, 84176
186.058, 84176
186.059, 84176
186.064, 84392
186.066, 84392
186.067, 84392
186.069, 84392
186.07, 84392
186.074, 84392
186.076, 84392
186.078, 84608
186.079, 84608
186.081, 84608
186.082, 84608
186.083, 84608
186.085, 84608
186.086, 84608
186.087, 84608
186.089, 84608
186.09, 84608
186.091, 84608
186.093, 84608
186.094, 84824
186.096, 84824
186.097, 84824
186.098, 84824
186.1, 84824
186.101, 84824
186.103, 84824
186.106, 84824
186.107, 84824
186.109, 84824
186.11, 84824
186.125, 84608
186.128, 84608
186.136, 84608
186.141, 84608
186.153, 84176
186.162, 83960
186.171, 83960
186.179, 83960
186.182, 83744
186.193, 83744
186.198, 83960
186.201, 83960
186.209, 83960
186.212, 83960
186.215, 83960
186.219, 83960
186.222, 83960
186.224, 83744
186.225, 83744
186.226, 83744
186.228, 83744
186.231, 83528
186.237, 83528
186.238, 83528
186.241, 83744
186.244, 83744
186.246, 83744
186.247, 83744
186.248, 83960
186.251, 83960
186.258, 83744
186.26, 83744
186.269, 83528
186.274, 83528
186.279, 83528
186.292, 83312
186.296, 83312
186.298, 83312
186.301, 83312
186.304, 83312
186.306, 83312
186.308, 83528
186.309, 83528
186.312, 83528
186.318, 83312
186.319, 83312
186.32, 83312
186.322, 83312
186.323, 83312
186.324, 83312
186.325, 83096
186.328, 83096
186.335, 83312
186.34, 83312
186.342, 83528
186.344, 83528
186.347, 83528
186.351, 83528
186.352, 83528
186.354, 83528
186.355, 83528
186.356, 83528
186.357, 83528
186.358, 83528
186.36, 83096
186.361, 83096
186.363, 83096
186.364, 83096
186.365, 83096
186.367, 83096
186.368, 83096
186.369, 83096
186.371, 83096
186.372, 83096
186.373, 83096
186.374, 83096
186.376, 83096
186.377, 83096
186.379, 83096
186.38, 83096
186.382, 83096
186.383, 83096
186.385, 83096
186.389, 83096
186.391, 83096
186.392, 83096
186.395, 83312
186.397, 83312
186.399, 83312
186.4, 83312
186.402, 83312
186.403, 83312
186.404, 83312
186.406, 83312
186.407, 83312
186.411, 83096
186.419, 83096
186.423, 83096
186.437, 83312
186.442, 83312
186.444, 83312
186.45, 83312
186.456, 83312
186.461, 83312
186.467, 83312
186.469, 83312
186.47, 83312
186.472, 83312
186.473, 83312
186.475, 83312
186.476, 83312
186.477, 83312
186.479, 83528
186.481, 83528
186.482, 83528
186.484, 83528
186.485, 83528
186.488, 83528
186.493, 83528
186.5, 83528
186.503, 83528
186.504, 83528
186.505, 83528
186.507, 83528
186.508, 83528
186.509, 83528
186.51, 83528
186.512, 83528
186.513, 83744
186.527, 83528
186.535, 83312
186.541, 83096
186.55, 83312
186.552, 83312
186.556, 83312
186.557, 83312
186.562, 83312
186.567, 83312
186.572, 83312
186.573, 83528
186.575, 83528
186.576, 83528
186.577, 83528
186.579, 83528
186.58, 83528
186.581, 83528
186.582, 83528
186.583, 83528
186.584, 83528
186.585, 83528
186.587, 83528
186.588, 83528
186.59, 83528
186.593, 83528
186.606, 83744
186.61, 83960
186.614, 83960
186.617, 84176
186.623, 84608
186.625, 84608
186.627, 84608
186.629, 84608
186.63, 84608
186.631, 84608
186.632, 84824
186.634, 84824
186.635, 84824
186.636, 84824
186.645, 84824
186.648, 84824
186.649, 84824
186.652, 84824
186.653, 84824
186.658, 84824
186.661, 84824
186.664, 84824
186.669, 84824
186.67, 84824
186.672, 84824
186.674, 84824
186.676, 84824
186.677, 84824
186.678, 84824
186.679, 84824
186.68, 84824
186.682, 84824
186.684, 84608
186.685, 84608
186.687, 84608
186.688, 84608
186.69, 84608
186.691, 84608
186.693, 84608
186.695, 84608
186.697, 84608
186.698, 84608
186.7, 84608
186.701, 84608
186.702, 84608
186.704, 84608
186.705, 84608
186.711, 84608
186.712, 84608
186.713, 84608
186.715, 84608
186.716, 84608
186.717, 84608
186.719, 84608
186.72, 84608
186.722, 84608
186.723, 84608
186.725, 84608
186.726, 84608
186.728, 84608
186.729, 84608
186.73, 84608
186.732, 84608
186.733, 84608
186.746, 84608
186.754, 84608
186.759, 84608
186.76, 84608
186.762, 84608
186.764, 84608
186.765, 84608
186.774, 84608
186.778, 84608
186.779, 84608
186.782, 84608
186.785, 84608
186.787, 84608
186.788, 84608
186.789, 84608
186.791, 84608
186.792, 84608
186.801, 84608
186.802, 84608
186.804, 84824
186.805, 84824
186.807, 84824
186.808, 84824
186.809, 84824
186.81, 84824
186.82, 84608
186.821, 84608
186.823, 84608
186.824, 84608
186.826, 84608
186.827, 84608
186.829, 84608
186.833, 84608
186.834, 84608
186.836, 84608
186.837, 84608
186.838, 84608
186.84, 84608
186.841, 84608
186.843, 84608
186.846, 84608
186.847, 84608
186.849, 84608
186.85, 84608
186.851, 84608
186.853, 84608
186.854, 84608
186.856, 84608
186.857, 84608
186.858, 84608
186.859, 84608
186.861, 84608
186.862, 84608
186.863, 84392
186.865, 84392
186.869, 84392
186.87, 84392
186.872, 84176
186.873, 84176
186.875, 84176
186.876, 84176
186.877, 84176
186.879, 84176
186.88, 84392
186.882, 84392
186.883, 84392
186.885, 84392
186.886, 84392
186.888, 84392
186.889, 84392
186.891, 84392
186.892, 84392
186.894, 84392
186.895, 84392
186.897, 84608
186.898, 84608
186.904, 84608
186.905, 84608
186.906, 84608
186.908, 84608
186.909, 84608
186.91, 84608
186.913, 84608
186.915, 84608
186.916, 84608
186.918, 84608
186.919, 84608
186.92, 84608
186.93, 84608
186.931, 84824
186.933, 84824
186.934, 84824
186.936, 84824
186.937, 84824
186.938, 84824
186.94, 84824
186.941, 84824
186.942, 84824
186.944, 84824
186.945, 84824
186.946, 84824
186.947, 84824
186.949, 84608
186.95, 84608
186.952, 84608
186.953, 84608
186.954, 84608
186.956, 84608
186.958, 84824
186.959, 84824
186.964, 84824
186.966, 84608
186.968, 84608
186.969, 84608
186.971, 84608
186.972, 84608
186.973, 84608
186.976, 84608
186.978, 84608
186.979, 84608
186.981, 84608
186.982, 84608
186.983, 84608
186.984, 84608
186.985, 84608
186.989, 84608
186.992, 84608
186.993, 84608
186.999, 84608
187.001, 84608
187.002, 84608
187.003, 84608
187.009, 84392
187.011, 84392
187.012, 84392
187.013, 84392
187.015, 84392
187.016, 84176
187.018, 84176
187.019, 84176
187.022, 84176
187.023, 84176
187.024, 84176
187.025, 83960
187.026, 83960
187.027, 83960
187.029, 83960
187.04, 83960
187.041, 83960
187.043, 84176
187.044, 84176
187.046, 84176
187.047, 84176
187.048, 84176
187.05, 84176
187.051, 84176
187.052, 84176
187.053, 84176
187.054, 84176
187.055, 84176
187.056, 84176
187.058, 84176
187.059, 83744
187.06, 83744
187.061, 83744
187.062, 83744
187.064, 83744
187.065, 83744
187.066, 83744
187.067, 84176
187.069, 84176
187.07, 84176
187.071, 84176
187.072, 84176
187.073, 84176
187.075, 84176
187.076, 84176
187.077, 84176
187.078, 84176
187.079, 84176
187.08, 84176
187.081, 84176
187.083, 84176
187.084, 84176
187.085, 83960
187.086, 83960
187.087, 83960
187.089, 83960
187.09, 83960
187.091, 83960
187.092, 83960
187.093, 83960
187.094, 83960
187.096, 83960
187.097, 83960
187.098, 83960
187.099, 83960
187.101, 83960
187.102, 84176
187.103, 84176
187.104, 84176
187.105, 84176
187.106, 84176
187.108, 84176
187.109, 84176
187.11, 84176
187.111, 84176
187.112, 84176
187.113, 84176
187.115, 84176
187.116, 84176
187.118, 84176
187.119, 84176
187.12, 84176
187.122, 84176
187.123, 84176
187.124, 84176
187.126, 84176
187.127, 84392
187.128, 84392
187.13, 84392
187.131, 84392
187.132, 84392
187.133, 84392
187.134, 84392
187.135, 84392
187.137, 84392
187.138, 84392
187.139, 84392
187.14, 84392
187.141, 84392
187.142, 84392
187.143, 84392
187.145, 83960
187.146, 83960
187.148, 83960
187.149, 83960
187.15, 83960
187.151, 83960
187.153, 84176
187.154, 84176
187.155, 84176
187.156, 84176
187.157, 84176
187.158, 84176
187.159, 84176
187.161, 84176
187.162, 83960
187.163, 83960
187.165, 83960
187.166, 83960
187.168, 83960
187.17, 84176
187.172, 84176
187.174, 84176
187.176, 84176
187.178, 84176
187.179, 84176
187.18, 84176
187.182, 84176
187.183, 84176
187.184, 84176
187.185, 84176
187.187, 84176
187.188, 84392
187.189, 84392
187.19, 84392
187.191, 84392
187.193, 84392
187.194, 84392
187.195, 84392
187.196, 84176
187.197, 84176
187.199, 84176
187.2, 84176
187.202, 84176
187.203, 84176
187.205, 84392
187.206, 84392
187.207, 84392
187.209, 84392
187.21, 84392
187.211, 84392
187.212, 84824
187.214, 84824
187.215, 84824
187.216, 84824
187.217, 84824
187.218, 84824
187.22, 84824
187.221, 84824
187.222, 85040
187.223, 85040
187.224, 85040
187.226, 85040
187.227, 85040
187.228, 85040
187.229, 85040
187.23, 85256
187.232, 85256
187.233, 85256
187.234, 85256
187.235, 85256
187.236, 85256
187.238, 85256
187.239, 85256
187.24, 85256
187.242, 85256
187.243, 85256
187.244, 85256
187.245, 85256
187.247, 85472
187.248, 85472
187.249, 85472
187.251, 85472
187.252, 85472
187.253, 85472
187.254, 85472
187.255, 85256
187.257, 85256
187.258, 85256
187.26, 85256
187.261, 85256
187.262, 85256
187.264, 85256
187.265, 85256
187.266, 85256
187.268, 85256
187.269, 85256
187.271, 85256
187.272, 85040
187.274, 85040
187.275, 85040
187.277, 85040
187.278, 85040
187.279, 85040
187.281, 84824
187.282, 84824
187.283, 84824
187.285, 84824
187.286, 84824
187.287, 84824
187.288, 84824
187.29, 84824
187.291, 84824
187.292, 84824
187.294, 84824
187.295, 84824
187.296, 84824
187.298, 84824
187.299, 84824
187.3, 84824
187.301, 84824
187.303, 84824
187.304, 84824
187.305, 84824
187.307, 84608
187.308, 84608
187.309, 84608
187.311, 84608
187.312, 84608
187.313, 84608
187.314, 84608
187.315, 84608
187.317, 84608
187.318, 84608
187.319, 84608
187.32, 84608
187.322, 84608
187.323, 84392
187.324, 84392
187.326, 84392
187.327, 84392
187.328, 84392
187.329, 84392
187.33, 84392
187.332, 84392
187.333, 84608
187.334, 84608
187.335, 84608
187.337, 84608
187.338, 84608
187.339, 84608
187.341, 84392
187.342, 84392
187.35, 84392
187.351, 84392
187.353, 84392
187.354, 84392
187.355, 84392
187.356, 84392
187.357, 84176
187.358, 84176
187.36, 84176
187.361, 84176
187.362, 84176
187.363, 84176
187.365, 84176
187.366, 84176
187.367, 83960
187.368, 83960
187.369, 83960
187.37, 83960
187.372, 83960
187.373, 83960
187.374, 83960
187.375, 84176
187.376, 84176
187.377, 84176
187.378, 84176
187.38, 84176
187.381, 84176
187.382, 84176
187.383, 84176
187.385, 84176
187.386, 84176
187.387, 84176
187.388, 84176
187.39, 84176
187.391, 84176
187.392, 84176
187.393, 84176
187.394, 84176
187.395, 84176
187.397, 84176
187.398, 84176
187.4, 84176
187.401, 83960
187.402, 83960
187.403, 83960
187.405, 83960
187.406, 83960
187.407, 83960
187.408, 83960
187.409, 84176
187.41, 84176
187.412, 84176
187.413, 84176
187.415, 84176
187.416, 84176
187.417, 84176
187.419, 84176
187.42, 84176
187.421, 84176
187.422, 84176
187.424, 84176
187.425, 84176
187.426, 84176
187.427, 84176
187.429, 84176
187.43, 84176
187.431, 84176
187.433, 84176
187.434, 84176
187.435, 84176
187.437, 84176
187.438, 84176
187.439, 84176
187.441, 84176
187.442, 84176
187.444, 84176
187.445, 84176
187.446, 84176
187.448, 84176
187.449, 84176
187.45, 84176
187.451, 83960
187.453, 83960
187.454, 83960
187.456, 83960
187.457, 83960
187.459, 83960
187.46, 83960
187.461, 83960
187.463, 83960
187.464, 83960
187.466, 83960
187.467, 83960
187.469, 83960
187.47, 83960
187.471, 83960
187.473, 83960
187.474, 83960
187.475, 83960
187.476, 83960
187.478, 84176
187.479, 84176
187.48, 84176
187.481, 84176
187.483, 84176
187.484, 84176
187.485, 84176
187.486, 83960
187.487, 83960
187.489, 83960
187.49, 83960
187.491, 83960
187.492, 83960
187.494, 83960
187.495, 83960
187.496, 83960
187.497, 83960
187.499, 83960
187.5, 83960
187.501, 83960
187.502, 83960
187.504, 83960
187.505, 83960
187.506, 83960
187.507, 83960
187.509, 83960
187.511, 83960
187.513, 83960
187.514, 83960
187.516, 83960
187.518, 83960
187.519, 83960
187.52, 83744
187.522, 83744
187.523, 83744
187.524, 83744
187.525, 83744
187.526, 83744
187.528, 83744
187.529, 83744
187.53, 83744
187.531, 83744
187.533, 83744
187.534, 83744
187.535, 83744
187.537, 83960
187.538, 83960
187.54, 83960
187.542, 83960
187.544, 83960
187.546, 83744
187.547, 83744
187.549, 83744
187.55, 83744
187.552, 83744
187.553, 83744
187.555, 83960
187.556, 83960
187.557, 83960
187.559, 83960
187.56, 83960
187.561, 83960
187.562, 83960
187.563, 83960
187.565, 83960
187.566, 83960
187.567, 83960
187.569, 83960
187.57, 83960
187.571, 83960
187.572, 83960
187.573, 83960
187.575, 83960
187.576, 83960
187.577, 83960
187.578, 83960
187.58, 83960
187.581, 83960
187.582, 83960
187.583, 83960
187.585, 83960
187.586, 83960
187.587, 83960
187.591, 83960
187.593, 83960
187.596, 83960
187.597, 83960
187.599, 83960
187.6, 83960
187.601, 83960
187.602, 83960
187.604, 83960
187.605, 83960
187.606, 83960
187.607, 83960
187.609, 83960
187.61, 83960
187.611, 83960
187.612, 83960
187.614, 83960
187.63, 83960
187.631, 83528
187.633, 83528
187.634, 83528
187.635, 83528
187.637, 83528
187.638, 83528
187.639, 83528
187.64, 83528
187.641, 83528
187.643, 83528
187.644, 83528
187.645, 83528
187.646, 83528
187.648, 83312
187.65, 83312
187.651, 83312
187.653, 83312
187.654, 83312
187.656, 83312
187.657, 83528
187.659, 83528
187.66, 83528
187.661, 83528
187.662, 83528
187.664, 83528
187.665, 83744
187.666, 83744
187.667, 83744
187.669, 83744
187.67, 83744
187.671, 83744
187.672, 83744
187.678, 83528
187.679, 83528
187.68, 83528
187.682, 83528
187.683, 83528
187.684, 83528
187.685, 83528
187.686, 83528
187.688, 83528
187.689, 83528
187.69, 83528
187.691, 83744
187.692, 83744
187.693, 83744
187.694, 83744
187.696, 83744
187.697, 83744
187.698, 83744
187.699, 83528
187.7, 83528
187.701, 83528
187.702, 83528
187.704, 83528
187.705, 83528
187.706, 83528
187.707, 83528
187.708, 83528
187.709, 83528
187.711, 83528
187.712, 83528
187.713, 83528
187.714, 83528
187.716, 83528
187.717, 83528
187.718, 83528
187.719, 83528
187.72, 83528
187.721, 83528
187.723, 83528
187.724, 83528
187.725, 83528
187.726, 83528
187.727, 83528
187.728, 83528
187.73, 83528
187.731, 83528
187.732, 83528
187.734, 83528
187.736, 83528
187.737, 83528
187.739, 83528
187.74, 83528
187.741, 83528
187.742, 83312
187.744, 83312
187.745, 83312
187.746, 83312
187.747, 83312
187.748, 83312
187.75, 83312
187.751, 83312
187.752, 83312
187.753, 83312
187.754, 83312
187.755, 83312
187.756, 83312
187.758, 83312
187.759, 82880
187.76, 82880
187.761, 82880
187.762, 82880
187.764, 82880
187.765, 82880
187.766, 82880
187.767, 83096
187.769, 83096
187.77, 83096
187.771, 83096
187.772, 83096
187.773, 83096
187.774, 83096
187.775, 82880
187.777, 82880
187.778, 82880
187.779, 82880
187.781, 82880
187.782, 82880
187.783, 82880
187.785, 83096
187.786, 83096
187.787, 83096
187.789, 83096
187.79, 83096
187.791, 83096
187.792, 83096
187.794, 83528
187.795, 83528
187.796, 83528
187.798, 83528
187.799, 83528
187.8, 83528
187.801, 83528
187.802, 83312
187.803, 83312
187.804, 83312
187.806, 83312
187.807, 83312
187.808, 83312
187.809, 83312
187.81, 82880
187.812, 82880
187.813, 82880
187.814, 82880
187.816, 82880
187.817, 82880
187.818, 83096
187.819, 83096
187.821, 83096
187.822, 83096
187.823, 83096
187.824, 83096
187.825, 83096
187.826, 83096
187.828, 83528
187.829, 83528
187.83, 83528
187.831, 83528
187.832, 83528
187.833, 83528
187.834, 83528
187.836, 83528
187.837, 83528
187.838, 83528
187.839, 83528
187.84, 83528
187.842, 83528
187.843, 83528
187.844, 83528
187.845, 83528
187.846, 83528
187.847, 83528
187.849, 83528
187.85, 83528
187.851, 83528
187.852, 83528
187.853, 83744
187.855, 83744
187.856, 83744
187.857, 83744
187.858, 83744
187.86, 83744
187.861, 83960
187.862, 83960
187.863, 83960
187.864, 83960
187.866, 83960
187.867, 83960
187.868, 83960
187.869, 83960
187.871, 83960
187.872, 83960
187.873, 83960
187.874, 83960
187.875, 83960
187.877, 83960
187.878, 83960
187.879, 83960
187.88, 83960
187.882, 83960
187.883, 83960
187.884, 83960
187.885, 83960
187.887, 83960
187.888, 83960
187.889, 83960
187.891, 83960
187.892, 83960
187.893, 83960
187.894, 83960
187.896, 83960
187.897, 83960
187.898, 83960
187.899, 83960
187.901, 83960
187.902, 83960
187.904, 83960
187.905, 83960
187.906, 83960
187.908, 83960
187.909, 83960
187.911, 83960
187.912, 83960
187.913, 83960
187.915, 83960
187.916, 83960
187.917, 83960
187.918, 83960
187.92, 83960
187.921, 83960
187.922, 83960
187.923, 83960
187.924, 83960
187.926, 83960
187.927, 83960
187.928, 83960
187.929, 83960
187.931, 83960
187.932, 83960
187.933, 83960
187.934, 83960
187.935, 83960
187.937, 83960
187.938, 83960
187.939, 83960
187.941, 83960
187.942, 83960
187.943, 83960
187.944, 83960
187.946, 83960
187.947, 83960
187.948, 83960
187.949, 83960
187.95, 83960
187.952, 83960
187.953, 83960
187.954, 83960
187.956, 84176
187.957, 84176
187.958, 84176
187.959, 84176
187.961, 84176
187.962, 84176
187.963, 84176
187.964, 84176
187.965, 84176
187.966, 84176
187.967, 84176
187.969, 84176
187.97, 84176
187.971, 84176
187.972, 84176
187.973, 84176
187.975, 84176
187.976, 84176
187.977, 84176
187.978, 84176
187.98, 83960
187.982, 83960
187.984, 83960
187.985, 83960
187.987, 83960
187.988, 83960
187.989, 83960
187.99, 83960
187.991, 83960
187.993, 83960
187.994, 83960
187.995, 83960
187.997, 83960
187.998, 83960
187.999, 83960
188.001, 83960
188.002, 83960
188.003, 83960
188.004, 83960
188.005, 83960
188.006, 83960
188.008, 83960
188.009, 83960
188.01, 83960
188.012, 83960
188.013, 83960
188.014, 83960
188.015, 83960
188.016, 83960
188.018, 83960
188.019, 83960
188.02, 83960
188.021, 83960
188.022, 83960
188.024, 83960
188.025, 83960
188.026, 83960
188.027, 83960
188.028, 83960
188.03, 83960
188.031, 83960
188.032, 84176
188.033, 84176
188.034, 84176
188.035, 84176
188.037, 84176
188.038, 84176
188.039, 84176
188.04, 84176
188.042, 84176
188.043, 84176
188.044, 84176
188.045, 84176
188.046, 84176
188.047, 84176
188.049, 84176
188.05, 84176
188.051, 84176
188.052, 84176
188.053, 84176
188.054, 84176
188.056, 84176
188.057, 84176
188.058, 84176
188.059, 84176
188.06, 84176
188.062, 84176
188.063, 84176
188.064, 84176
188.065, 84176
188.067, 84176
188.068, 84176
188.069, 84176
188.07, 84176
188.072, 84176
188.073, 84176
188.074, 84176
188.075, 84176
188.076, 84176
188.077, 84176
188.079, 84176
188.08, 84176
188.081, 84176
188.082, 84176
188.083, 84176
188.084, 84176
188.086, 84176
188.087, 84176
188.088, 84176
188.089, 84176
188.09, 84176
188.091, 84176
188.093, 84176
188.094, 84176
188.096, 84176
188.097, 84176
188.098, 84176
188.099, 84176
188.101, 84176
188.102, 84176
188.103, 84176
188.104, 84176
188.105, 84176
188.106, 84176
188.108, 84176
188.11, 84176
188.111, 84176
188.112, 84176
188.114, 84176
188.115, 84176
188.116, 84176
188.117, 83960
188.119, 83960
188.12, 83960
188.121, 83960
188.123, 83960
188.124, 83960
188.125, 83960
188.126, 83960
188.128, 83960
188.129, 83960
188.13, 83960
188.132, 83960
188.133, 83960
188.134, 83960
188.135, 83960
188.137, 83960
188.138, 83960
188.139, 83960
188.141, 83960
188.142, 83960
188.143, 83744
188.144, 83744
188.145, 83744
188.146, 83744
188.148, 83744
188.149, 83744
188.15, 83744
188.152, 83960
188.153, 83960
188.154, 83960
188.155, 83960
188.157, 83960
188.158, 83960
188.159, 83960
188.16, 83960
188.161, 83960
188.163, 83960
188.164, 83960
188.165, 83960
188.166, 83960
188.168, 83960
188.169, 83960
188.17, 83960
188.172, 83960
188.173, 83960
188.174, 83960
188.175, 83960
188.176, 83960
188.178, 83960
188.179, 83960
188.181, 83960
188.182, 83960
188.183, 83960
188.185, 83960
188.186, 83744
188.187, 83744
188.188, 83744
188.19, 83744
188.191, 83744
188.192, 83744
188.193, 83744
188.194, 83960
188.196, 83960
188.197, 83960
188.198, 83960
188.199, 83960
188.2, 83960
188.202, 83960
188.203, 83960
188.204, 83960
188.205, 83960
188.206, 83960
188.207, 83960
188.209, 83960
188.21, 83960
188.212, 83960
188.213, 83960
188.214, 83960
188.215, 83960
188.217, 83960
188.218, 83960
188.219, 83960
188.22, 83960
188.221, 83960
188.222, 83960
188.224, 83960
188.225, 83960
188.226, 83960
188.228, 83960
188.229, 83960
188.23, 83960
188.231, 83960
188.232, 83960
188.233, 83960
188.235, 83960
188.236, 83960
188.237, 83960
188.239, 83960
188.24, 83960
188.241, 83960
188.242, 83960
188.243, 83960
188.244, 83960
188.246, 83528
188.247, 83528
188.248, 83528
188.249, 83528
188.25, 83528
188.251, 83528
188.253, 83528
188.254, 83312
188.255, 83312
188.256, 83312
188.257, 83312
188.259, 83312
188.26, 83312
188.261, 83312
188.262, 83312
188.264, 83312
188.265, 83312
188.266, 83312
188.268, 83312
188.269, 83312
188.27, 83312
188.271, 83528
188.273, 83528
188.274, 83528
188.275, 83528
188.277, 83528
188.278, 83528
188.279, 83528
188.28, 83528
188.281, 83528
188.282, 83528
188.284, 83528
188.285, 83528
188.286, 83528
188.287, 83528
188.288, 83096
188.289, 83096
188.29, 83096
188.292, 83096
188.293, 83096
188.294, 83096
188.296, 83096
188.297, 83312
188.298, 83312
188.299, 83312
188.301, 83312
188.302, 83312
188.303, 83312
188.304, 83312
188.305, 83528
188.306, 83528
188.308, 83528
188.309, 83528
188.31, 83528
188.311, 83528
188.312, 83528
188.313, 83096
188.314, 83096
188.316, 83096
188.317, 83096
188.318, 83096
188.319, 83096
188.32, 83096
188.321, 83096
188.322, 82880
188.324, 82880
188.325, 82880
188.326, 82880
188.327, 82880
188.328, 82880
188.33, 82880
188.331, 82880
188.332, 82880
188.334, 82880
188.335, 82880
188.336, 82880
188.337, 82880
188.338, 82880
188.34, 83312
188.341, 83312
188.342, 83312
188.343, 83312
188.344, 83312
188.345, 83312
188.347, 83312
188.348, 83312
188.35, 83312
188.351, 83312
188.352, 83312
188.354, 83312
188.355, 83312
188.356, 83312
188.357, 83312
188.359, 83312
188.36, 83312
188.361, 83312
188.362, 83312
188.363, 83312
188.365, 83528
188.366, 83528
188.367, 83528
188.368, 83528
188.369, 83528
188.37, 83528
188.371, 83528
188.373, 83528
188.374, 83744
188.375, 83744
188.377, 83744
188.378, 83744
188.379, 83744
188.38, 83744
188.381, 83528
188.382, 83528
188.384, 83528
188.385, 83528
188.386, 83528
188.387, 83528
188.388, 83528
188.389, 83528
188.391, 83744
188.392, 83744
188.394, 83744
188.395, 83744
188.396, 83744
188.398, 83744
188.399, 83744
188.4, 83744
188.401, 83744
188.403, 83744
188.404, 83744
188.405, 83744
188.406, 83744
188.407, 83528
188.409, 83528
188.41, 83528
188.411, 83528
188.412, 83528
188.413, 83528
188.414, 83528
188.415, 83528
188.417, 83312
188.418, 83312
188.419, 83312
188.421, 83312
188.422, 83312
188.423, 83312
188.425, 83312
188.426, 83312
188.428, 83312
188.429, 83312
188.43, 83312
188.431, 83312
188.432, 83312
188.434, 83528
188.435, 83528
188.436, 83528
188.437, 83528
188.438, 83528
188.439, 83528
188.441, 83528
188.442, 83744
188.443, 83744
188.444, 83744
188.445, 83744
188.446, 83744
188.448, 83744
188.449, 83744
188.45, 83744
188.451, 83744
188.452, 83744
188.453, 83744
188.455, 83744
188.456, 83744
188.457, 83744
188.459, 83960
188.46, 83960
188.461, 83960
188.462, 83960
188.463, 83960
188.464, 83960
188.466, 83960
188.467, 83960
188.468, 83960
188.469, 83960
188.47, 83960
188.472, 83960
188.473, 83960
188.474, 83960
188.476, 83744
188.477, 83744
188.478, 83744
188.479, 83744
188.48, 83744
188.482, 83744
188.483, 83744
188.484, 83960
188.485, 83960
188.486, 83960
188.487, 83960
188.489, 83960
188.49, 83960
188.491, 83960
188.492, 83960
188.493, 83960
188.495, 83960
188.496, 83960
188.497, 83960
188.498, 83960
188.499, 83960
188.501, 83960
188.502, 83960
188.503, 83960
188.505, 83960
188.506, 83960
188.507, 83960
188.508, 83960
188.509, 83960
188.51, 83960
188.512, 83960
188.513, 83960
188.514, 83960
188.516, 83960
188.517, 83960
188.518, 84176
188.519, 84176
188.52, 84176
188.521, 84176
188.523, 84176
188.524, 84176
188.525, 84176
188.526, 84176
188.527, 83960
188.529, 83960
188.53, 83960
188.531, 83960
188.532, 83960
188.534, 83960
188.535, 83960
188.537, 83960
188.538, 83960
188.539, 83960
188.54, 83960
188.542, 83960
188.543, 83960
188.544, 83960
188.545, 83960
188.547, 83960
188.548, 83960
188.549, 83960
188.55, 83960
188.551, 83960
188.553, 83960
188.554, 83960
188.555, 83960
188.556, 83960
188.557, 83960
188.559, 83960
188.56, 83960
188.561, 84176
188.562, 84176
188.563, 84176
188.565, 84176
188.566, 84176
188.567, 84176
188.568, 84176
188.569, 84176
188.571, 84176
188.572, 84176
188.573, 84176
188.574, 84176
188.576, 84176
188.577, 84176
188.578, 84176
188.579, 84176
188.58, 84176
188.581, 84176
188.583, 84176
188.584, 84176
188.586, 84176
188.587, 83960
188.588, 83960
188.589, 83960
188.59, 83960
188.591, 83960
188.593, 83960
188.594, 83960
188.595, 83960
188.596, 83960
188.597, 83960
188.599, 83960
188.6, 83960
188.601, 83960
188.602, 83960
188.603, 83960
188.605, 83960
188.607, 83960
188.608, 83960
188.609, 83960
188.61, 83960
188.612, 83960
188.613, 83960
188.614, 83960
188.615, 83960
188.616, 83960
188.618, 83960
188.619, 83960
188.62, 83960
188.621, 83960
188.623, 83960
188.624, 83960
188.625, 83960
188.626, 83960
188.628, 83960
188.629, 83960
188.63, 83960
188.631, 83960
188.633, 83960
188.634, 83960
188.636, 83960
188.637, 83960
188.638, 83960
188.639, 83960
188.64, 83960
188.642, 83960
188.643, 83960
188.645, 83960
188.646, 83960
188.647, 83960
188.648, 83960
188.65, 83960
188.651, 83960
188.652, 83960
188.653, 83960
188.654, 83960
188.656, 83960
188.657, 83960
188.658, 83960
188.659, 83960
188.661, 83960
188.662, 83960
188.664, 83960
188.665, 83960
188.666, 83960
188.667, 83960
188.669, 83960
188.67, 83960
188.671, 83960
188.672, 83960
188.674, 83960
188.675, 83960
188.676, 83960
188.678, 83960
188.679, 83960
188.68, 83960
188.681, 83960
188.683, 83960
188.684, 83960
188.686, 83960
188.687, 83960
188.688, 83960
188.689, 83960
188.691, 83960
188.692, 83960
188.693, 83960
188.694, 83960
188.696, 83960
188.697, 83960
188.698, 83960
188.7, 83960
188.702, 83960
188.703, 83960
188.705, 83960
188.706, 83960
188.708, 83960
188.709, 83960
188.711, 83960
188.713, 83960
188.714, 83960
188.715, 83960
188.717, 83960
188.718, 83960
188.719, 83960
188.721, 83960
188.722, 83960
188.723, 83960
188.724, 83960
188.725, 83960
188.727, 83960
188.728, 83960
188.729, 83960
188.73, 83960
188.732, 83960
188.733, 83960
188.734, 83960
188.735, 83960
188.737, 83960
188.738, 83960
188.739, 83960
188.74, 83960
188.742, 83960
188.743, 83960
188.744, 83960
188.745, 83960
188.747, 83960
188.748, 83960
188.749, 83960
188.75, 83960
188.751, 83960
188.753, 83960
188.754, 83960
188.755, 83960
188.757, 83960
188.759, 83960
188.761, 83960
188.762, 83960
188.764, 83960
188.765, 83744
188.766, 83744
188.768, 83744
188.769, 83744
188.77, 83744
188.771, 83744
188.773, 83744
188.774, 83960
188.775, 83960
188.777, 83960
188.778, 83960
188.779, 83960
188.781, 83960
188.782, 83960
188.794, 83960
188.796, 83960
188.797, 83960
188.798, 83960
188.8, 83960
188.801, 83960
188.802, 83960
188.803, 83960
188.805, 83960
188.806, 83960
188.807, 83960
188.808, 83960
188.81, 83960
188.811, 83960
188.812, 83960
188.813, 83960
188.815, 83960
188.816, 83960
188.817, 83960
188.818, 83960
188.82, 83960
188.821, 83960
188.822, 83960
188.823, 83960
188.825, 83960
188.826, 83960
188.827, 83960
188.828, 83960
188.83, 83960
188.831, 83960
188.832, 83960
188.833, 83744
188.835, 83744
188.836, 83744
188.837, 83744
188.839, 83744
188.84, 83744
188.842, 83744
188.843, 83528
188.845, 83528
188.846, 83528
188.847, 83528
188.848, 83528
188.85, 83528
188.851, 83744
188.852, 83744
188.853, 83744
188.855, 83744
188.856, 83744
188.857, 83744
188.858, 83744
188.86, 83528
188.861, 83528
188.862, 83528
188.863, 83528
188.865, 83528
188.866, 83528
188.868, 83312
188.869, 83312
188.87, 83312
188.871, 83312
188.872, 83312
188.878, 83096
188.88, 83096
188.881, 83096
188.883, 83096
188.884, 83096
188.885, 83528
188.886, 83528
188.888, 83528
188.889, 83528
188.89, 83528
188.891, 83528
188.893, 83528
188.894, 83528
188.895, 83528
188.896, 83528
188.897, 83528
188.899, 83528
188.9, 83528
188.901, 83528
188.902, 83312
188.904, 83312
188.905, 83312
188.906, 83312
188.907, 83312
188.909, 83312
188.91, 83312
188.911, 83096
188.912, 83096
188.914, 83096
188.915, 83096
188.916, 83096
188.917, 83096
188.919, 83096
188.92, 83312
188.921, 83312
188.922, 83312
188.924, 83312
188.925, 83312
188.926, 83312
188.927, 83312
188.928, 83096
188.93, 83096
188.931, 83096
188.932, 83096
188.933, 83096
188.934, 83096
188.935, 83096
188.936, 82880
188.938, 82880
188.939, 82880
188.94, 82880
188.941, 82880
188.942, 82880
188.946, 82664
188.948, 82664
188.949, 82664
188.95, 82664
188.951, 82664
188.952, 82664
188.954, 82880
188.955, 82880
188.956, 82880
188.957, 82880
188.958, 82880
188.959, 82880
188.96, 82880
188.97, 82448
188.975, 82880
188.977, 82880
188.978, 82880
188.979, 83312
188.98, 83312
188.981, 83312
188.982, 83312
188.984, 83312
188.985, 83312
188.986, 83312
188.987, 83312
188.988, 83312
188.989, 83312
188.99, 83312
188.992, 83312
188.993, 83312
188.994, 83312
188.995, 83312
188.997, 83312
188.998, 83312
188.999, 83312
189, 83312
189.001, 83312
189.002, 83312
189.003, 83312
189.005, 83528
189.006, 83528
189.007, 83528
189.008, 83528
189.009, 83528
189.011, 83528
189.012, 83528
189.013, 83528
189.015, 83528
189.016, 83528
189.017, 83528
189.018, 83528
189.02, 83528
189.021, 83528
189.022, 83528
189.023, 83528
189.025, 83528
189.026, 83528
189.027, 83528
189.028, 83528
189.029, 83528
189.03, 83096
189.031, 83096
189.033, 83096
189.034, 83096
189.035, 83096
189.036, 83096
189.038, 83096
189.039, 83096
189.04, 83096
189.042, 83096
189.043, 83096
189.044, 83096
189.046, 83096
189.047, 83096
189.048, 83312
189.049, 83312
189.05, 83312
189.051, 83312
189.053, 83312
189.054, 83312
189.055, 83312
189.056, 83528
189.057, 83528
189.059, 83528
189.06, 83528
189.061, 83528
189.062, 83528
189.064, 83528
189.065, 83744
189.066, 83744
189.067, 83744
189.069, 83744
189.07, 83744
189.071, 83744
189.073, 83960
189.074, 83960
189.076, 83960
189.077, 83960
189.079, 83960
189.08, 83960
189.081, 83744
189.082, 83744
189.084, 83744
189.085, 83744
189.086, 83744
189.087, 83744
189.089, 83744
189.09, 83960
189.092, 83960
189.093, 83960
189.094, 83960
189.096, 83960
189.097, 83960
189.098, 83960
189.099, 83960
189.101, 83960
189.102, 83960
189.103, 83960
189.105, 83960
189.106, 83960
189.107, 83960
189.108, 83960
189.11, 83960
189.111, 83960
189.112, 83960
189.114, 83960
189.115, 83960
189.116, 83960
189.117, 83960
189.119, 83960
189.12, 83960
189.121, 83960
189.122, 83960
189.124, 83960
189.125, 83960
189.126, 83960
189.127, 83960
189.128, 83960
189.129, 83960
189.131, 83960
189.132, 83960
189.133, 83960
189.135, 83960
189.137, 83960
189.138, 83960
189.139, 83960
189.141, 83960
189.142, 83960
189.143, 83960
189.144, 83960
189.146, 83960
189.147, 83960
189.148, 83960
189.149, 83960
189.151, 83960
189.152, 83960
189.153, 83960
189.154, 83960
189.156, 83960
189.157, 83960
189.158, 83960
189.159, 83960
189.161, 83960
189.162, 83960
189.164, 83960
189.165, 83960
189.167, 83960
189.168, 83960
189.17, 83960
189.171, 83960
189.173, 83960
189.175, 83960
189.176, 83960
189.177, 83960
189.179, 83960
189.18, 83960
189.181, 83960
189.183, 83960
189.184, 83960
189.185, 83960
189.187, 83960
189.188, 83960
189.19, 83960
189.191, 83960
189.192, 83960
189.194, 83960
189.195, 83960
189.202, 83960
189.203, 83960
189.205, 83960
189.206, 83960
189.207, 83960
189.208, 83960
189.209, 83744
189.211, 83744
189.212, 83744
189.213, 83744
189.215, 83744
189.216, 83744
189.217, 83744
189.218, 83744
189.219, 83744
189.22, 83744
189.222, 83744
189.223, 83744
189.224, 83744
189.226, 83744
189.227, 83744
189.228, 83744
189.23, 83744
189.231, 83744
189.232, 83744
189.233, 83744
189.234, 83744
189.236, 83960
189.237, 83960
189.238, 83960
189.239, 83960
189.241, 83960
189.242, 83960
189.243, 83960
189.244, 83960
189.246, 83960
189.247, 83960
189.248, 83960
189.25, 83960
189.251, 83960
189.252, 83960
189.254, 83960
189.255, 83960
189.257, 83960
189.258, 83960
189.259, 83960
189.26, 83960
189.262, 83960
189.263, 83960
189.264, 83960
189.265, 83960
189.266, 83960
189.268, 83960
189.269, 83960
189.27, 83960
189.272, 83960
189.273, 83960
189.274, 83960
189.275, 83960
189.276, 83960
189.277, 83960
189.279, 83960
189.28, 83960
189.281, 83960
189.282, 83960
189.283, 83960
189.285, 83960
189.286, 83960
189.287, 83960
189.288, 83960
189.289, 83960
189.29, 83960
189.292, 83960
189.293, 83960
189.294, 83960
189.295, 83960
189.297, 83960
189.298, 83960
189.299, 83960
189.301, 83960
189.302, 83960
189.303, 83960
189.305, 83960
189.306, 83960
189.307, 83960
189.309, 83960
189.31, 83960
189.311, 83960
189.312, 83960
189.313, 83960
189.315, 83960
189.316, 83960
189.317, 83960
189.319, 83960
189.32, 83960
189.321, 83960
189.322, 83960
189.323, 83960
189.325, 83960
189.326, 83960
189.327, 83960
189.328, 83960
189.33, 83960
189.331, 83960
189.332, 83960
189.334, 83960
189.335, 83960
189.336, 83960
189.337, 83960
189.338, 83960
189.34, 83960
189.341, 83960
189.342, 83960
189.354, 83960
189.356, 83960
189.357, 83960
189.358, 83960
189.36, 83960
189.361, 83960
189.362, 83960
189.363, 83744
189.364, 83744
189.366, 83744
189.367, 83744
189.368, 83744
189.369, 83744
189.371, 83744
189.372, 83744
189.374, 83744
189.375, 83744
189.377, 83744
189.378, 83744
189.379, 83744
189.381, 83744
189.382, 83744
189.383, 83744
189.384, 83744
189.385, 83744
189.386, 83744
189.388, 83744
189.389, 83744
189.39, 83744
189.391, 83744
189.393, 83744
189.394, 83744
189.395, 83744
189.396, 83744
189.397, 83744
189.398, 83744
189.4, 83744
189.401, 83744
189.402, 83744
189.404, 83744
189.405, 83744
189.406, 83960
189.407, 83960
189.409, 83960
189.41, 83960
189.411, 83960
189.412, 83960
189.413, 83960
189.414, 83960
189.416, 83960
189.417, 83960
189.418, 83960
189.419, 83960
189.421, 83960
189.422, 83960
189.423, 83960
189.424, 83960
189.426, 83960
189.427, 83960
189.428, 83960
189.429, 83960
189.431, 83960
189.432, 83960
189.434, 83960
189.435, 83960
189.436, 83960
189.438, 83960
189.439, 83960
189.44, 83960
189.441, 83960
189.442, 83960
189.444, 83960
189.445, 83960
189.446, 83960
189.447, 83960
189.449, 83960
189.45, 83960
189.451, 83960
189.452, 83960
189.454, 83960
189.455, 83960
189.456, 83960
189.457, 83744
189.458, 83744
189.46, 83744
189.461, 83744
189.462, 83744
189.463, 83744
189.465, 83744
189.466, 83744
189.467, 83744
189.468, 83744
189.469, 83744
189.47, 83744
189.472, 83744
189.473, 83744
189.474, 83312
189.475, 83312
189.477, 83312
189.478, 83312
189.479, 83312
189.48, 83312
189.481, 83312
189.482, 83312
189.484, 83312
189.485, 83312
189.486, 83312
189.488, 83312
189.489, 83312
189.49, 83312
189.492, 83528
189.493, 83528
189.494, 83528
189.496, 83528
189.497, 83528
189.498, 83528
189.5, 83744
189.501, 83744
189.502, 83744
189.503, 83744
189.504, 83744
189.505, 83744
189.507, 83744
189.508, 83312
189.509, 83312
189.51, 83312
189.511, 83312
189.512, 83312
189.514, 83312
189.515, 83312
189.516, 83312
189.517, 83312
189.519, 83312
189.52, 83312
189.521, 83312
189.522, 83312
189.523, 83312
189.525, 83312
189.526, 83528
189.527, 83528
189.528, 83528
189.529, 83528
189.53, 83528
189.532, 83528
189.533, 83528
189.534, 83312
189.535, 83312
189.536, 83312
189.537, 83312
189.538, 83312
189.54, 83312
189.541, 83312
189.542, 83096
189.543, 83096
189.544, 83096
189.545, 83096
189.546, 83096
189.548, 83096
189.549, 83096
189.55, 83096
189.551, 83096
189.552, 83096
189.554, 83096
189.555, 83096
189.556, 83096
189.557, 83096
189.558, 83096
189.56, 83312
189.561, 83312
189.562, 83312
189.563, 83312
189.564, 83312
189.565, 83312
189.566, 83312
189.568, 83096
189.569, 83096
189.57, 83096
189.572, 83096
189.573, 83096
189.574, 83096
189.576, 83096
189.577, 83528
189.578, 83528
189.579, 83528
189.581, 83528
189.582, 83528
189.583, 83528
189.584, 83528
189.585, 83744
189.587, 83744
189.588, 83744
189.589, 83744
189.59, 83744
189.591, 83744
189.592, 83744
189.593, 83744
189.595, 83744
189.596, 83744
189.597, 83744
189.598, 83744
189.6, 83744
189.601, 83744
189.602, 83960
189.603, 83960
189.605, 83960
189.606, 83960
189.607, 83960
189.608, 83960
189.609, 83960
189.61, 83960
189.612, 83960
189.613, 83960
189.614, 83960
189.615, 83960
189.617, 83960
189.618, 83960
189.619, 83960
189.621, 83960
189.622, 83960
189.623, 83960
189.624, 83960
189.626, 83960
189.627, 83960
189.628, 83960
189.629, 83960
189.631, 83960
189.632, 83960
189.633, 83960
189.634, 83960
189.635, 83960
189.636, 83528
189.637, 83528
189.639, 83528
189.64, 83528
189.641, 83528
189.642, 83528
189.643, 83528
189.645, 83312
189.646, 83312
189.647, 83312
189.649, 83312
189.65, 83312
189.651, 83312
189.652, 83312
189.654, 83528
189.655, 83528
189.656, 83528
189.657, 83528
189.658, 83528
189.659, 83528
189.661, 83528
189.662, 83744
189.663, 83744
189.664, 83744
189.665, 83744
189.666, 83744
189.667, 83744
189.669, 83744
189.67, 83744
189.671, 83960
189.672, 83960
189.673, 83960
189.675, 83960
189.676, 83960
189.677, 83960
189.678, 83960
189.679, 84176
189.681, 84176
189.682, 84176
189.683, 84176
189.684, 84176
189.686, 84176
189.687, 84176
189.689, 84176
189.69, 84176
189.691, 84176
189.692, 84176
189.693, 84176
189.695, 84176
189.696, 84176
189.697, 84176
189.698, 84176
189.699, 84176
189.701, 84176
189.702, 84176
189.703, 84176
189.704, 84176
189.706, 84176
189.707, 84176
189.708, 84176
189.709, 84176
189.71, 84176
189.711, 84176
189.713, 84176
189.714, 84176
189.716, 84176
189.717, 84176
189.719, 84176
189.72, 84176
189.721, 83960
189.722, 83960
189.723, 83960
189.725, 83960
189.726, 83960
189.727, 83960
189.728, 83960
189.729, 83960
189.731, 83960
189.732, 83960
189.733, 83960
189.734, 83960
189.735, 83960
189.737, 83960
189.738, 83960
189.739, 83960
189.74, 83960
189.741, 83960
189.742, 83960
189.744, 83960
189.745, 83960
189.746, 83960
189.748, 83960
189.749, 83960
189.751, 83960
189.752, 83960
189.754, 83960
189.755, 83960
189.756, 83960
189.758, 83960
189.759, 83960
189.761, 83960
189.762, 83960
189.763, 83960
189.765, 83960
189.766, 83960
189.767, 83960
189.768, 83960
189.769, 83960
189.771, 83960
189.772, 83960
189.773, 83960
189.774, 83960
189.775, 83960
189.776, 83960
189.778, 83960
189.779, 83960
189.78, 83960
189.781, 83960
189.782, 83960
189.784, 83960
189.785, 83960
189.786, 83960
189.787, 83960
189.789, 83960
189.79, 83960
189.791, 83960
189.792, 83960
189.793, 83960
189.794, 83960
189.796, 83960
189.797, 83960
189.798, 83960
189.8, 83960
189.801, 83960
189.802, 83960
189.804, 83960
189.805, 83960
189.806, 83960
189.807, 83960
189.808, 83960
189.81, 83960
189.811, 83960
189.812, 83960
189.813, 83960
189.814, 83960
189.815, 84176
189.817, 84176
189.818, 84176
189.819, 84176
189.821, 84176
189.822, 84176
189.823, 84176
189.824, 83960
189.826, 83960
189.827, 83960
189.828, 83960
189.829, 83960
189.83, 83960
189.832, 83960
189.833, 83960
189.834, 83960
189.835, 83960
189.837, 83960
189.838, 83960
189.839, 83960
189.84, 83960
189.842, 83960
189.843, 83960
189.844, 83960
189.845, 83960
189.847, 83960
189.848, 83960
189.85, 83960
189.851, 83960
189.852, 83960
189.854, 83960
189.855, 83960
189.856, 83960
189.857, 83960
189.859, 83960
189.86, 83960
189.861, 83960
189.862, 83960
189.863, 83960
189.865, 83960
189.866, 84176
189.867, 84176
189.868, 84176
189.87, 84176
189.871, 84176
189.872, 84176
189.873, 84176
189.874, 84176
189.875, 83960
189.877, 83960
189.879, 83960
189.88, 83960
189.881, 83960
189.883, 83960
189.884, 83960
189.885, 83960
189.886, 83960
189.887, 83960
189.889, 83960
189.89, 83960
189.891, 83960
189.892, 83960
189.893, 83960
189.894, 83960
189.896, 83960
189.897, 83960
189.898, 83960
189.899, 83960
189.9, 83960
189.902, 83960
189.903, 83960
189.904, 83960
189.905, 83960
189.907, 83960
189.908, 83960
189.91, 83960
189.911, 83960
189.913, 83960
189.914, 83960
189.916, 83960
189.917, 83960
189.919, 83960
189.92, 83960
189.921, 83960
189.922, 83960
189.923, 83960
189.925, 83960
189.926, 83960
189.927, 83960
189.928, 83960
189.929, 83960
189.931, 83960
189.932, 83960
189.933, 83960
189.934, 83960
189.935, 83960
189.937, 83960
189.938, 83960
189.94, 83960
189.941, 83960
189.942, 83960
189.943, 84176
189.945, 84176
189.946, 84176
189.947, 84176
189.949, 84176
189.95, 84176
189.952, 83960
189.953, 83960
189.954, 83960
189.955, 83960
189.957, 83960
189.959, 83960
189.96, 83960
189.961, 83960
189.963, 83960
189.964, 83960
189.966, 83960
189.967, 83960
189.968, 83960
189.969, 84176
189.971, 84176
189.972, 84176
189.973, 84176
189.975, 84176
189.977, 84176
189.978, 83960
189.98, 83960
189.981, 83960
189.983, 83960
189.985, 83960
189.987, 83960
189.989, 83960
189.99, 83960
189.992, 83960
189.993, 83960
189.994, 83960
189.995, 83960
189.997, 83960
189.998, 83960
190, 83960
190.001, 83960
190.002, 83960
190.003, 83960
190.005, 83960
190.006, 83960
190.007, 83960
190.008, 83960
190.01, 83960
190.011, 83960
190.012, 83960
190.014, 83960
190.015, 83960
190.016, 83960
190.018, 83960
190.019, 83960
190.02, 83960
190.021, 83960
190.023, 83960
190.024, 83960
190.025, 83960
190.026, 83960
190.028, 83960
190.029, 83960
190.03, 83960
190.032, 83960
190.034, 83960
190.035, 83960
190.037, 83960
190.038, 83960
190.039, 83960
190.041, 83960
190.042, 83960
190.043, 83960
190.044, 83960
190.046, 83960
190.047, 83960
190.048, 83960
190.05, 83960
190.051, 83960
190.052, 83960
190.053, 83960
190.055, 83960
190.056, 83960
190.058, 83960
190.06, 83960
190.061, 83960
190.063, 83960
190.064, 83960
190.066, 83960
190.068, 83960
190.069, 83960
190.071, 83960
190.072, 83960
190.074, 83960
190.075, 83960
190.076, 83960
190.078, 83960
190.079, 83960
190.08, 83528
190.081, 83528
190.083, 83528
190.084, 83528
190.085, 83528
190.086, 83528
190.088, 83528
190.089, 83312
190.09, 83312
190.091, 83312
190.093, 83312
190.094, 83312
190.095, 83312
190.097, 83312
190.098, 83312
190.099, 83312
190.101, 83312
190.102, 83312
190.103, 83312
190.104, 83312
190.106, 83528
190.109, 83528
190.11, 83528
190.112, 83528
190.113, 83528
190.114, 83312
190.115, 83312
190.116, 83312
190.117, 83312
190.127, 83096
190.128, 83096
190.13, 83096
190.131, 83312
190.132, 83312
190.133, 83312
190.134, 83312
190.135, 83312
190.137, 83312
190.138, 83312
190.139, 83312
190.14, 83096
190.141, 83096
190.142, 83096
190.143, 83096
190.145, 83096
190.146, 83096
190.147, 83096
190.148, 82880
190.149, 82880
190.15, 82880
190.151, 82880
190.153, 82880
190.154, 82880
190.156, 82880
190.159, 82880
190.16, 82880
190.161, 82880
190.162, 82880
190.163, 82880
190.164, 82880
190.166, 83096
190.167, 83096
190.168, 83096
190.169, 83096
190.17, 83096
190.178, 82880
190.18, 82880
190.181, 82880
190.182, 83312
190.183, 83312
190.185, 83312
190.186, 83312
190.187, 83312
190.188, 83312
190.189, 83312
190.19, 83528
190.192, 83528
190.193, 83528
190.194, 83528
190.195, 83528
190.196, 83528
190.197, 83528
190.198, 83528
190.2, 83528
190.201, 83528
190.202, 83528
190.204, 83528
190.205, 83528
190.206, 83528
190.207, 83528
190.208, 83744
190.209, 83744
190.21, 83744
190.212, 83744
190.213, 83744
190.214, 83744
190.215, 83744
190.216, 83744
190.218, 83744
190.219, 83744
190.22, 83744
190.222, 83744
190.223, 83744
190.224, 83744
190.225, 83744
190.227, 83744
190.228, 83744
190.229, 83744
190.23, 83744
190.232, 83744
190.233, 83744
190.234, 83744
190.235, 83744
190.236, 83744
190.237, 83744
190.239, 83744
190.24, 83744
190.241, 83744
190.242, 83312
190.243, 83312
190.245, 83312
190.246, 83312
190.247, 83312
190.248, 83312
190.249, 83312
190.251, 83096
190.252, 83096
190.253, 83096
190.254, 83096
190.255, 83096
190.256, 83096
190.257, 83096
190.259, 82880
190.26, 82880
190.261, 82880
190.262, 82880
190.263, 82880
190.264, 82880
190.266, 82880
190.267, 82880
190.268, 82880
190.269, 82880
190.27, 82880
190.271, 82880
190.273, 82880
190.274, 82880
190.275, 82880
190.276, 82880
190.277, 82880
190.278, 82880
190.279, 82880
190.281, 82880
190.282, 82880
190.283, 82880
190.284, 82880
190.286, 82880
190.287, 82880
190.288, 82880
190.289, 82880
190.29, 82880
190.291, 82880
190.293, 82880
190.294, 82664
190.295, 82664
190.296, 82664
190.297, 82664
190.298, 82664
190.299, 82664
190.301, 82664
190.302, 82664
190.303, 82664
190.304, 82664
190.305, 82664
190.306, 82664
190.308, 82664
190.309, 82664
190.31, 82448
190.311, 82448
190.312, 82448
190.313, 82448
190.315, 82448
190.316, 82448
190.317, 82448
190.318, 82448
190.319, 82448
190.321, 82448
190.322, 82448
190.323, 82448
190.324, 82448
190.325, 82448
190.326, 82448
190.328, 82448
190.329, 82448
190.33, 82448
190.331, 82448
190.332, 82448
190.334, 82448
190.335, 82448
190.336, 82448
190.337, 82448
190.338, 82448
190.34, 82448
190.341, 82448
190.342, 82448
190.343, 82448
190.345, 82448
190.346, 82448
190.347, 82448
190.348, 82448
190.349, 82448
190.35, 82448
190.352, 82448
190.353, 82448
190.354, 82448
190.355, 82448
190.356, 82448
190.357, 82448
190.358, 82448
190.36, 82448
190.361, 82448
190.362, 82448
190.363, 82448
190.364, 82448
190.365, 82448
190.367, 82448
190.368, 82448
190.369, 82448
190.37, 82448
190.371, 82448
190.372, 82448
190.374, 82448
190.375, 82448
190.376, 82448
190.377, 82448
190.378, 82448
190.379, 82448
190.381, 82448
190.382, 82448
190.383, 82448
190.384, 82448
190.385, 82448
190.386, 82448
190.387, 82448
190.389, 82448
190.39, 82448
190.391, 82448
190.392, 82448
190.393, 82448
190.394, 82448
190.396, 82448
190.397, 82448
190.398, 82448
190.399, 82448
190.4, 82448
190.401, 82448
190.402, 82448
190.404, 82448
190.405, 82448
190.406, 82448
190.407, 82448
190.408, 82448
190.409, 82448
190.411, 82448
190.412, 82448
190.413, 82664
190.414, 82664
190.415, 82664
190.416, 82664
190.417, 82664
190.419, 82664
190.42, 82664
190.421, 82664
190.422, 82664
190.423, 82664
190.424, 82664
190.426, 82664
190.427, 82664
190.428, 82664
190.429, 82664
190.43, 82664
190.431, 82664
190.432, 82664
190.434, 82664
190.435, 82664
190.436, 82664
190.437, 82664
190.438, 82664
190.439, 82664
190.44, 82664
190.441, 82664
190.443, 82664
190.444, 82664
190.445, 82664
190.446, 82664
190.447, 82664
190.448, 82664
190.449, 82664
190.451, 82664
190.452, 82664
190.453, 82664
190.454, 82664
190.455, 82664
190.456, 82664
190.457, 82664
190.459, 82664
190.46, 82664
190.461, 82664
190.462, 82664
190.463, 82664
190.464, 82664
190.465, 82664
190.467, 82664
190.468, 82664
190.469, 82664
190.47, 82664
190.471, 82664
190.472, 82664
190.473, 82664
190.475, 82664
190.476, 82664
190.477, 82664
190.478, 82664
190.479, 82664
190.48, 82664
190.481, 82664
190.483, 82664
190.484, 82664
190.485, 82664
190.486, 82664
190.487, 82664
190.488, 82664
190.489, 82664
190.491, 82664
190.492, 82664
190.493, 82664
190.494, 82664
190.495, 82664
190.496, 82664
190.498, 82664
190.499, 82664
190.5, 82664
190.501, 82664
190.502, 82664
190.503, 82664
190.505, 82664
190.506, 82664
190.507, 82664
190.508, 82664
190.509, 82664
190.51, 82664
190.511, 82664
190.513, 82664
190.514, 82664
190.515, 82880
190.516, 82880
190.517, 82880
190.518, 82880
190.519, 82880
190.521, 82880
190.522, 82880
190.523, 82880
190.524, 82664
190.525, 82664
190.526, 82664
190.528, 82664
190.529, 82664
190.53, 82664
190.531, 82664
190.532, 82664
190.534, 82664
190.535, 82664
190.536, 82664
190.537, 82664
190.538, 82664
190.54, 82664
190.541, 82664
190.542, 82664
190.543, 82664
190.544, 82664
190.545, 82664
190.547, 82664
190.548, 82664
190.549, 82664
190.55, 82664
190.551, 82664
190.553, 82664
190.554, 82664
190.555, 82664
190.556, 82664
190.557, 82664
190.559, 82664
190.56, 82664
190.561, 82664
190.562, 82664
190.563, 82664
190.564, 82664
190.566, 82664
190.567, 82880
190.568, 82880
190.569, 82880
190.57, 82880
190.571, 82880
190.572, 82880
190.574, 82880
190.575, 82880
190.576, 82880
190.577, 82880
190.578, 82880
190.579, 82880
190.581, 82880
190.582, 82880
190.583, 82880
190.584, 82880
190.585, 82880
190.587, 82880
190.588, 82880
190.589, 82880
190.591, 82880
190.592, 82880
190.593, 82880
190.594, 82880
190.596, 82880
190.597, 82880
190.599, 82880
190.601, 82880
190.602, 82880
190.604, 82880
190.611, 82880
190.612, 82880
190.614, 82880
190.616, 82880
190.617, 82880
190.618, 82880
190.619, 82880
190.622, 82880
190.624, 82880
190.626, 82880
190.628, 82880
190.638, 82880
190.639, 82880
190.641, 82880
190.642, 82880
190.643, 82880
190.644, 82880
190.645, 82880
190.646, 82880
190.647, 82880
190.649, 82880
190.65, 82880
190.651, 82880
190.652, 82664
190.653, 82664
190.654, 82664
190.655, 82664
190.657, 82664
190.658, 82664
190.659, 82664
190.66, 82448
190.661, 82448
190.662, 82448
190.663, 82448
190.665, 82448
190.666, 82448
190.667, 82448
190.668, 82448
190.669, 82664
190.67, 82664
190.671, 82664
190.672, 82664
190.673, 82664
190.675, 82664
190.676, 82664
190.677, 83096
190.678, 83096
190.679, 83096
190.68, 83096
190.681, 83096
190.682, 83096
190.684, 83096
190.685, 83096
190.686, 83312
190.687, 83312
190.688, 83312
190.689, 83312
190.69, 83312
190.692, 83312
190.693, 83312
190.694, 83312
190.695, 83528
190.696, 83528
190.697, 83528
190.698, 83528
190.699, 83528
190.701, 83528
190.702, 83528
190.703, 84176
190.704, 84176
190.705, 84176
190.706, 84176
190.707, 84176
190.708, 84176
190.709, 84176
190.711, 84176
190.712, 84608
190.713, 84608
190.714, 84608
190.715, 84608
190.716, 84608
190.717, 84608
190.719, 84608
190.72, 84392
190.721, 84392
190.722, 84392
190.723, 84392
190.725, 84392
190.726, 84392
190.727, 84392
190.728, 84176
190.732, 84176
190.733, 84176
190.734, 84176
190.742, 83960
190.743, 83960
190.745, 83960
190.746, 83960
190.75, 83960
190.752, 83960
190.762, 84176
190.763, 84392
190.764, 84392
190.766, 84392
190.767, 84392
190.768, 84392
190.769, 84392
190.77, 84392
190.771, 84392
190.773, 84392
190.774, 84392
190.775, 84392
190.776, 84392
190.777, 84392
190.778, 84392
190.78, 84392
190.781, 84392
190.782, 84392
190.783, 84392
190.784, 84392
190.785, 84392
190.786, 84392
190.788, 84392
190.789, 84392
190.79, 84392
190.791, 84392
190.792, 84392
190.793, 84392
190.794, 84392
190.796, 84392
190.797, 84176
190.798, 84176
190.799, 84176
190.8, 84176
190.801, 84176
190.803, 84176
190.804, 84176
190.805, 84176
190.806, 84176
190.807, 84176
190.808, 84176
190.809, 84176
190.811, 84176
190.812, 84176
190.813, 84176
190.814, 83960
190.815, 83960
190.816, 83960
190.817, 83960
190.819, 83960
190.82, 83960
190.821, 83960
190.822, 83960
190.823, 83960
190.824, 83960
190.825, 83960
190.827, 83960
190.828, 83960
190.829, 83960
190.83, 83960
190.831, 83960
190.832, 83960
190.833, 83960
190.835, 83960
190.836, 83960
190.837, 83960
190.838, 83960
190.839, 83960
190.84, 83960
190.841, 83960
190.843, 83960
190.844, 83960
190.845, 83960
190.846, 83960
190.847, 83960
190.851, 83960
190.852, 83960
190.854, 83960
190.855, 83960
190.857, 83960
190.858, 83960
190.859, 83960
190.861, 83960
190.862, 83960
190.863, 83960
190.865, 84176
190.866, 84176
190.867, 84176
190.868, 84176
190.869, 84176
190.871, 84176
190.872, 84176
190.873, 84176
190.874, 84176
190.879, 84176
190.881, 84176
190.882, 84176
190.884, 84176
190.885, 84176
190.886, 84176
190.888, 84176
190.889, 84176
190.89, 84176
190.891, 83960
190.892, 83960
190.893, 83960
190.894, 83960
190.896, 83960
190.897, 83960
190.898, 83960
190.899, 83960
190.9, 83960
190.901, 83960
190.902, 83960
190.904, 83960
190.905, 83960
190.906, 83960
190.907, 83960
190.908, 84176
190.909, 84176
190.911, 84176
190.912, 84176
190.913, 84176
190.914, 84176
190.915, 84176
190.917, 84392
190.918, 84392
190.919, 84392
190.92, 84392
190.921, 84392
190.922, 84392
190.923, 84392
190.925, 84176
190.926, 84176
190.927, 84176
190.928, 84176
190.929, 84176
190.93, 84176
190.931, 84176
190.933, 84176
190.934, 84176
190.935, 84176
190.936, 84176
190.937, 84176
190.938, 84176
190.939, 84176
190.941, 84176
190.942, 84176
190.943, 84176
190.944, 84176
190.945, 84176
190.946, 84176
190.947, 84176
190.949, 84176
190.95, 84176
190.951, 83960
190.952, 83960
190.953, 83960
190.954, 83960
190.956, 83960
190.957, 83960
190.962, 83960
190.963, 83960
190.964, 83960
190.966, 83960
190.967, 84392
190.968, 84392
190.969, 84392
190.971, 84392
190.972, 84392
190.973, 84392
190.974, 84392
190.975, 84392
190.976, 84392
190.978, 84392
190.979, 84392
190.98, 84392
190.981, 84392
190.982, 84392
190.983, 84392
190.984, 84176
190.986, 84176
190.987, 84176
190.988, 84176
190.989, 84176
190.99, 84176
190.991, 84176
190.992, 84176
190.994, 83960
190.995, 83960
190.996, 83960
190.997, 83960
190.998, 83960
190.999, 83960
191, 83960
191.002, 83744
191.003, 83744
191.004, 83744
191.005, 83744
191.006, 83744
191.007, 83744
191.008, 83744
191.01, 83744
191.011, 83744
191.012, 83744
191.013, 83744
191.014, 83744
191.015, 83744
191.016, 83744
191.018, 83744
191.019, 83528
191.02, 83528
191.021, 83528
191.022, 83528
191.023, 83528
191.024, 83528
191.026, 83528
191.027, 83528
191.028, 83528
191.029, 83528
191.03, 83528
191.031, 83528
191.032, 83528
191.034, 83528
191.035, 83528
191.036, 83528
191.037, 83528
191.038, 83528
191.039, 83528
191.04, 83528
191.042, 83528
191.043, 83528
191.044, 83312
191.045, 83312
191.046, 83312
191.047, 83312
191.049, 83312
191.05, 83312
191.051, 83312
191.052, 83312
191.053, 83312
191.054, 83312
191.056, 83312
191.057, 83312
191.058, 83312
191.059, 83312
191.06, 83312
191.061, 83312
191.063, 83312
191.066, 83312
191.07, 83312
191.072, 83312
191.074, 83312
191.075, 83312
191.076, 83312
191.078, 83528
191.08, 83528
191.081, 83528
191.083, 83528
191.084, 83528
191.085, 83528
191.086, 83528
191.087, 83528
191.088, 83528
191.09, 83528
191.091, 83528
191.092, 83528
191.093, 83528
191.094, 83528
191.095, 83528
191.096, 83528
191.098, 83528
191.099, 83528
191.1, 83528
191.101, 83528
191.102, 83528
191.103, 83528
191.104, 83528
191.106, 83528
191.107, 83528
191.108, 83528
191.109, 83528
191.11, 83528
191.111, 83528
191.112, 83744
191.114, 83744
191.115, 83744
191.116, 83744
191.117, 83744
191.118, 83744
191.119, 83744
191.121, 83528
191.122, 83528
191.123, 83528
191.124, 83528
191.125, 83528
191.126, 83528
191.127, 83528
191.129, 83528
191.13, 83528
191.131, 83528
191.132, 83528
191.133, 83528
191.134, 83528
191.135, 83528
191.137, 83528
191.138, 83528
191.139, 83528
191.14, 83528
191.141, 83528
191.142, 83528
191.143, 83528
191.145, 83528
191.146, 83528
191.147, 83528
191.148, 83528
191.149, 83528
191.15, 83528
191.152, 83528
191.153, 83528
191.154, 83528
191.155, 83528
191.156, 83528
191.157, 83528
191.159, 83528
191.16, 83528
191.161, 83528
191.162, 83528
191.163, 83528
191.164, 83528
191.165, 83528
191.167, 83528
191.17, 83528
191.175, 83744
191.176, 83744
191.177, 83744
191.179, 83744
191.18, 83744
191.181, 83960
191.185, 83960
191.186, 83960
191.188, 83960
191.189, 83960
191.192, 83960
191.194, 83960
191.201, 84176
191.202, 84176
191.204, 84176
191.205, 84176
191.206, 84392
191.208, 84392
191.209, 84392
191.21, 84392
191.211, 84392
191.213, 84392
191.214, 84392
191.215, 84392
191.216, 84392
191.218, 84392
191.219, 84392
191.22, 84392
191.221, 84392
191.223, 84392
191.224, 84392
191.225, 84392
191.226, 84392
191.228, 84392
191.229, 84392
191.23, 84392
191.232, 84392
191.233, 84392
191.235, 84392
191.236, 84392
191.237, 84392
191.238, 84392
191.24, 84392
191.241, 84392
191.242, 84392
191.243, 84392
191.245, 84392
191.246, 84392
191.247, 84392
191.248, 84392
191.25, 84392
191.251, 84392
191.252, 84392
191.254, 84392
191.255, 84392
191.256, 84392
191.257, 84176
191.259, 84176
191.26, 84176
191.261, 84176
191.262, 84176
191.264, 84176
191.265, 84176
191.266, 84176
191.267, 84176
191.269, 84176
191.27, 84176
191.271, 84176
191.272, 84176
191.274, 84176
191.275, 84176
191.276, 84176
191.278, 84176
191.279, 84176
191.28, 84176
191.281, 84176
191.283, 83960
191.284, 83960
191.285, 83960
191.286, 83960
191.288, 83960
191.289, 83960
191.29, 83960
191.291, 83960
191.292, 83960
191.293, 83960
191.294, 83960
191.296, 83960
191.297, 83960
191.298, 83960
191.299, 83960
191.3, 83960
191.301, 83960
191.302, 83960
191.304, 83960
191.305, 83960
191.306, 83960
191.307, 83960
191.308, 83960
191.309, 83960
191.31, 83960
191.312, 83960
191.313, 83960
191.314, 83960
191.315, 83960
191.316, 83960
191.317, 83744
191.318, 83744
191.319, 83744
191.321, 83744
191.322, 83744
191.323, 83744
191.324, 83744
191.325, 83744
191.326, 83744
191.328, 83744
191.329, 83744
191.33, 83744
191.331, 83744
191.332, 83744
191.333, 83744
191.334, 83744
191.336, 83744
191.337, 83744
191.338, 83744
191.339, 83744
191.34, 83744
191.341, 83744
191.342, 83744
191.344, 83744
191.345, 83744
191.346, 83744
191.347, 83744
191.348, 83744
191.349, 83744
191.35, 83744
191.352, 83744
191.353, 83744
191.354, 83744
191.355, 83744
191.356, 83744
191.357, 83744
191.358, 83744
191.36, 83960
191.361, 83960
191.362, 83960
191.363, 83960
191.365, 83960
191.366, 83960
191.367, 83960
191.368, 83744
191.369, 83744
191.37, 83744
191.371, 83744
191.373, 83744
191.374, 83744
191.375, 83744
191.376, 83744
191.378, 83744
191.379, 83744
191.38, 83744
191.381, 83744
191.382, 83744
191.384, 83744
191.385, 83744
191.386, 83744
191.387, 83744
191.388, 83744
191.39, 83744
191.391, 83744
191.392, 83744
191.393, 83744
191.394, 83744
191.396, 83744
191.397, 83744
191.398, 83744
191.399, 83744
191.4, 83744
191.402, 83744
191.403, 83744
191.404, 83744
191.405, 83744
191.407, 83744
191.408, 83744
191.409, 83744
191.41, 83744
191.411, 83744
191.412, 83744
191.414, 83744
191.415, 83744
191.416, 83744
191.417, 83744
191.418, 83744
191.419, 83744
191.42, 83744
191.422, 83744
191.423, 83744
191.424, 83744
191.425, 83744
191.426, 83744
191.427, 83744
191.429, 83744
191.43, 83744
191.431, 83744
191.433, 83744
191.434, 83744
191.435, 83744
191.436, 83744
191.437, 83744
191.438, 83744
191.439, 83744
191.441, 83744
191.442, 83744
191.443, 83744
191.444, 83744
191.445, 83744
191.446, 83744
191.448, 83744
191.449, 83744
191.45, 83744
191.451, 83744
191.453, 83744
191.454, 83744
191.455, 83744
191.456, 83744
191.457, 83744
191.458, 83744
191.459, 83744
191.461, 83744
191.462, 83744
191.463, 83744
191.464, 83744
191.465, 83744
191.466, 83744
191.467, 83744
191.469, 83744
191.47, 83744
191.471, 83744
191.472, 83744
191.474, 83744
191.475, 83744
191.476, 83744
191.477, 83744
191.478, 83744
191.48, 83744
191.481, 83744
191.482, 83744
191.483, 83744
191.484, 83744
191.485, 83744
191.486, 83744
191.488, 83528
191.489, 83528
191.49, 83528
191.491, 83528
191.492, 83528
191.493, 83528
191.494, 83528
191.496, 83528
191.497, 83528
191.498, 83528
191.499, 83528
191.5, 83528
191.501, 83528
191.502, 83528
191.504, 83528
191.505, 83528
191.506, 83528
191.507, 83528
191.508, 83528
191.509, 83528
191.51, 83528
191.512, 83528
191.513, 83528
191.514, 83528
191.515, 83528
191.516, 83528
191.517, 83528
191.519, 83528
191.52, 83528
191.521, 83528
191.522, 83312
191.523, 83312
191.524, 83312
191.525, 83312
191.527, 83312
191.528, 83312
191.529, 83312
191.53, 83312
191.531, 83312
191.532, 83312
191.533, 83312
191.535, 83312
191.536, 83312
191.537, 83312
191.538, 83312
191.539, 83312
191.54, 83312
191.542, 83312
191.543, 83312
191.544, 83312
191.545, 83312
191.546, 83312
191.547, 83312
191.548, 83312
191.55, 83312
191.551, 83312
191.552, 83312
191.553, 83312
191.554, 83312
191.555, 83312
191.556, 83312
191.558, 83312
191.559, 83312
191.56, 83312
191.561, 83312
191.562, 83312
191.563, 83312
191.564, 83312
191.566, 83312
191.567, 83312
191.568, 83312
191.569, 83312
191.57, 83312
191.571, 83312
191.572, 83312
191.574, 83312
191.575, 83312
191.576, 83312
191.577, 83312
191.578, 83312
191.579, 83312
191.58, 83312
191.582, 83096
191.583, 83096
191.584, 83096
191.585, 83096
191.586, 83096
191.587, 83096
191.589, 83096
191.59, 83096
191.591, 83096
191.592, 83096
191.593, 83096
191.594, 83096
191.596, 83096
191.597, 83096
191.599, 83096
191.6, 83096
191.601, 83096
191.603, 83096
191.604, 83096
191.606, 83096
191.607, 83096
191.608, 83096
191.61, 83096
191.611, 83096
191.612, 83096
191.614, 83096
191.615, 83096
191.616, 83096
191.617, 83096
191.619, 83096
191.62, 83096
191.621, 83096
191.622, 83096
191.623, 83096
191.625, 83096
191.626, 83096
191.628, 83096
191.629, 83096
191.63, 83096
191.632, 83096
191.633, 82880
191.634, 82880
191.635, 82880
191.636, 82880
191.638, 82880
191.639, 82880
191.64, 82880
191.641, 82880
191.643, 82880
191.644, 82880
191.645, 82880
191.646, 82880
191.647, 82880
191.649, 82880
191.65, 82880
191.651, 82880
191.653, 82880
191.654, 82880
191.655, 82880
191.657, 82880
191.658, 82880
191.659, 82880
191.66, 82880
191.661, 82880
191.663, 82880
191.664, 82880
191.665, 82880
191.666, 82880
191.667, 83096
191.668, 83096
191.67, 83096
191.671, 83096
191.672, 83096
191.673, 83096
191.674, 83096
191.676, 83096
191.677, 83096
191.678, 83096
191.679, 83096
191.681, 83096
191.682, 83096
191.683, 83096
191.685, 83312
191.688, 83312
191.689, 83312
191.69, 83312
191.691, 83312
191.692, 83312
191.694, 83312
191.695, 83312
191.696, 83312
191.697, 83312
191.699, 83312
191.7, 83312
191.701, 83096
191.702, 83096
191.704, 83096
191.705, 83096
191.706, 83096
191.707, 83096
191.709, 83096
191.71, 83096
191.711, 83096
191.713, 83096
191.714, 83096
191.715, 83096
191.717, 83096
191.718, 82880
191.719, 82880
191.72, 82880
191.721, 82880
191.723, 82880
191.724, 82880
191.725, 82880
191.726, 82880
191.727, 82880
191.729, 82880
191.73, 82880
191.731, 82880
191.732, 82880
191.734, 82880
191.735, 82880
191.736, 82880
191.738, 82880
191.739, 82880
191.74, 82880
191.743, 82880
191.745, 82880
191.752, 83096
191.754, 83096
191.758, 83312
191.769, 83312
191.77, 83312
191.772, 83312
191.776, 83312
191.778, 83528
191.78, 83528
191.788, 83528
191.789, 83528
191.791, 83528
191.792, 83528
191.793, 83528
191.795, 83528
191.796, 83528
191.797, 83528
191.799, 83528
191.8, 83528
191.801, 83528
191.803, 83528
191.804, 83312
191.812, 83312
191.814, 83312
191.815, 83312
191.816, 83312
191.818, 83312
191.819, 83312
191.82, 83312
191.822, 83312
191.823, 83312
191.824, 83312
191.825, 83312
191.826, 83312
191.828, 83312
191.829, 83528
191.83, 83528
191.832, 83528
191.833, 83528
191.834, 83528
191.835, 83528
191.837, 83528
191.838, 83744
191.843, 83960
191.863, 83960
191.87, 83960
191.872, 83960
191.873, 83960
191.875, 83960
191.877, 83960
191.878, 83960
191.879, 83960
191.881, 83960
191.882, 83960
191.883, 83960
191.885, 83960
191.886, 83960
191.888, 83960
191.889, 84176
191.891, 84176
191.892, 84176
191.893, 84176
191.895, 84176
191.896, 84176
191.898, 83960
191.899, 83960
191.901, 83960
191.902, 83960
191.903, 83960
191.905, 83960
191.907, 83744
191.908, 83744
191.909, 83744
191.924, 83744
191.934, 83960
191.938, 83960
191.941, 83744
191.945, 83744
191.954, 83744
191.97, 83744
191.973, 83744
191.975, 83744
191.976, 83744
191.977, 83744
191.978, 83744
191.98, 83744
191.981, 83744
191.982, 83528
191.984, 83528
191.985, 83528
191.986, 83528
191.988, 83528
191.989, 83528
191.99, 83528
191.992, 83528
191.994, 83528
191.996, 83528
191.998, 83528
191.999, 83528
192, 83312
192.001, 83312
192.003, 83312
192.004, 83312
192.005, 83312
192.006, 83312
192.008, 83312
192.009, 83528
192.01, 83528
192.012, 83528
192.013, 83528
192.014, 83528
192.016, 83528
192.017, 83744
192.019, 83744
192.021, 83744
192.023, 83744
192.024, 83744
192.026, 83960
192.029, 83960
192.031, 83960
192.033, 83960
192.035, 83960
192.039, 83960
192.041, 83960
192.043, 83744
192.045, 83744
192.047, 83744
192.049, 83744
192.051, 83744
192.053, 83744
192.056, 83744
192.061, 83528
192.063, 83528
192.066, 83528
192.07, 83528
192.073, 83528
192.074, 83528
192.075, 83528
192.077, 83528
192.078, 83528
192.079, 83528
192.081, 83528
192.082, 83528
192.083, 83528
192.085, 83528
192.086, 83528
192.088, 83528
192.089, 83528
192.09, 83528
192.091, 83528
192.093, 83528
192.094, 83528
192.095, 83528
192.097, 83528
192.098, 83528
192.099, 83528
192.101, 83528
192.103, 83744
192.106, 83744
192.109, 83744
192.111, 83744
192.114, 83744
192.117, 83744
192.12, 83744
192.122, 83744
192.124, 83744
192.125, 83744
192.126, 83744
192.127, 83744
192.129, 83744
192.13, 83744
192.131, 83744
192.133, 83744
192.134, 83744
192.136, 83744
192.137, 83744
192.138, 83744
192.14, 83744
192.141, 83744
192.143, 83744
192.144, 83744
192.145, 83744
192.147, 83744
192.148, 83744
192.149, 83744
192.15, 83744
192.152, 83744
192.153, 83744
192.154, 83528
192.155, 83528
192.157, 83528
192.158, 83528
192.159, 83528
192.16, 83528
192.162, 83528
192.163, 83528
192.164, 83528
192.165, 83528
192.167, 83528
192.168, 83528
192.169, 83528
192.17, 83312
192.171, 83312
192.173, 83312
192.174, 83312
192.175, 83312
192.176, 83312
192.177, 83312
192.178, 83312
192.179, 83312
192.181, 83312
192.182, 83312
192.183, 83312
192.184, 83312
192.185, 83312
192.186, 83312
192.187, 83312
192.189, 83312
192.19, 83312
192.191, 83312
192.192, 83312
192.193, 83312
192.194, 83312
192.196, 83312
192.197, 83312
192.198, 83312
192.199, 83312
192.2, 83312
192.202, 83312
192.203, 83312
192.204, 83312
192.205, 83528
192.206, 83528
192.207, 83528
192.208, 83528
192.21, 83528
192.211, 83528
192.212, 83528
192.213, 83528
192.214, 83528
192.215, 83528
192.217, 83528
192.218, 83528
192.219, 83528
192.22, 83528
192.221, 83528
192.222, 83528
192.223, 83528
192.224, 83528
192.226, 83528
192.227, 83528
192.228, 83528
192.229, 83528
192.23, 83528
192.231, 83528
192.232, 83528
192.234, 83528
192.235, 83528
192.236, 83528
192.237, 83528
192.238, 83528
192.239, 83528
192.24, 83528
192.242, 83528
192.243, 83528
192.244, 83528
192.245, 83528
192.246, 83528
192.247, 83528
192.248, 83528
192.25, 83528
192.251, 83528
192.252, 83528
192.253, 83528
192.254, 83528
192.255, 83528
192.256, 83528
192.258, 83528
192.259, 83528
192.26, 83528
192.261, 83528
192.262, 83528
192.263, 83528
192.265, 83528
192.266, 83528
192.267, 83528
192.268, 83528
192.269, 83528
192.27, 83528
192.271, 83528
192.273, 83744
192.274, 83744
192.275, 83744
192.276, 83744
192.277, 83744
192.278, 83744
192.279, 83744
192.281, 83744
192.282, 83744
192.283, 83744
192.284, 83744
192.285, 83744
192.286, 83744
192.288, 83744
192.289, 83744
192.29, 83528
192.291, 83528
192.292, 83528
192.293, 83528
192.295, 83528
192.296, 83528
192.297, 83528
192.298, 83528
192.299, 83528
192.301, 83528
192.302, 83528
192.303, 83528
192.304, 83528
192.306, 83528
192.307, 83528
192.308, 83528
192.309, 83528
192.31, 83528
192.312, 83528
192.313, 83528
192.314, 83528
192.315, 83528
192.317, 83528
192.318, 83528
192.319, 83528
192.32, 83528
192.321, 83528
192.323, 83528
192.324, 83528
192.325, 83528
192.326, 83528
192.328, 83528
192.329, 83528
192.331, 83528
192.332, 83528
192.333, 83312
192.335, 83312
192.336, 83312
192.337, 83312
192.338, 83312
192.339, 83312
192.34, 83312
192.342, 83312
192.343, 83312
192.344, 83312
192.345, 83312
192.346, 83312
192.348, 83312
192.349, 83312
192.35, 83312
192.351, 83312
192.353, 83312
192.354, 83312
192.355, 83312
192.356, 83312
192.357, 83096
192.362, 83096
192.363, 83096
192.364, 83096
192.365, 83096
192.366, 83096
192.368, 83096
192.369, 83096
192.37, 83096
192.371, 83096
192.373, 83096
192.374, 83096
192.375, 83096
192.376, 83096
192.377, 83096
192.379, 83096
192.38, 83096
192.381, 83096
192.382, 83096
192.384, 82880
192.385, 82880
192.386, 82880
192.387, 82880
192.389, 82880
192.39, 82880
192.391, 82880
192.392, 82880
192.393, 82880
192.395, 82880
192.396, 82880
192.397, 82880
192.398, 82880
192.4, 82880
192.401, 82880
192.402, 82880
192.403, 82880
192.404, 82880
192.406, 82880
192.407, 82880
192.408, 82880
192.409, 82880
192.41, 82880
192.412, 82880
192.413, 82880
192.414, 82880
192.415, 82880
192.417, 82880
192.418, 82664
192.419, 82664
192.42, 82664
192.421, 82664
192.423, 82664
192.424, 82664
192.425, 82664
192.426, 82664
192.427, 82664
192.429, 82664
192.43, 82664
192.431, 82664
192.432, 82664
192.434, 82664
192.435, 82664
192.436, 82664
192.437, 82664
192.438, 82664
192.44, 82664
192.441, 82664
192.442, 82664
192.443, 82664
192.444, 82664
192.446, 82664
192.447, 82664
192.448, 82664
192.449, 82664
192.45, 82664
192.452, 82664
192.453, 82664
192.454, 82664
192.455, 82664
192.457, 82664
192.458, 82664
192.459, 82664
192.461, 82664
192.462, 82664
192.463, 82664
192.464, 82664
192.465, 82664
192.467, 82664
192.468, 82664
192.469, 82664
192.47, 82664
192.471, 82664
192.473, 82664
192.474, 82664
192.475, 82664
192.476, 82664
192.478, 82664
192.479, 82664
192.48, 82664
192.481, 82664
192.483, 82664
192.484, 82664
192.485, 82664
192.486, 82664
192.487, 82664
192.489, 82664
192.49, 82664
192.491, 82664
192.492, 82664
192.493, 82664
192.495, 82664
192.496, 82664
192.497, 82664
192.498, 82664
192.499, 82664
192.501, 82664
192.502, 82664
192.503, 82664
192.504, 82664
192.505, 82664
192.507, 82664
192.508, 82664
192.509, 82664
192.51, 82664
192.511, 82448
192.513, 82448
192.514, 82448
192.515, 82448
192.516, 82448
192.517, 82448
192.519, 82448
192.52, 82448
192.521, 82448
192.522, 82448
192.524, 82448
192.525, 82448
192.526, 82448
192.527, 82448
192.528, 82448
192.53, 82448
192.531, 82448
192.532, 82448
192.533, 82448
192.535, 82448
192.536, 82448
192.537, 82448
192.538, 82448
192.54, 82448
192.541, 82448
192.542, 82448
192.543, 82448
192.544, 82448
192.546, 82448
192.547, 82448
192.548, 82448
192.549, 82448
192.55, 82448
192.552, 82448
192.553, 82448
192.554, 82448
192.555, 82448
192.557, 82448
192.558, 82448
192.559, 82448
192.56, 82448
192.561, 82448
192.563, 82448
192.564, 82448
192.565, 82448
192.566, 82448
192.567, 82448
192.569, 82448
192.57, 82448
192.572, 82448
192.573, 82448
192.574, 82448
192.575, 82448
192.576, 82448
192.578, 82448
192.579, 82448
192.58, 82448
192.581, 82448
192.583, 82448
192.584, 82448
192.585, 82448
192.586, 82448
192.588, 82448
192.589, 82448
192.59, 82448
192.591, 82448
192.593, 82448
192.594, 82448
192.595, 82448
192.596, 82448
192.597, 82448
192.599, 82448
192.6, 82448
192.601, 82448
192.602, 82448
192.604, 82448
192.605, 82448
192.606, 82664
192.607, 82664
192.608, 82664
192.61, 82664
192.611, 82664
192.612, 82664
192.613, 82664
192.614, 82448
192.616, 82448
192.617, 82448
192.618, 82448
192.619, 82448
192.621, 82448
192.622, 82448
192.623, 82448
192.624, 82448
192.625, 82448
192.627, 82448
192.628, 82448
192.629, 82448
192.63, 82448
192.635, 82664
192.647, 82664
192.649, 82880
192.65, 82880
192.654, 82880
192.656, 82880
192.659, 82880
192.662, 82880
192.668, 83096
192.671, 83096
192.674, 83096
192.675, 83096
192.676, 83096
192.678, 83096
192.679, 83096
192.68, 83096
192.681, 83096
192.683, 83096
192.685, 83096
192.686, 83096
192.698, 83312
192.701, 83528
192.702, 83528
192.704, 83528
192.705, 83528
192.706, 83528
192.707, 83528
192.708, 83528
192.71, 83528
192.711, 83528
192.712, 83528
192.714, 83528
192.715, 83528
192.716, 83528
192.718, 83528
192.719, 83528
192.72, 83528
192.722, 83528
192.723, 83528
192.724, 83528
192.726, 83744
192.727, 83744
192.734, 83960
192.736, 83960
192.738, 83960
192.739, 83960
192.74, 83960
192.742, 83960
192.743, 83960
192.744, 83960
192.746, 83960
192.747, 83960
192.749, 83960
192.75, 83960
192.751, 83960
192.753, 83960
192.754, 83960
192.755, 83960
192.757, 83960
192.758, 83960
192.774, 83960
192.779, 83960
192.784, 83960
192.786, 83960
192.788, 83960
192.789, 83960
192.793, 83960
192.795, 83960
192.796, 83960
192.797, 83960
192.798, 83960
192.799, 83960
192.801, 83960
192.802, 83960
192.803, 83960
192.804, 83960
192.805, 83960
192.806, 83960
192.808, 83960
192.809, 83960
192.81, 83744
192.811, 83744
192.813, 83744
192.814, 83744
192.815, 83744
192.816, 83744
192.817, 83744
192.819, 83744
192.82, 83744
192.821, 83744
192.822, 83744
192.824, 83744
192.825, 83744
192.826, 83744
192.827, 83744
192.829, 83744
192.83, 83744
192.831, 83744
192.832, 83744
192.833, 83744
192.835, 83744
192.836, 83528
192.837, 83528
192.838, 83528
192.84, 83528
192.841, 83528
192.842, 83528
192.843, 83528
192.845, 83528
192.846, 83528
192.848, 83528
192.849, 83528
192.85, 83528
192.851, 83528
192.853, 83528
192.854, 83528
192.855, 83528
192.857, 83528
192.858, 83528
192.859, 83528
192.86, 83528
192.861, 83312
192.863, 83312
192.871, 83312
192.879, 83312
192.88, 83312
192.882, 83312
192.883, 83312
192.884, 83312
192.885, 83312
192.887, 83312
192.888, 83312
192.889, 83312
192.89, 83312
192.892, 83312
192.893, 83312
192.894, 83312
192.895, 83312
192.897, 83312
192.898, 83312
192.899, 83312
192.9, 83312
192.902, 83312
192.903, 83312
192.905, 83312
192.914, 83312
192.92, 83312
192.921, 83312
192.923, 83312
192.924, 83312
192.925, 83312
192.926, 83312
192.927, 83312
192.929, 83312
192.93, 83312
192.931, 83312
192.932, 83312
192.935, 83312
192.94, 83312
192.941, 83312
192.943, 83312
192.944, 83312
192.945, 83312
192.946, 83312
192.948, 83096
192.949, 83096
192.95, 83096
192.951, 83096
192.953, 83096
192.954, 83096
192.955, 83096
192.956, 83096
192.958, 83096
192.959, 83096
192.96, 83096
192.961, 83096
192.962, 83096
192.964, 83096
192.965, 83096
192.966, 83096
192.967, 83096
192.969, 83096
192.971, 83096
192.972, 83096
192.973, 83096
192.974, 83096
192.975, 83096
192.977, 83096
192.978, 83096
192.979, 83096
192.981, 83096
192.982, 83096
192.983, 83096
192.984, 83096
192.985, 83096
192.987, 83096
192.988, 83096
192.989, 83096
192.99, 83096
192.992, 83096
192.993, 83096
192.994, 83096
192.995, 83096
192.996, 83096
192.998, 83096
192.999, 83096
193, 83096
193.001, 83096
193.003, 83096
193.004, 83096
193.005, 83096
193.006, 83096
193.008, 83096
193.009, 83096
193.01, 83096
193.011, 83096
193.013, 83096
193.014, 83096
193.015, 83096
193.016, 83096
193.017, 83096
193.019, 83096
193.02, 83096
193.021, 83096
193.022, 83096
193.023, 83096
193.025, 83096
193.026, 83096
193.027, 83096
193.029, 83096
193.03, 83096
193.031, 83096
193.032, 82880
193.033, 82880
193.035, 82880
193.036, 82880
193.037, 82880
193.038, 82880
193.04, 82880
193.041, 82880
193.042, 82880
193.043, 82880
193.044, 82880
193.046, 82880
193.047, 82880
193.048, 82880
193.049, 82880
193.051, 82880
193.052, 82880
193.053, 82880
193.054, 82880
193.055, 82880
193.057, 82880
193.058, 82880
193.059, 82880
193.06, 82880
193.062, 82880
193.063, 82880
193.064, 82880
193.066, 82880
193.067, 82880
193.068, 82880
193.069, 82880
193.07, 82880
193.071, 82880
193.073, 82880
193.074, 82880
193.075, 82880
193.076, 82880
193.078, 82880
193.079, 82880
193.08, 82880
193.081, 82880
193.083, 82880
193.084, 82880
193.085, 82880
193.086, 82880
193.087, 82880
193.089, 82880
193.09, 82880
193.091, 82880
193.093, 82880
193.102, 82880
193.106, 82880
193.113, 82880
193.114, 82880
193.116, 82880
193.117, 82880
193.118, 82880
193.119, 82880
193.121, 82880
193.122, 82880
193.123, 82880
193.125, 82880
193.127, 82880
193.128, 82880
193.129, 82880
193.13, 82880
193.131, 82880
193.133, 82880
193.134, 82880
193.135, 82880
193.137, 82880
193.138, 82880
193.139, 82880
193.14, 82880
193.141, 82880
193.142, 82880
193.143, 82880
193.145, 82880
193.146, 82880
193.147, 82880
193.148, 82880
193.15, 82880
193.151, 82880
193.152, 82880
193.153, 82880
193.155, 82880
193.156, 82880
193.157, 82880
193.158, 82880
193.16, 82880
193.161, 82880
193.162, 82880
193.163, 82880
193.165, 82880
193.166, 82880
193.167, 82880
193.168, 82880
193.17, 82880
193.171, 82880
193.172, 82880
193.173, 82880
193.174, 82880
193.175, 82880
193.177, 82880
193.178, 82664
193.179, 82664
193.18, 82664
193.181, 82664
193.182, 82664
193.183, 82664
193.185, 82664
193.186, 82664
193.187, 82664
193.188, 82664
193.189, 82664
193.19, 82664
193.192, 82664
193.193, 82664
193.194, 82664
193.195, 82880
193.196, 82880
193.198, 82880
193.199, 82880
193.2, 82880
193.201, 82880
193.203, 82880
193.204, 82880
193.205, 82880
193.206, 82880
193.207, 82880
193.208, 82880
193.21, 82880
193.211, 82880
193.212, 82880
193.213, 82880
193.215, 82880
193.216, 82880
193.217, 82880
193.219, 82880
193.22, 83096
193.221, 83096
193.222, 83096
193.224, 83096
193.225, 83096
193.226, 83096
193.227, 83096
193.229, 83096
193.23, 83096
193.231, 83096
193.233, 83096
193.234, 83096
193.235, 83096
193.236, 83096
193.238, 83096
193.239, 83096
193.24, 83096
193.242, 83096
193.243, 83096
193.244, 83096
193.245, 83096
193.246, 83096
193.247, 83096
193.249, 83096
193.25, 83096
193.251, 83096
193.252, 83096
193.254, 83096
193.255, 83096
193.256, 83096
193.257, 83096
193.259, 83096
193.26, 83096
193.261, 83096
193.262, 83096
193.264, 83312
193.271, 83528
193.273, 83528
193.274, 83528
193.276, 83528
193.278, 83528
193.279, 83528
193.281, 83528
193.282, 83528
193.284, 83528
193.285, 83528
193.286, 83528
193.288, 83528
193.289, 83744
193.29, 83744
193.291, 83744
193.292, 83744
193.294, 83744
193.296, 83744
193.299, 83744
193.302, 83744
193.303, 83744
193.305, 83744
193.306, 84176
193.307, 84176
193.308, 84176
193.31, 84176
193.311, 84176
193.312, 84176
193.314, 84392
193.315, 84392
193.316, 84392
193.317, 84392
193.318, 84392
193.32, 84392
193.321, 84392
193.322, 84392
193.323, 84392
193.324, 84392
193.325, 84392
193.326, 84392
193.328, 84392
193.329, 84392
193.33, 84392
193.331, 84176
193.332, 84176
193.333, 84176
193.334, 84176
193.336, 84176
193.337, 84176
193.339, 84176
193.34, 84176
193.341, 84176
193.342, 84176
193.344, 84176
193.345, 84176
193.346, 84176
193.347, 84176
193.348, 84608
193.349, 84608
193.351, 84608
193.352, 84608
193.353, 84608
193.354, 84608
193.355, 84608
193.356, 84608
193.358, 84608
193.359, 84608
193.36, 84608
193.362, 84608
193.363, 84608
193.364, 84608
193.365, 84824
193.366, 84824
193.368, 84824
193.369, 84824
193.37, 84824
193.371, 84824
193.372, 84824
193.374, 84824
193.375, 84824
193.376, 84824
193.378, 84824
193.379, 84824
193.38, 84824
193.381, 84824
193.383, 85040
193.384, 85040
193.385, 85040
193.386, 85040
193.387, 85040
193.388, 85040
193.39, 85040
193.391, 84824
193.392, 84824
193.393, 84824
193.395, 84824
193.396, 84824
193.397, 84824
193.398, 84824
193.4, 84824
193.401, 84824
193.402, 84824
193.403, 84824
193.405, 84824
193.406, 84824
193.408, 84608
193.409, 84608
193.41, 84608
193.411, 84608
193.412, 84608
193.414, 84608
193.415, 84608
193.416, 84608
193.417, 84608
193.418, 84608
193.42, 84608
193.421, 84608
193.422, 84608
193.424, 84608
193.425, 84608
193.426, 84608
193.427, 84608
193.429, 84608
193.43, 84608
193.431, 84608
193.432, 84608
193.433, 84608
193.434, 84608
193.436, 84608
193.437, 84608
193.439, 84608
193.44, 84608
193.441, 84608
193.442, 84608
193.444, 84608
193.445, 84608
193.446, 84608
193.447, 84608
193.448, 84608
193.449, 84608
193.45, 84392
193.452, 84392
193.453, 84392
193.454, 84392
193.455, 84392
193.457, 84392
193.458, 84392
193.459, 84392
193.46, 84392
193.461, 84392
193.463, 84392
193.464, 84392
193.465, 84392
193.466, 84392
193.467, 84392
193.469, 84392
193.47, 84392
193.471, 84392
193.472, 84392
193.474, 84392
193.475, 84392
193.476, 84392
193.478, 84392
193.479, 84392
193.48, 84392
193.481, 84392
193.482, 84392
193.483, 84392
193.485, 84176
193.486, 84176
193.487, 84176
193.488, 84176
193.49, 84176
193.491, 84176
193.492, 84176
193.493, 84176
193.494, 84176
193.495, 84176
193.496, 84176
193.498, 84176
193.499, 84176
193.5, 84176
193.501, 84176
193.502, 84176
193.503, 84176
193.505, 84176
193.506, 84176
193.507, 84176
193.509, 84176
193.51, 84176
193.511, 84176
193.512, 84176
193.513, 84176
193.514, 84176
193.516, 84176
193.517, 84176
193.518, 84176
193.519, 84176
193.521, 84176
193.522, 84176
193.523, 84176
193.524, 84176
193.526, 84176
193.527, 84176
193.528, 84176
193.529, 84176
193.53, 84176
193.531, 84176
193.533, 84176
193.534, 84176
193.535, 84176
193.537, 84176
193.538, 84176
193.539, 84176
193.54, 84176
193.541, 84176
193.543, 84176
193.544, 84176
193.545, 84176
193.546, 84176
193.547, 84176
193.549, 84176
193.55, 84176
193.551, 84176
193.552, 84176
193.554, 84176
193.555, 84176
193.556, 84176
193.557, 84176
193.558, 84176
193.56, 84176
193.561, 84176
193.562, 84176
193.563, 84176
193.565, 84176
193.566, 84176
193.567, 84176
193.568, 84176
193.57, 84176
193.571, 84176
193.572, 84176
193.573, 84176
193.574, 84176
193.576, 84176
193.577, 84176
193.578, 84176
193.579, 84176
193.58, 84176
193.581, 84176
193.583, 84176
193.584, 84176
193.585, 84176
193.587, 84176
193.588, 83960
193.589, 83960
193.59, 83960
193.592, 83960
193.593, 83960
193.594, 83960
193.596, 84176
193.597, 84176
193.598, 84176
193.6, 84176
193.601, 84176
193.602, 84176
193.603, 84176
193.605, 84176
193.606, 84176
193.607, 84176
193.608, 84176
193.609, 84176
193.611, 84176
193.612, 84176
193.613, 83960
193.614, 83960
193.616, 83960
193.617, 83960
193.622, 83960
193.624, 83960
193.625, 83960
193.626, 83960
193.627, 83960
193.629, 83960
193.63, 83960
193.631, 83960
193.632, 83960
193.634, 83960
193.635, 83960
193.636, 83960
193.637, 83960
193.639, 83960
193.64, 83960
193.642, 83960
193.643, 83960
193.645, 83960
193.646, 83960
193.647, 83960
193.649, 83960
193.65, 83960
193.652, 83960
193.653, 83960
193.654, 83960
193.655, 83960
193.657, 83960
193.658, 83960
193.659, 83960
193.66, 83960
193.662, 83960
193.663, 83960
193.664, 83744
193.665, 83744
193.666, 83744
193.668, 83744
193.669, 83744
193.671, 83744
193.672, 83744
193.673, 83744
193.675, 83744
193.676, 83744
193.677, 83744
193.679, 83744
193.68, 83744
193.681, 83744
193.682, 83744
193.683, 83744
193.685, 83744
193.686, 83744
193.687, 83744
193.688, 83744
193.69, 83960
193.691, 83960
193.692, 83960
193.693, 83960
193.695, 83960
193.696, 83960
193.697, 83960
193.699, 83960
193.7, 83960
193.702, 83960
193.703, 83960
193.704, 83960
193.705, 83960
193.707, 83960
193.708, 83960
193.709, 83960
193.71, 83960
193.711, 83960
193.712, 83960
193.714, 83960
193.715, 83960
193.716, 83960
193.718, 83960
193.719, 83960
193.72, 83960
193.721, 83960
193.723, 83960
193.724, 83960
193.725, 83960
193.726, 83960
193.73, 83960
193.732, 83744
193.733, 83744
193.735, 83744
193.737, 83744
193.738, 83744
193.74, 83744
193.741, 83528
193.742, 83528
193.743, 83528
193.745, 83528
193.746, 83528
193.747, 83528
193.748, 83528
193.749, 83528
193.751, 83528
193.752, 83528
193.753, 83528
193.754, 83528
193.755, 83528
193.757, 83528
193.758, 83528
193.759, 83528
193.76, 83528
193.761, 83528
193.762, 83528
193.764, 83528
193.765, 83528
193.766, 83744
193.768, 83744
193.769, 83744
193.77, 83744
193.771, 83744
193.772, 83744
193.774, 83744
193.775, 83528
193.776, 83528
193.777, 83528
193.778, 83528
193.779, 83528
193.781, 83528
193.782, 83528
193.783, 83312
193.784, 83312
193.786, 83312
193.787, 83312
193.788, 83312
193.789, 83312
193.791, 83312
193.792, 83312
193.794, 83312
193.796, 83312
193.797, 83312
193.799, 83312
193.8, 83312
193.802, 83312
193.803, 83312
193.804, 83312
193.806, 83312
193.807, 83312
193.808, 83312
193.809, 83312
193.811, 83312
193.812, 83312
193.813, 83312
193.815, 83312
193.816, 83312
193.817, 83312
193.818, 83312
193.82, 83312
193.821, 83312
193.822, 83312
193.823, 83312
193.824, 83312
193.826, 83312
193.827, 83312
193.829, 83312
193.83, 83312
193.831, 83312
193.833, 83312
193.834, 83528
193.836, 83528
193.837, 83528
193.838, 83528
193.839, 83528
193.841, 83528
193.842, 83528
193.843, 83528
193.844, 83528
193.845, 83528
193.846, 83528
193.848, 83528
193.849, 83528
193.85, 83528
193.851, 83528
193.852, 83744
193.853, 83744
193.854, 83744
193.855, 83744
193.857, 83744
193.858, 83744
193.859, 83744
193.86, 83744
193.861, 83744
193.862, 83744
193.863, 83744
193.865, 83744
193.866, 83744
193.867, 83744
193.869, 83960
193.87, 83960
193.871, 83960
193.872, 83960
193.874, 83960
193.875, 83960
193.876, 83960
193.877, 83960
193.878, 83960
193.879, 83960
193.88, 83960
193.882, 83960
193.883, 83960
193.884, 83960
193.886, 83960
193.887, 83960
193.888, 83960
193.89, 83960
193.891, 83960
193.892, 83960
193.894, 83960
193.895, 84176
193.896, 84176
193.897, 84176
193.899, 84176
193.9, 84176
193.901, 84176
193.902, 84176
193.903, 83960
193.904, 83960
193.905, 83960
193.907, 83960
193.908, 83960
193.909, 83960
193.91, 83960
193.911, 83528
193.913, 83528
193.914, 83528
193.915, 83528
193.916, 83528
193.918, 83528
193.919, 83528
193.92, 83744
193.921, 83744
193.922, 83744
193.924, 83744
193.925, 83744
193.926, 83744
193.927, 83744
193.929, 83312
193.93, 83312
193.931, 83312
193.933, 83312
193.934, 83312
193.936, 83312
193.937, 83528
193.939, 83528
193.94, 83528
193.942, 83528
193.943, 83528
193.944, 83528
193.946, 83744
193.947, 83744
193.948, 83744
193.949, 83744
193.95, 83744
193.951, 83744
193.953, 83744
193.954, 83744
193.955, 83744
193.956, 83744
193.957, 83744
193.958, 83744
193.96, 83744
193.961, 83744
193.962, 83528
193.964, 83528
193.965, 83528
193.966, 83528
193.968, 83528
193.969, 83528
193.97, 83528
193.971, 83960
193.973, 83960
193.974, 83960
193.975, 83960
193.976, 83960
193.978, 83960
193.979, 84176
193.981, 84176
193.982, 84176
193.983, 84176
193.985, 84176
193.986, 84176
193.987, 84176
193.989, 84176
193.99, 84176
193.991, 84176
193.992, 84176
193.994, 84176
193.995, 84176
193.996, 84608
193.998, 84608
193.999, 84608
194.001, 84608
194.002, 84608
194.004, 84608
194.005, 84392
194.006, 84392
194.007, 84392
194.009, 84392
194.01, 84392
194.011, 84392
194.013, 84392
194.014, 84392
194.016, 84392
194.017, 84392
194.019, 84392
194.02, 84392
194.021, 84392
194.022, 84392
194.024, 84392
194.025, 84392
194.026, 84392
194.028, 84392
194.029, 84392
194.031, 84392
194.032, 84392
194.034, 84392
194.035, 84392
194.037, 84392
194.038, 84392
194.04, 84392
194.041, 84392
194.042, 84392
194.044, 84392
194.045, 84392
194.046, 84392
194.048, 84392
194.049, 84392
194.05, 84392
194.051, 84392
194.053, 84392
194.054, 84392
194.055, 84392
194.056, 84392
194.057, 84392
194.059, 84392
194.06, 84392
194.061, 84392
194.062, 84392
194.064, 84392
194.065, 84176
194.066, 84176
194.067, 84176
194.069, 84176
194.07, 84176
194.071, 84176
194.072, 84176
194.074, 84176
194.075, 84176
194.076, 84176
194.077, 84176
194.078, 84176
194.08, 84176
194.081, 84176
194.082, 84176
194.084, 84176
194.085, 84176
194.087, 84176
194.088, 84176
194.089, 84176
194.09, 84176
194.092, 84176
194.093, 84176
194.094, 84176
194.095, 84176
194.097, 84176
194.098, 84176
194.099, 84176
194.1, 84176
194.102, 84176
194.103, 84176
194.104, 84176
194.105, 84176
194.107, 84176
194.108, 84176
194.11, 84176
194.112, 84176
194.113, 84176
194.114, 84176
194.116, 84176
194.117, 84176
194.118, 84176
194.119, 84176
194.121, 84176
194.122, 84176
194.123, 84176
194.125, 84176
194.126, 84176
194.127, 84176
194.128, 84176
194.13, 84176
194.131, 84176
194.132, 84176
194.133, 84176
194.135, 84176
194.136, 84176
194.137, 84176
194.138, 84176
194.139, 84176
194.141, 84176
194.142, 84176
194.143, 84176
194.144, 84176
194.146, 84176
194.147, 84176
194.148, 84176
194.149, 84176
194.151, 84176
194.152, 84176
194.153, 84176
194.154, 84176
194.156, 84176
194.157, 84176
194.158, 84176
194.159, 84176
194.161, 84176
194.162, 84176
194.163, 84176
194.164, 84176
194.166, 84176
194.167, 84176
194.168, 84176
194.169, 84176
194.171, 84176
194.172, 84176
194.173, 84176
194.174, 84176
194.176, 84176
194.177, 84176
194.178, 84176
194.179, 84176
194.181, 84176
194.182, 84176
194.183, 84176
194.184, 84176
194.185, 84176
194.187, 84176
194.188, 84176
194.189, 84176
194.19, 84176
194.192, 84176
194.193, 84176
194.194, 84176
194.195, 84176
194.197, 84176
194.198, 84176
194.199, 84176
194.2, 84176
194.202, 84176
194.203, 84176
194.204, 84176
194.205, 84176
194.207, 84176
194.208, 84176
194.209, 84176
194.21, 84176
194.212, 84176
194.213, 84176
194.214, 84176
194.215, 84176
194.216, 84176
194.218, 84176
194.219, 84176
194.22, 84176
194.221, 84176
194.223, 84176
194.224, 84176
194.225, 84176
194.226, 84176
194.227, 83960
194.229, 83960
194.23, 83960
194.231, 83960
194.232, 83960
194.234, 83960
194.235, 83960
194.236, 83744
194.237, 83744
194.239, 83744
194.24, 83744
194.241, 83744
194.242, 83744
194.244, 83744
194.245, 83960
194.246, 83960
194.247, 83960
194.248, 83960
194.25, 83960
194.251, 83960
194.252, 83960
194.253, 83960
194.255, 83960
194.256, 83960
194.257, 83960
194.258, 83960
194.26, 83960
194.261, 83960
194.262, 83960
194.263, 83960
194.264, 83960
194.266, 83960
194.267, 83960
194.268, 83960
194.269, 84176
194.271, 84176
194.272, 84176
194.273, 84176
194.274, 84176
194.276, 84176
194.277, 84176
194.278, 83960
194.279, 83960
194.28, 83960
194.282, 83960
194.283, 83960
194.284, 83960
194.285, 83960
194.287, 84176
194.288, 84176
194.289, 84176
194.29, 84176
194.291, 84176
194.293, 84176
194.294, 84176
194.295, 84176
194.296, 84176
194.298, 84176
194.299, 84176
194.3, 84176
194.301, 84176
194.303, 84176
194.304, 83960
194.305, 83960
194.306, 83960
194.307, 83960
194.309, 83960
194.31, 83960
194.311, 83960
194.312, 84176
194.314, 84176
194.315, 84176
194.316, 84176
194.317, 84176
194.319, 84176
194.32, 84176
194.321, 83960
194.322, 83960
194.323, 83960
194.325, 83960
194.326, 83960
194.327, 83960
194.329, 83960
194.33, 83960
194.331, 83960
194.332, 83960
194.334, 83960
194.335, 83960
194.336, 83960
194.337, 83960
194.339, 83960
194.34, 83960
194.341, 83960
194.342, 83960
194.344, 83960
194.345, 83960
194.346, 83960
194.347, 83960
194.349, 83960
194.35, 83960
194.351, 83960
194.352, 83960
194.354, 83960
194.355, 83960
194.356, 83960
194.357, 83960
194.359, 83960
194.36, 83960
194.361, 83960
194.362, 83960
194.364, 83960
194.365, 83960
194.366, 83960
194.367, 83960
194.369, 83960
194.37, 83960
194.371, 83960
194.372, 83744
194.373, 83744
194.375, 83744
194.376, 83744
194.377, 83744
194.379, 83744
194.38, 83744
194.381, 83312
194.382, 83312
194.383, 83312
194.385, 83312
194.386, 83312
194.387, 83312
194.388, 83312
194.39, 83312
194.391, 83312
194.393, 83312
194.394, 83312
194.395, 83312
194.396, 83312
194.402, 83528
194.403, 83528
194.404, 83528
194.405, 83528
194.407, 83528
194.408, 83528
194.409, 83528
194.41, 83528
194.411, 83528
194.412, 83528
194.413, 83528
194.414, 83096
194.416, 83096
194.418, 83096
194.425, 83312
194.426, 83312
194.427, 83312
194.428, 83312
194.43, 83312
194.431, 83312
194.432, 83312
194.433, 83312
194.434, 83312
194.435, 83312
194.436, 83312
194.438, 83312
194.439, 83312
194.44, 83312
194.441, 83096
194.442, 83096
194.443, 83096
194.444, 83096
194.445, 83096
194.447, 83096
194.448, 83096
194.449, 82880
194.45, 82880
194.451, 82880
194.452, 82880
194.454, 82880
194.457, 82880
194.459, 82880
194.46, 82880
194.461, 82880
194.462, 82880
194.463, 82880
194.465, 82880
194.466, 83096
194.467, 83096
194.468, 83096
194.469, 83096
194.47, 83096
194.476, 82880
194.477, 82880
194.478, 82880
194.48, 82880
194.481, 82880
194.482, 82880
194.484, 83312
194.485, 83312
194.486, 83312
194.487, 83312
194.489, 83312
194.49, 83312
194.491, 83312
194.492, 83312
194.493, 83312
194.494, 83312
194.495, 83312
194.497, 83312
194.498, 83312
194.499, 83312
194.5, 83096
194.501, 83096
194.503, 83096
194.504, 83096
194.505, 83096
194.506, 83096
194.508, 83096
194.509, 83312
194.51, 83312
194.511, 83312
194.512, 83312
194.514, 83312
194.515, 83312
194.516, 83312
194.517, 83096
194.518, 83096
194.52, 83096
194.521, 83096
194.522, 83096
194.524, 83096
194.525, 83528
194.527, 83528
194.528, 83528
194.529, 83528
194.53, 83528
194.532, 83528
194.533, 83528
194.534, 83528
194.535, 83528
194.537, 83528
194.538, 83528
194.539, 83528
194.54, 83528
194.541, 83528
194.542, 83528
194.543, 83528
194.545, 83528
194.546, 83528
194.547, 83528
194.549, 83528
194.55, 83528
194.551, 83312
194.553, 83312
194.554, 83312
194.556, 83312
194.557, 83312
194.558, 83312
194.56, 83528
194.561, 83528
194.562, 83528
194.563, 83528
194.564, 83528
194.565, 83528
194.567, 83528
194.568, 83528
194.569, 83744
194.57, 83744
194.571, 83744
194.572, 83744
194.574, 83744
194.575, 83744
194.576, 83744
194.577, 83960
194.578, 83960
194.58, 83960
194.581, 83960
194.582, 83960
194.583, 83960
194.584, 83960
194.585, 83528
194.587, 83528
194.588, 83528
194.59, 83528
194.591, 83528
194.592, 83528
194.594, 83744
194.595, 83744
194.596, 83744
194.597, 83744
194.599, 83744
194.6, 83744
194.601, 83744
194.602, 83960
194.604, 83960
194.605, 83960
194.606, 83960
194.607, 83960
194.609, 83960
194.61, 83960
194.611, 83960
194.612, 83960
194.613, 83960
194.614, 83960
194.615, 83960
194.617, 83960
194.618, 83960
194.62, 83960
194.621, 83960
194.623, 83960
194.624, 83960
194.625, 83960
194.627, 83960
194.628, 83960
194.629, 83960
194.631, 83960
194.632, 83960
194.634, 83960
194.635, 83960
194.636, 84176
194.638, 84176
194.639, 84176
194.64, 84176
194.642, 84176
194.643, 84176
194.644, 84176
194.646, 84176
194.647, 84176
194.648, 84176
194.65, 84176
194.651, 84176
194.652, 84176
194.654, 84176
194.655, 84176
194.656, 84176
194.658, 84176
194.659, 84176
194.661, 84176
194.662, 84176
194.663, 84176
194.665, 84176
194.666, 84176
194.668, 84176
194.669, 84176
194.67, 84176
194.671, 84176
194.673, 84176
194.674, 84176
194.675, 84176
194.677, 84176
194.678, 84176
194.679, 84176
194.68, 84176
194.681, 84176
194.683, 84176
194.684, 84176
194.685, 84176
194.686, 84176
194.688, 84176
194.689, 84176
194.69, 84176
194.691, 84176
194.693, 84176
194.694, 84176
194.695, 84176
194.697, 84392
194.698, 84392
194.699, 84392
194.7, 84392
194.702, 84392
194.703, 84392
194.704, 84392
194.706, 84392
194.707, 84392
194.709, 84392
194.71, 84392
194.711, 84392
194.713, 84392
194.714, 84392
194.731, 84392
194.733, 84392
194.734, 84392
194.735, 84392
194.737, 84392
194.738, 84392
194.739, 84392
194.74, 84392
194.741, 84392
194.743, 84392
194.744, 84392
194.745, 84392
194.747, 84392
194.748, 84392
194.749, 84392
194.751, 84392
194.752, 84392
194.754, 84392
194.755, 84392
194.756, 84392
194.757, 84392
194.759, 84392
194.76, 84392
194.761, 84392
194.763, 84392
194.764, 84392
194.765, 84392
194.767, 84392
194.768, 84392
194.769, 84392
194.77, 84392
194.772, 84392
194.773, 84392
194.774, 84392
194.776, 84392
194.777, 84392
194.778, 84392
194.779, 84392
194.78, 84392
194.782, 84392
194.783, 84392
194.784, 84392
194.786, 84392
194.787, 84392
194.788, 84392
194.789, 84392
194.79, 84392
194.792, 84392
194.793, 84392
194.794, 84392
194.795, 84392
194.796, 84392
194.798, 84392
194.799, 84392
194.8, 84392
194.801, 84392
194.802, 84392
194.804, 84392
194.805, 84392
194.806, 84392
194.807, 84392
194.809, 84392
194.81, 84392
194.811, 84392
194.813, 84392
194.814, 84392
194.815, 84392
194.817, 84392
194.818, 84392
194.819, 84392
194.82, 84392
194.822, 84392
194.823, 84392
194.824, 84608
194.826, 84608
194.827, 84608
194.828, 84608
194.83, 84608
194.831, 84608
194.832, 84608
194.834, 84392
194.835, 84392
194.836, 84392
194.838, 84392
194.839, 84392
194.84, 84392
194.842, 84392
194.843, 84392
194.844, 84392
194.846, 84392
194.847, 84392
194.848, 84392
194.85, 84392
194.851, 84392
194.852, 84392
194.854, 84392
194.855, 84392
194.856, 84392
194.858, 84392
194.859, 84608
194.86, 84608
194.862, 84608
194.863, 84608
194.864, 84608
194.866, 84608
194.867, 84608
194.868, 84608
194.869, 84608
194.871, 84608
194.872, 84608
194.873, 84608
194.874, 84608
194.876, 84608
194.877, 84608
194.878, 84608
194.88, 84608
194.881, 84608
194.882, 84608
194.884, 84608
194.885, 84608
194.886, 84608
194.888, 84608
194.889, 84608
194.89, 84608
194.892, 84608
194.893, 84608
194.894, 84608
194.896, 84608
194.897, 84608
194.898, 84608
194.9, 84608
194.901, 84608
194.902, 84608
194.903, 84608
194.904, 84608
194.905, 84608
194.907, 84608
194.908, 84608
194.91, 84608
194.911, 84608
194.912, 84608
194.914, 84608
194.915, 84608
194.916, 84608
194.918, 84608
194.919, 84392
194.92, 84392
194.922, 84392
194.923, 84392
194.924, 84392
194.926, 84392
194.927, 84608
194.929, 84608
194.93, 84608
194.932, 84608
194.933, 84608
194.934, 84608
194.95, 84392
194.951, 84392
194.953, 84392
194.954, 84392
194.955, 84392
194.957, 84392
194.958, 84392
194.959, 84392
194.96, 84392
194.961, 84392
194.962, 84392
194.964, 84392
194.965, 84392
194.966, 84392
194.967, 84392
194.969, 84392
194.97, 84392
194.971, 84392
194.972, 84392
194.973, 84392
194.974, 84392
194.976, 84392
194.977, 84392
194.978, 83960
194.979, 83960
194.981, 83960
194.982, 83960
194.983, 83960
194.985, 83960
194.986, 83960
194.987, 83960
194.988, 83960
194.989, 83960
194.991, 83960
194.992, 83960
194.993, 83960
194.995, 83960
194.996, 83960
194.998, 83960
194.999, 83960
195, 83960
195.003, 83960
195.004, 83960
195.006, 83960
195.007, 83960
195.008, 83960
195.01, 83960
195.011, 83960
195.013, 84176
195.014, 84176
195.015, 84176
195.017, 84176
195.018, 84176
195.019, 84176
195.02, 84176
195.022, 84176
195.023, 84176
195.024, 84176
195.026, 84176
195.027, 84176
195.028, 84176
195.029, 84176
195.031, 84176
195.032, 84176
195.033, 84176
195.034, 84176
195.035, 84176
195.036, 84176
195.038, 84176
195.039, 84176
195.04, 84176
195.041, 84176
195.042, 84176
195.043, 84176
195.044, 84176
195.046, 84176
195.047, 84176
195.048, 84176
195.049, 84176
195.05, 84176
195.051, 84176
195.052, 84176
195.054, 84176
195.055, 84176
195.056, 84176
195.057, 84176
195.059, 84176
195.06, 84176
195.061, 84176
195.063, 84176
195.064, 84176
195.065, 84176
195.066, 84176
195.067, 84176
195.068, 84176
195.069, 84176
195.071, 84176
195.072, 84176
195.073, 84176
195.074, 84176
195.075, 84176
195.077, 84176
195.078, 84176
195.079, 84176
195.081, 84176
195.082, 84176
195.083, 84176
195.085, 84176
195.086, 84176
195.087, 84176
195.089, 84176
195.09, 84176
195.091, 84176
195.093, 84176
195.094, 84176
195.095, 84176
195.097, 84176
195.098, 84176
195.099, 84176
195.1, 84176
195.101, 84176
195.102, 84176
195.104, 84176
195.105, 84176
195.106, 83960
195.107, 83960
195.108, 83960
195.109, 83960
195.111, 83960
195.112, 83960
195.113, 83960
195.115, 83960
195.116, 83960
195.117, 83960
195.118, 83960
195.119, 83960
195.121, 83960
195.122, 83960
195.123, 83960
195.124, 83960
195.125, 83960
195.126, 83960
195.127, 83960
195.129, 83960
195.13, 83960
195.131, 83960
195.133, 83960
195.134, 83960
195.135, 83960
195.137, 83960
195.138, 83960
195.139, 83960
195.14, 83960
195.142, 83960
195.143, 83960
195.144, 83960
195.145, 83960
195.146, 83960
195.147, 83960
195.149, 84176
195.15, 84176
195.151, 84176
195.152, 84176
195.153, 84176
195.154, 84176
195.156, 84176
195.157, 83960
195.159, 83960
195.16, 83960
195.161, 83960
195.163, 83960
195.164, 83960
195.165, 83960
195.166, 83960
195.167, 83960
195.168, 83960
195.169, 83960
195.171, 83960
195.172, 83960
195.173, 83960
195.174, 83960
195.175, 83960
195.177, 83960
195.178, 83960
195.179, 83960
195.181, 83960
195.182, 83960
195.183, 83960
195.184, 83960
195.185, 83960
195.187, 83960
195.188, 83960
195.189, 83960
195.191, 83960
195.192, 83960
195.193, 83960
195.194, 83960
195.195, 83960
195.197, 83960
195.198, 83960
195.199, 83960
195.201, 84176
195.202, 84176
195.203, 84176
195.204, 84176
195.205, 84176
195.207, 84176
195.208, 84176
195.209, 83960
195.21, 83960
195.211, 83960
195.212, 83960
195.214, 83960
195.215, 83960
195.216, 83960
195.217, 83960
195.218, 83960
195.22, 83960
195.221, 83960
195.222, 83960
195.223, 83960
195.225, 83960
195.226, 83960
195.227, 83960
195.229, 83960
195.23, 83960
195.232, 83960
195.233, 83960
195.234, 83960
195.235, 83960
195.237, 83960
195.238, 83960
195.239, 83960
195.24, 83960
195.241, 83960
195.243, 83960
195.244, 83960
195.245, 83960
195.246, 83960
195.247, 83960
195.249, 83960
195.25, 83960
195.251, 83960
195.252, 83960
195.254, 83960
195.255, 83960
195.256, 83960
195.258, 83960
195.259, 83960
195.26, 83960
195.262, 83960
195.263, 83960
195.265, 83960
195.266, 83960
195.268, 83960
195.269, 83960
195.27, 83960
195.272, 83960
195.273, 83960
195.274, 83960
195.275, 83960
195.276, 83960
195.277, 83960
195.279, 83960
195.28, 83960
195.281, 83960
195.282, 83960
195.284, 83960
195.285, 83960
195.286, 83960
195.287, 83960
195.288, 83960
195.29, 83960
195.291, 83960
195.292, 83960
195.293, 83960
195.294, 83960
195.296, 83960
195.297, 83960
195.298, 83960
195.299, 83960
195.301, 83960
195.302, 83960
195.303, 83960
195.304, 83960
195.305, 83960
195.307, 83960
195.308, 83960
195.309, 83960
195.31, 83960
195.311, 83960
195.312, 83960
195.314, 83960
195.315, 83960
195.316, 83960
195.317, 83960
195.319, 83960
195.32, 83960
195.321, 83960
195.322, 83960
195.323, 83960
195.324, 83960
195.325, 83960
195.327, 83960
195.328, 83960
195.329, 83960
195.33, 83960
195.331, 83960
195.333, 83960
195.334, 83960
195.335, 83960
195.337, 83960
195.338, 83960
195.339, 83960
195.34, 83960
195.341, 83960
195.342, 83960
195.344, 83960
195.345, 83960
195.346, 83960
195.347, 83960
195.349, 83960
195.35, 83960
195.351, 83960
195.353, 83960
195.354, 84176
195.355, 84176
195.356, 84176
195.357, 84176
195.358, 84176
195.36, 84176
195.361, 84176
195.362, 83960
195.363, 83960
195.365, 83960
195.366, 83960
195.367, 83960
195.368, 83960
195.37, 83960
195.371, 84176
195.372, 84176
195.373, 84176
195.374, 84176
195.376, 84176
195.377, 84176
195.378, 84176
195.379, 84176
195.381, 84176
195.382, 84176
195.383, 84176
195.384, 84176
195.385, 84176
195.386, 84176
195.388, 84176
195.389, 84176
195.39, 84176
195.392, 84176
195.393, 84176
195.394, 84176
195.395, 84176
195.397, 84176
195.398, 84176
195.399, 84176
195.4, 84176
195.401, 84176
195.402, 84176
195.404, 84176
195.405, 84176
195.406, 84176
195.407, 84176
195.409, 84176
195.41, 84176
195.411, 84176
195.413, 84176
195.414, 84176
195.415, 84176
195.416, 84176
195.417, 84176
195.419, 84176
195.42, 84176
195.422, 84176
195.423, 84176
195.424, 84176
195.426, 84176
195.427, 84176
195.428, 84176
195.43, 84176
195.431, 83960
195.432, 83960
195.433, 83960
195.434, 83960
195.436, 83960
195.437, 83960
195.438, 83960
195.439, 84176
195.44, 84176
195.441, 84176
195.443, 84176
195.444, 84176
195.445, 84176
195.446, 84176
195.447, 84176
195.449, 84176
195.45, 84176
195.451, 84176
195.453, 84176
195.454, 84176
195.455, 84176
195.456, 84176
195.458, 84176
195.459, 84176
195.461, 84176
195.462, 84176
195.463, 84176
195.464, 84176
195.465, 84176
195.466, 84176
195.468, 84176
195.469, 84176
195.47, 84176
195.472, 84176
195.473, 84176
195.474, 84176
195.476, 84176
195.477, 84176
195.478, 84176
195.479, 84176
195.48, 84176
195.481, 84176
195.483, 84176
195.484, 84176
195.485, 84176
195.486, 84176
195.488, 84176
195.489, 84176
195.49, 84176
195.491, 84176
195.493, 84176
195.494, 84176
195.495, 84176
195.496, 84176
195.497, 84176
195.499, 84176
195.5, 84176
195.501, 84176
195.503, 84176
195.504, 84176
195.505, 84176
195.506, 84176
195.508, 84176
195.509, 84176
195.51, 84176
195.511, 84176
195.512, 84176
195.513, 84176
195.515, 84176
195.516, 84176
195.517, 84176
195.518, 84176
195.52, 84176
195.521, 84176
195.522, 84176
195.523, 84176
195.524, 84176
195.526, 84176
195.527, 84176
195.529, 84176
195.53, 84176
195.532, 84176
195.533, 83960
195.534, 83960
195.536, 83960
195.537, 83960
195.538, 83960
195.539, 83960
195.54, 83960
195.542, 83960
195.543, 83960
195.544, 83960
195.545, 83960
195.546, 83960
195.548, 83960
195.549, 83960
195.55, 83960
195.551, 83960
195.553, 83960
195.554, 83960
195.555, 83960
195.556, 83960
195.557, 83960
195.558, 83744
195.56, 83744
195.561, 83744
195.562, 83744
195.563, 83744
195.564, 83744
195.566, 83744
195.567, 83960
195.568, 83960
195.57, 83960
195.571, 83960
195.572, 83960
195.574, 83960
195.575, 83960
195.576, 83960
195.578, 83960
195.579, 83960
195.58, 83960
195.581, 83960
195.582, 83960
195.583, 83960
195.585, 83960
195.586, 83960
195.587, 83960
195.588, 83960
195.59, 83960
195.591, 83960
195.592, 83960
195.593, 83960
195.594, 83960
195.596, 83960
195.597, 83960
195.599, 83960
195.6, 83960
195.601, 83960
195.602, 83960
195.603, 83960
195.604, 83960
195.605, 83960
195.607, 83960
195.608, 83960
195.609, 83528
195.61, 83528
195.611, 83528
195.613, 83528
195.614, 83528
195.615, 83528
195.616, 83528
195.618, 83528
195.619, 83528
195.62, 83528
195.621, 83528
195.623, 83528
195.624, 83528
195.625, 83528
195.627, 83528
195.628, 83528
195.63, 83528
195.631, 83528
195.632, 83528
195.633, 83528
195.635, 83744
195.636, 83744
195.637, 83744
195.638, 83744
195.639, 83744
195.641, 83744
195.642, 83744
195.643, 83744
195.644, 83744
195.645, 83744
195.646, 83744
195.647, 83744
195.649, 83744
195.65, 83744
195.651, 83744
195.653, 83744
195.654, 83744
195.656, 83744
195.657, 83744
195.658, 83744
195.659, 83744
195.661, 83744
195.662, 83744
195.663, 83744
195.664, 83744
195.665, 83744
195.666, 83744
195.668, 83744
195.669, 83744
195.67, 83960
195.671, 83960
195.672, 83960
195.673, 83960
195.674, 83960
195.676, 83960
195.677, 83960
195.678, 83744
195.679, 83744
195.68, 83744
195.681, 83744
195.682, 83744
195.684, 83744
195.685, 83744
195.686, 83744
195.687, 83744
195.689, 83744
195.69, 83744
195.691, 83744
195.693, 83744
195.694, 83744
195.695, 83744
195.696, 83744
195.697, 83744
195.698, 83744
195.7, 83744
195.701, 83744
195.702, 83744
195.703, 83744
195.705, 83744
195.706, 83744
195.707, 83744
195.709, 83744
195.71, 83744
195.711, 83528
195.713, 83528
195.714, 83528
195.715, 83528
195.717, 83528
195.718, 83528
195.719, 83528
195.72, 83528
195.721, 83528
195.723, 83528
195.724, 83528
195.725, 83528
195.726, 83528
195.727, 83528
195.728, 83528
195.729, 83096
195.731, 83096
195.732, 83096
195.733, 83096
195.734, 83096
195.736, 83096
195.737, 83312
195.738, 83312
195.739, 83312
195.74, 83312
195.742, 83312
195.743, 83312
195.744, 83312
195.745, 83312
195.746, 83096
195.747, 83096
195.749, 83096
195.75, 83096
195.751, 83096
195.753, 83096
195.754, 83096
195.756, 83096
195.757, 83096
195.759, 83096
195.76, 83096
195.761, 83096
195.763, 83096
195.764, 83312
195.765, 83312
195.766, 83312
195.768, 83312
195.769, 83312
195.77, 83312
195.771, 83312
195.772, 83312
195.773, 83312
195.774, 83312
195.776, 83312
195.777, 83312
195.778, 83312
195.779, 83312
195.78, 83096
195.782, 83096
195.783, 83096
195.785, 83096
195.786, 83096
195.788, 83096
195.79, 83312
195.791, 83312
195.792, 83312
195.793, 83312
195.794, 83312
195.796, 83312
195.797, 83312
195.798, 83312
195.799, 83312
195.8, 83312
195.801, 83312
195.803, 83312
195.804, 83312
195.805, 83312
195.806, 83528
195.807, 83528
195.808, 83528
195.81, 83528
195.811, 83528
195.812, 83528
195.813, 83528
195.814, 83528
195.816, 83528
195.817, 83528
195.818, 83528
195.819, 83528
195.821, 83528
195.822, 83528
195.823, 83744
195.824, 83744
195.825, 83744
195.827, 83744
195.828, 83744
195.829, 83744
195.83, 83744
195.832, 83960
195.833, 83960
195.834, 83960
195.835, 83960
195.836, 83960
195.838, 83960
195.839, 83960
195.84, 83960
195.841, 83960
195.843, 83960
195.844, 83960
195.845, 83960
195.846, 83960
195.847, 83960
195.848, 83960
195.85, 83960
195.851, 83960
195.852, 83960
195.853, 83960
195.854, 83960
195.856, 83960
195.857, 84176
195.858, 84176
195.859, 84176
195.861, 84176
195.862, 84176
195.863, 84176
195.864, 84176
195.866, 84176
195.867, 84176
195.868, 84176
195.869, 84176
195.87, 84176
195.872, 84176
195.873, 84176
195.874, 84176
195.875, 84176
195.877, 84176
195.878, 84176
195.879, 84176
195.88, 84176
195.882, 84176
195.883, 84176
195.884, 84176
195.885, 84176
195.886, 84176
195.888, 84176
195.889, 84176
195.89, 84176
195.892, 84176
195.893, 84176
195.895, 84176
195.896, 84176
195.897, 84176
195.898, 84176
195.9, 84176
195.901, 84176
195.902, 84176
195.903, 84176
195.905, 84176
195.906, 84176
195.907, 84176
195.908, 84176
195.91, 84176
195.911, 84176
195.912, 84176
195.913, 84176
195.914, 84176
195.915, 84176
195.917, 83960
195.918, 83960
195.919, 83960
195.92, 83960
195.922, 83960
195.923, 83960
195.925, 83960
195.926, 83960
195.927, 83960
195.929, 83960
195.93, 83960
195.931, 83960
195.932, 83960
195.933, 83960
195.935, 83960
195.936, 83960
195.937, 83960
195.939, 83960
195.94, 83960
195.941, 83960
195.942, 83960
195.944, 83960
195.945, 83960
195.946, 83960
195.948, 83960
195.949, 83960
195.95, 83960
195.952, 83960
195.953, 83960
195.955, 83960
195.956, 83960
195.957, 83960
195.959, 83960
195.96, 84176
195.961, 84176
195.963, 84176
195.965, 84176
195.966, 84176
195.967, 83960
195.969, 83960
195.97, 83960
195.971, 83960
195.973, 83960
195.974, 83960
195.975, 83960
195.977, 83960
195.978, 83960
195.979, 83960
195.981, 83960
195.982, 83960
195.984, 83960
195.985, 83960
195.986, 83960
195.988, 83960
195.989, 83960
195.991, 83960
195.993, 83960
195.994, 83960
195.996, 83960
195.997, 83960
195.999, 83960
196, 83960
196.001, 83960
196.003, 83960
196.004, 83960
196.005, 83960
196.006, 83960
196.008, 83960
196.009, 83960
196.01, 83960
196.011, 84176
196.012, 84176
196.013, 84176
196.015, 84176
196.016, 84176
196.017, 84176
196.019, 83960
196.02, 83960
196.022, 83960
196.023, 83960
196.024, 83960
196.026, 83960
196.027, 83960
196.028, 84176
196.03, 84176
196.031, 84176
196.032, 84176
196.034, 84176
196.035, 84176
196.036, 84176
196.038, 84176
196.039, 84176
196.041, 84176
196.042, 84176
196.044, 84176
196.045, 84176
196.046, 84176
196.048, 84176
196.049, 84176
196.05, 84176
196.051, 84176
196.053, 84176
196.054, 83960
196.055, 83960
196.057, 83960
196.058, 83960
196.059, 83960
196.061, 83960
196.062, 83960
196.063, 83960
196.065, 83960
196.066, 83960
196.068, 83960
196.069, 83960
196.07, 83960
196.072, 83960
196.073, 83960
196.074, 83960
196.075, 83960
196.077, 83960
196.078, 83960
196.079, 83960
196.081, 83960
196.083, 83960
196.084, 83960
196.086, 83960
196.088, 83960
196.09, 83960
196.092, 83960
196.093, 83960
196.095, 83960
196.096, 83960
196.098, 83960
196.099, 83960
196.1, 83960
196.102, 83960
196.103, 83960
196.104, 83960
196.105, 83960
196.107, 83960
196.108, 83960
196.109, 83960
196.11, 83960
196.112, 83960
196.113, 84176
196.114, 84176
196.115, 84176
196.117, 84176
196.118, 84176
196.119, 84176
196.12, 84176
196.121, 84176
196.123, 84176
196.124, 84176
196.125, 84176
196.126, 84176
196.128, 84176
196.129, 84176
196.13, 84176
196.131, 84176
196.133, 84176
196.134, 84176
196.135, 84176
196.136, 84176
196.138, 83960
196.14, 83960
196.141, 83960
196.143, 83960
196.145, 83960
196.147, 83960
196.148, 83960
196.149, 83960
196.151, 83960
196.152, 83960
196.153, 83960
196.154, 83960
196.156, 83960
196.157, 83960
196.158, 83960
196.16, 83960
196.161, 83960
196.162, 83960
196.163, 83960
196.174, 83960
196.176, 83960
196.178, 83960
196.179, 83960
196.181, 83960
196.182, 83960
196.183, 83960
196.185, 83960
196.186, 83960
196.187, 83960
196.188, 83960
196.19, 83960
196.191, 83960
196.192, 83960
196.193, 83960
196.195, 83960
196.196, 83960
196.197, 83960
196.199, 83960
196.2, 83960
196.201, 83960
196.202, 83960
196.203, 83960
196.204, 83960
196.206, 83960
196.207, 83744
196.208, 83744
196.209, 83744
196.211, 83744
196.212, 83744
196.213, 83744
196.214, 83744
196.216, 83312
196.217, 83312
196.218, 83312
196.219, 83312
196.221, 83312
196.222, 83312
196.224, 83312
196.226, 83312
196.227, 83312
196.229, 83312
196.23, 83312
196.232, 83312
196.233, 83312
196.234, 83312
196.235, 83312
196.237, 83312
196.238, 83312
196.239, 83312
196.24, 83528
196.242, 83528
196.243, 83528
196.244, 83528
196.246, 83528
196.247, 83528
196.248, 83528
196.249, 83744
196.25, 83744
196.254, 83744
196.255, 83744
196.257, 83744
196.258, 83744
196.259, 83744
196.261, 83744
196.262, 83744
196.263, 83744
196.264, 83744
196.265, 83744
196.267, 83960
196.268, 83960
196.269, 83960
196.27, 83960
196.271, 83960
196.272, 83960
196.274, 83960
196.275, 83960
196.276, 83960
196.277, 83960
196.278, 83960
196.279, 83960
196.28, 83960
196.282, 83960
196.283, 83960
196.284, 83744
196.285, 83744
196.286, 83744
196.287, 83744
196.289, 83744
196.29, 83744
196.291, 83744
196.293, 83744
196.294, 83744
196.295, 83744
196.296, 83744
196.297, 83744
196.298, 83744
196.3, 83744
196.301, 83744
196.302, 83744
196.303, 83744
196.304, 83744
196.305, 83744
196.307, 83744
196.308, 83744
196.309, 83528
196.31, 83528
196.311, 83528
196.312, 83528
196.313, 83528
196.315, 83528
196.316, 83528
196.317, 83312
196.319, 83312
196.32, 83312
196.321, 83312
196.323, 83312
196.324, 83312
196.325, 83312
196.327, 83312
196.328, 83312
196.329, 83312
196.33, 83312
196.331, 83312
196.333, 83312
196.334, 83312
196.335, 83312
196.336, 83312
196.337, 83312
196.338, 83312
196.339, 83312
196.341, 83312
196.342, 83312
196.343, 83096
196.344, 83096
196.345, 83096
196.347, 83096
196.348, 83096
196.349, 83096
196.35, 83096
196.352, 83312
196.353, 83312
196.354, 83312
196.355, 83312
196.356, 83312
196.357, 83312
196.358, 83312
196.359, 83312
196.361, 83096
196.362, 83096
196.363, 83096
196.365, 83096
196.366, 83096
196.368, 83096
196.369, 83096
196.37, 83096
196.372, 83096
196.373, 83096
196.374, 83096
196.375, 83096
196.377, 83096
196.378, 83528
196.379, 83528
196.38, 83528
196.381, 83528
196.382, 83528
196.383, 83528
196.385, 83528
196.386, 83312
196.387, 83312
196.388, 83312
196.389, 83312
196.391, 83312
196.392, 83312
196.393, 83312
196.395, 83312
196.396, 83312
196.397, 83312
196.398, 83312
196.399, 83312
196.401, 83312
196.402, 83312
196.403, 83528
196.404, 83528
196.405, 83528
196.406, 83528
196.407, 83528
196.409, 83528
196.41, 83528
196.411, 83528
196.412, 83744
196.413, 83744
196.414, 83744
196.416, 83744
196.417, 83744
196.418, 83744
196.42, 83744
196.421, 83744
196.423, 83744
196.424, 83744
196.426, 83744
196.427, 83744
196.429, 83960
196.43, 83960
196.431, 83960
196.432, 83960
196.434, 83960
196.435, 83960
196.436, 83960
196.437, 83960
196.439, 83960
196.44, 83960
196.441, 83960
196.442, 83960
196.444, 83960
196.445, 83960
196.446, 83960
196.447, 83960
196.449, 83960
196.45, 83960
196.452, 83960
196.453, 83960
196.454, 83960
196.456, 83960
196.457, 83960
196.458, 83960
196.46, 83960
196.461, 83960
196.462, 83960
196.463, 83960
196.465, 83960
196.466, 83960
196.467, 83960
196.469, 83960
196.47, 83960
196.472, 83960
196.473, 83960
196.474, 83960
196.476, 83960
196.477, 83960
196.478, 83960
196.479, 83960
196.481, 83960
196.482, 83960
196.483, 83960
196.485, 83960
196.486, 83960
196.487, 83960
196.488, 84176
196.49, 84176
196.491, 84176
196.493, 84176
196.494, 84176
196.495, 84176
196.497, 84176
196.498, 84176
196.499, 84176
196.5, 84176
196.501, 84176
196.503, 84176
196.504, 84176
196.505, 83960
196.506, 83960
196.508, 83960
196.509, 83960
196.51, 83960
196.511, 83960
196.512, 83960
196.514, 83960
196.515, 83960
196.516, 83960
196.518, 83960
196.519, 83960
196.52, 83960
196.521, 83960
196.522, 83960
196.524, 83960
196.525, 83960
196.526, 83960
196.528, 83960
196.529, 83960
196.53, 83960
196.532, 83960
196.533, 83960
196.534, 83960
196.535, 83960
196.536, 83960
196.538, 83960
196.539, 83960
196.54, 83960
196.541, 83960
196.542, 83960
196.544, 83960
196.545, 83960
196.546, 83960
196.547, 83960
196.548, 84176
196.549, 84176
196.551, 84176
196.552, 84176
196.553, 84176
196.554, 84176
196.555, 84176
196.556, 84176
196.558, 84176
196.559, 84176
196.561, 84176
196.562, 84176
196.563, 84176
196.564, 84176
196.565, 84176
196.566, 84176
196.568, 84176
196.569, 84176
196.57, 84176
196.571, 84176
196.573, 84176
196.574, 84176
196.575, 84176
196.576, 84176
196.577, 84176
196.579, 84176
196.58, 84176
196.581, 84176
196.582, 84176
196.583, 84176
196.584, 84176
196.586, 84176
196.588, 84176
196.589, 84176
196.59, 84176
196.591, 84176
196.592, 84176
196.594, 84176
196.595, 84176
196.596, 84176
196.597, 84176
196.598, 84176
196.6, 84176
196.601, 84176
196.602, 84176
196.603, 84176
196.605, 84176
196.606, 84176
196.607, 84176
196.608, 84176
196.609, 84176
196.611, 84176
196.612, 84176
196.613, 84176
196.614, 84176
196.615, 84176
196.617, 84176
196.618, 84176
196.619, 84176
196.62, 84176
196.622, 84176
196.623, 84176
196.624, 84176
196.625, 84176
196.626, 84176
196.628, 84176
196.629, 84176
196.63, 84176
196.631, 84176
196.633, 84176
196.634, 83960
196.635, 83960
196.637, 83960
196.638, 83960
196.639, 83960
196.64, 83960
196.641, 83960
196.643, 84176
196.644, 84176
196.645, 84176
196.646, 84176
196.647, 84176
196.649, 84176
196.65, 84176
196.651, 83960
196.652, 83960
196.653, 83960
196.655, 83960
196.656, 83960
196.657, 83960
196.659, 83960
196.66, 83960
196.661, 83960
196.662, 83960
196.663, 83960
196.665, 83960
196.666, 83960
196.667, 83960
196.668, 83960
196.669, 83960
196.67, 83960
196.672, 83960
196.673, 83960
196.674, 83960
196.675, 83960
196.676, 83960
196.678, 83960
196.679, 83960
196.68, 83960
196.681, 83960
196.682, 83960
196.684, 83960
196.685, 83960
196.687, 83960
196.688, 83960
196.689, 83960
196.691, 83960
196.692, 83960
196.693, 83960
196.694, 83960
196.696, 83960
196.697, 83960
196.698, 83960
196.699, 83960
196.7, 83960
196.702, 83960
196.703, 83960
196.704, 83960
196.706, 83960
196.707, 83960
196.708, 83960
196.71, 83960
196.711, 84176
196.712, 84176
196.713, 84176
196.714, 84176
196.716, 84176
196.717, 84176
196.718, 84176
196.719, 83960
196.72, 83960
196.722, 83960
196.723, 83960
196.724, 83960
196.725, 83960
196.726, 83960
196.727, 84176
196.729, 84176
196.73, 84176
196.732, 84176
196.733, 84176
196.735, 84176
196.736, 84176
196.738, 84176
196.739, 84176
196.74, 84176
196.742, 84176
196.743, 84176
196.744, 84176
196.745, 83960
196.746, 83960
196.747, 83960
196.749, 83960
196.75, 83960
196.751, 83960
196.752, 83960
196.753, 83960
196.754, 83960
196.756, 83960
196.757, 83960
196.758, 83960
196.759, 83960
196.761, 83960
196.762, 84176
196.763, 84176
196.765, 84176
196.766, 84176
196.767, 84176
196.769, 84176
196.77, 83960
196.771, 83960
196.772, 83960
196.773, 83960
196.775, 83960
196.776, 83960
196.777, 83960
196.778, 83960
196.78, 83960
196.781, 83960
196.782, 83960
196.783, 83960
196.784, 83960
196.786, 83960
196.787, 83960
196.788, 83960
196.789, 83960
196.79, 83960
196.792, 83960
196.793, 83960
196.794, 83960
196.796, 83960
196.797, 83960
196.798, 83960
196.799, 83960
196.801, 83960
196.802, 83960
196.803, 83960
196.804, 84176
196.806, 84176
196.807, 84176
196.808, 84176
196.81, 84176
196.811, 84176
196.812, 84176
196.813, 83960
196.815, 83960
196.816, 83960
196.817, 83960
196.818, 83960
196.82, 83960
196.821, 83960
196.822, 83960
196.823, 83960
196.824, 83960
196.825, 83960
196.827, 83960
196.828, 83960
196.829, 83960
196.83, 83528
196.831, 83528
196.832, 83528
196.834, 83528
196.835, 83528
196.836, 83528
196.837, 83528
196.839, 83528
196.84, 83528
196.841, 83528
196.842, 83528
196.843, 83528
196.845, 83528
196.847, 83312
196.848, 83312
196.85, 83312
196.851, 83312
196.853, 83312
196.854, 83312
196.855, 83528
196.856, 83528
196.858, 83528
196.859, 83528
196.86, 83528
196.861, 83528
196.863, 83528
196.864, 83744
196.865, 83744
196.866, 83744
196.867, 83744
196.868, 83744
196.869, 83744
196.871, 83744
196.872, 83744
196.873, 83312
196.874, 83312
196.875, 83312
196.877, 83312
196.878, 83312
196.879, 83312
196.881, 83528
196.882, 83528
196.883, 83528
196.885, 83528
196.886, 83528
196.887, 83528
196.888, 83528
196.889, 83528
196.89, 83528
196.891, 83528
196.893, 83528
196.894, 83528
196.895, 83528
196.896, 83528
196.897, 83528
196.898, 83312
196.9, 83312
196.901, 83312
196.902, 83312
196.903, 83312
196.904, 83312
196.905, 83312
196.906, 83096
196.908, 83096
196.909, 83096
196.91, 83096
196.911, 83096
196.913, 83096
196.914, 83096
196.916, 83312
196.917, 83312
196.918, 83312
196.919, 83312
196.92, 83312
196.922, 83312
196.923, 83312
196.924, 83312
196.925, 83312
196.926, 83312
196.927, 83312
196.929, 83312
196.93, 83312
196.931, 83312
196.933, 83312
196.934, 83312
196.936, 83312
196.937, 83312
196.938, 83312
196.939, 83312
196.941, 83528
196.942, 83528
196.943, 83528
196.944, 83528
196.946, 83528
196.947, 83528
196.948, 83528
196.949, 83312
196.95, 83312
196.951, 83312
196.952, 83312
196.954, 83312
196.955, 83312
196.956, 83312
196.957, 83312
196.958, 83312
196.96, 83312
196.961, 83312
196.962, 83312
196.963, 83312
196.964, 83312
196.966, 83312
196.967, 83528
196.968, 83528
196.969, 83528
196.97, 83528
196.971, 83528
196.972, 83528
196.974, 83528
196.975, 83312
196.977, 83312
196.978, 83312
196.98, 83312
196.981, 83312
196.982, 83312
196.983, 83528
196.985, 83528
196.986, 83528
196.987, 83528
196.988, 83528
196.99, 83528
196.991, 83528
196.992, 83744
196.993, 83744
196.994, 83744
196.995, 83744
196.996, 83744
196.998, 83744
196.999, 83744
197, 83744
197.001, 83312
197.002, 83312
197.003, 83312
197.005, 83312
197.006, 83312
197.008, 83312
197.009, 83528
197.01, 83528
197.012, 83528
197.013, 83528
197.014, 83528
197.015, 83528
197.016, 83528
197.018, 83528
197.019, 83528
197.02, 83528
197.021, 83528
197.022, 83528
197.023, 83528
197.024, 83528
197.026, 83744
197.027, 83744
197.028, 83744
197.029, 83744
197.03, 83744
197.031, 83744
197.033, 83744
197.034, 83744
197.035, 83744
197.036, 83744
197.037, 83744
197.038, 83744
197.039, 83744
197.04, 83744
197.042, 83744
197.043, 83744
197.044, 83744
197.045, 83744
197.046, 83744
197.047, 83744
197.049, 83744
197.05, 83744
197.052, 83744
197.053, 83744
197.054, 83744
197.055, 83744
197.057, 83744
197.058, 83744
197.059, 83744
197.06, 83960
197.061, 83960
197.062, 83960
197.064, 83960
197.065, 83960
197.066, 83960
197.067, 83960
197.068, 84176
197.07, 84176
197.071, 84176
197.072, 84176
197.073, 84176
197.074, 84176
197.075, 84176
197.077, 84176
197.078, 83960
197.079, 83960
197.081, 83960
197.082, 83960
197.083, 83960
197.084, 83960
197.085, 84176
197.087, 84176
197.088, 84176
197.089, 84176
197.09, 84176
197.092, 84176
197.093, 84176
197.095, 84176
197.096, 84176
197.097, 84176
197.098, 84176
197.099, 84176
197.1, 84176
197.102, 84176
197.103, 84176
197.104, 84176
197.105, 84176
197.106, 84176
197.108, 84176
197.109, 84176
197.11, 84176
197.112, 84176
197.113, 84176
197.114, 84176
197.115, 84176
197.116, 84176
197.117, 84176
197.119, 84176
197.12, 84176
197.121, 84176
197.122, 84176
197.124, 84176
197.125, 84176
197.126, 84176
197.128, 84176
197.129, 84176
197.13, 84176
197.131, 84176
197.132, 84176
197.133, 84176
197.135, 84176
197.136, 84176
197.137, 84176
197.138, 84176
197.14, 84176
197.141, 84176
197.142, 84176
197.143, 84176
197.144, 84176
197.145, 84176
197.147, 84176
197.148, 84176
197.149, 84176
197.15, 84176
197.152, 84176
197.153, 84176
197.154, 84392
197.155, 84392
197.157, 84392
197.158, 84392
197.159, 84392
197.16, 84392
197.162, 84392
197.163, 84392
197.164, 84392
197.165, 84392
197.167, 84392
197.168, 84392
197.169, 84392
197.17, 84392
197.171, 84176
197.173, 84176
197.174, 84176
197.175, 84176
197.176, 84176
197.177, 84176
197.178, 84176
197.18, 84176
197.181, 84176
197.182, 84176
197.183, 84176
197.184, 84176
197.185, 84176
197.187, 84176
197.188, 84176
197.189, 84176
197.19, 84176
197.191, 84176
197.193, 84176
197.194, 84176
197.195, 84176
197.197, 84176
197.198, 84176
197.199, 84176
197.2, 84176
197.201, 84176
197.202, 84176
197.204, 84176
197.205, 84176
197.206, 84176
197.208, 84176
197.209, 84176
197.21, 84176
197.211, 84176
197.213, 84176
197.214, 84176
197.215, 84176
197.216, 84176
197.217, 84176
197.218, 84176
197.22, 84176
197.221, 84176
197.223, 84176
197.224, 84176
197.225, 84176
197.226, 84176
197.228, 84176
197.229, 84176
197.23, 84176
197.231, 84176
197.232, 84176
197.234, 84176
197.235, 84176
197.236, 84176
197.237, 84176
197.239, 84176
197.24, 84176
197.241, 84176
197.242, 84176
197.244, 84176
197.245, 84176
197.246, 84176
197.247, 84176
197.248, 84176
197.25, 84176
197.251, 84176
197.253, 84176
197.254, 84176
197.255, 84176
197.256, 84176
197.257, 84176
197.258, 84176
197.26, 84176
197.261, 84176
197.262, 84176
197.263, 84176
197.265, 84176
197.266, 84176
197.267, 84176
197.268, 84176
197.27, 84176
197.271, 84176
197.272, 84176
197.273, 84176
197.274, 84176
197.275, 84176
197.277, 84176
197.278, 84176
197.28, 84176
197.281, 84176
197.282, 84176
197.284, 84176
197.285, 84176
197.287, 84176
197.288, 84176
197.289, 84176
197.29, 84176
197.292, 84176
197.293, 84176
197.294, 84176
197.295, 84176
197.297, 84176
197.298, 84176
197.299, 84176
197.301, 84176
197.302, 84176
197.303, 84176
197.304, 84176
197.305, 84176
197.307, 84176
197.308, 84176
197.309, 84176
197.311, 84176
197.312, 84176
197.313, 84176
197.314, 84176
197.316, 84176
197.317, 84176
197.318, 84176
197.319, 84176
197.321, 84176
197.323, 84176
197.324, 84176
197.326, 84176
197.327, 84176
197.329, 84176
197.33, 84176
197.332, 84176
197.334, 84176
197.335, 84176
197.336, 84176
197.338, 84176
197.339, 84176
197.341, 84176
197.342, 84176
197.344, 84176
197.345, 84176
197.346, 84176
197.348, 84176
197.349, 84176
197.35, 84176
197.351, 84176
197.353, 84176
197.354, 84176
197.355, 84176
197.357, 84176
197.358, 84176
197.359, 84176
197.36, 84176
197.362, 84176
197.363, 84176
197.364, 84176
197.365, 84176
197.367, 84176
197.368, 84176
197.369, 84176
197.371, 84176
197.372, 84176
197.373, 84176
197.374, 84176
197.382, 84176
197.384, 84176
197.385, 84176
197.387, 84176
197.388, 84176
197.389, 84176
197.39, 84176
197.392, 84176
197.393, 84176
197.394, 84176
197.395, 84176
197.397, 84176
197.398, 84176
197.399, 84176
197.4, 84176
197.402, 84176
197.403, 84176
197.417, 84176
197.418, 84176
197.419, 84176
197.421, 84176
197.422, 84176
197.423, 84176
197.424, 84176
197.426, 84176
197.427, 84176
197.428, 84176
197.429, 84176
197.431, 84176
197.432, 84176
197.433, 84176
197.434, 84176
197.436, 84176
197.437, 84176
197.438, 84176
197.439, 84176
197.441, 84176
197.442, 84176
197.443, 84176
197.444, 83960
197.446, 83960
197.447, 83960
197.448, 83960
197.449, 83960
197.45, 83960
197.452, 83960
197.453, 83960
197.454, 83960
197.456, 83960
197.457, 83960
197.458, 83960
197.46, 83960
197.461, 83744
197.462, 83744
197.464, 83744
197.465, 83744
197.467, 83744
197.468, 83744
197.47, 83744
197.471, 83744
197.472, 83744
197.474, 83744
197.475, 83744
197.476, 83744
197.477, 83744
197.479, 83528
197.48, 83528
197.481, 83528
197.482, 83528
197.484, 83528
197.485, 83528
197.486, 83528
197.487, 83312
197.497, 83312
197.499, 83312
197.5, 83312
197.501, 83312
197.514, 84824
197.517, 84824
197.518, 84824
197.52, 84824
197.521, 85040
197.522, 85040
197.523, 85040
197.531, 84608
197.534, 84608
197.535, 84608
197.537, 84608
197.538, 84392
197.54, 84392
197.541, 84392
197.542, 84392
197.544, 84392
197.545, 84392
197.546, 84176
197.547, 84176
197.548, 84176
197.55, 84176
197.551, 84176
197.552, 84176
197.553, 84176
197.554, 84176
197.555, 83744
197.557, 83744
197.558, 83744
197.559, 83744
197.561, 83744
197.562, 83744
197.564, 83744
197.565, 83744
197.566, 83744
197.568, 83744
197.569, 83744
197.57, 83744
197.571, 83744
197.573, 83744
197.574, 83744
197.576, 83744
197.577, 83744
197.579, 83744
197.581, 83528
197.585, 83528
197.586, 83528
197.587, 83528
197.589, 83960
197.594, 83960
197.596, 83960
197.597, 83960
197.598, 83744
197.599, 83744
197.6, 83744
197.602, 83744
197.603, 83744
197.604, 83744
197.605, 83744
197.606, 83528
197.608, 83528
197.609, 83528
197.613, 83528
197.614, 83528
197.615, 83744
197.624, 84176
197.625, 84176
197.626, 84176
197.628, 84176
197.629, 84176
197.63, 84176
197.631, 84176
197.632, 84176
197.633, 84176
197.635, 84176
197.636, 84176
197.637, 84176
197.638, 84176
197.64, 84176
197.641, 84176
197.643, 84176
197.644, 84176
197.645, 84176
197.647, 84176
197.648, 84176
197.65, 84392
197.651, 84392
197.652, 84392
197.654, 84392
197.655, 84392
197.656, 84392
197.658, 84392
197.659, 84392
197.661, 84392
197.662, 84392
197.663, 84392
197.664, 84392
197.665, 84392
197.666, 84392
197.668, 84392
197.669, 84392
197.67, 84392
197.671, 84392
197.673, 84392
197.674, 84392
197.675, 84608
197.676, 84608
197.677, 84608
197.679, 84608
197.68, 84608
197.681, 84608
197.682, 84608
197.684, 84608
197.685, 84608
197.686, 84608
197.687, 84608
197.688, 84608
197.69, 84608
197.691, 84608
197.692, 84608
197.694, 84608
197.695, 84608
197.697, 84608
197.698, 84608
197.7, 84608
197.701, 84608
197.703, 84608
197.704, 84608
197.705, 84608
197.706, 84608
197.707, 84608
197.709, 84608
197.71, 84608
197.711, 84608
197.713, 84608
197.714, 84608
197.716, 84608
197.717, 84608
197.718, 84608
197.72, 84608
197.721, 84608
197.723, 84608
197.724, 84608
197.725, 84824
197.727, 84824
197.728, 84824
197.729, 84824
197.731, 84824
197.732, 84824
197.734, 85040
197.735, 85040
197.737, 85040
197.738, 85040
197.739, 85040
197.741, 85040
197.742, 85040
197.743, 85040
197.745, 85040
197.746, 85040
197.748, 85040
197.749, 85040
197.751, 85040
197.752, 85040
197.754, 85040
197.755, 85040
197.756, 85040
197.758, 85040
197.759, 85040
197.76, 85040
197.762, 85040
197.763, 85040
197.765, 85040
197.766, 85040
197.768, 85040
197.769, 85040
197.77, 85040
197.772, 85040
197.773, 85040
197.774, 85040
197.775, 85040
197.777, 85040
197.778, 85040
197.779, 85040
197.78, 85040
197.781, 85040
197.783, 85040
197.784, 85040
197.785, 84824
197.787, 84824
197.788, 84824
197.789, 84824
197.791, 84824
197.792, 84824
197.793, 84824
197.794, 84608
197.796, 84608
197.797, 84608
197.798, 84608
197.8, 84608
197.801, 84608
197.802, 84824
197.804, 84824
197.805, 84824
197.806, 84824
197.808, 84824
197.809, 84824
197.811, 84608
197.812, 84608
197.814, 84608
197.815, 84608
197.817, 84608
197.818, 84608
197.819, 84824
197.821, 84824
197.822, 84824
197.824, 84824
197.825, 84824
197.827, 84824
197.829, 84824
197.83, 84824
197.832, 84824
197.833, 84824
197.835, 84824
197.836, 84824
197.837, 84824
197.838, 84824
197.84, 84824
197.841, 84824
197.842, 84824
197.844, 84824
197.845, 85040
197.847, 85040
197.848, 85040
197.849, 85040
197.851, 85040
197.852, 85040
197.853, 85040
197.854, 85040
197.856, 85040
197.857, 85040
197.859, 85040
197.86, 85040
197.862, 85040
197.863, 85040
197.865, 85040
197.866, 85040
197.868, 85040
197.869, 85040
197.87, 85040
197.871, 85040
197.872, 85040
197.873, 85040
197.874, 85040
197.876, 85040
197.877, 85040
197.878, 85040
197.88, 85040
197.881, 85040
197.882, 85040
197.884, 85040
197.886, 85040
197.887, 85040
197.888, 85040
197.89, 85040
197.892, 85040
197.893, 85040
197.894, 85040
197.896, 85040
197.897, 84824
197.898, 84824
197.899, 84824
197.901, 84824
197.902, 84824
197.903, 84824
197.905, 84824
197.906, 84824
197.907, 84824
197.909, 84824
197.911, 84824
197.913, 84608
197.915, 84608
197.916, 84608
197.919, 84608
197.921, 84608
197.922, 84824
197.924, 84824
197.925, 84824
197.926, 84824
197.928, 84824
197.929, 84824
197.93, 84824
197.931, 84824
197.932, 84824
197.934, 84824
197.935, 84824
197.937, 84824
197.938, 84824
197.94, 84824
197.941, 84824
197.942, 84824
197.944, 84824
197.945, 84824
197.947, 84824
197.948, 84824
197.95, 84824
197.951, 84824
197.953, 84824
197.954, 84824
197.956, 84824
197.957, 84824
197.958, 84824
197.96, 84824
197.961, 84824
197.963, 84824
197.965, 84824
197.966, 84824
197.968, 84824
197.969, 84824
197.971, 84824
197.972, 84824
197.974, 84824
197.976, 84824
197.977, 84824
197.979, 84824
197.98, 84824
197.982, 84824
197.983, 84824
197.985, 84824
197.986, 84824
197.988, 84824
197.989, 84824
197.991, 84824
197.992, 84824
197.994, 84824
197.996, 84824
197.997, 84824
197.999, 84824
198, 84824
198.001, 84824
198.003, 84824
198.004, 84824
198.005, 84824
198.006, 84824
198.007, 85040
198.009, 85040
198.01, 85040
198.011, 85040
198.012, 85040
198.014, 85040
198.015, 85040
198.016, 84824
198.017, 84824
198.019, 84824
198.02, 84824
198.021, 84824
198.022, 84824
198.024, 84824
198.025, 84824
198.026, 84824
198.027, 84824
198.028, 84824
198.029, 84824
198.031, 84824
198.032, 84824
198.033, 84392
198.034, 84392
198.035, 84392
198.037, 84392
198.038, 84392
198.039, 84392
198.04, 84392
198.042, 84392
198.043, 84392
198.044, 84392
198.045, 84392
198.047, 84392
198.048, 84392
198.05, 84392
198.051, 84392
198.053, 84392
198.054, 84392
198.055, 84392
198.057, 84392
198.058, 84392
198.059, 84392
198.061, 84392
198.062, 84392
198.063, 84392
198.064, 84392
198.065, 84392
198.067, 84392
198.068, 84608
198.069, 84608
198.07, 84608
198.071, 84608
198.072, 84608
198.073, 84608
198.075, 84608
198.076, 84392
198.077, 84392
198.079, 84392
198.08, 84392
198.082, 84392
198.083, 84392
198.085, 84392
198.086, 84392
198.088, 84392
198.089, 84392
198.09, 84392
198.092, 84392
198.093, 84392
198.094, 84392
198.095, 84392
198.096, 84392
198.097, 84392
198.098, 84392
198.1, 84392
198.101, 83960
198.102, 83960
198.103, 83960
198.104, 83960
198.105, 83960
198.107, 83960
198.108, 83960
198.109, 83960
198.11, 83960
198.111, 83960
198.112, 83960
198.114, 83960
198.115, 83960
198.117, 83960
198.118, 83960
198.119, 83960
198.121, 83960
198.122, 83960
198.123, 83960
198.124, 83960
198.126, 83960
198.127, 84176
198.128, 84176
198.129, 84176
198.13, 84176
198.131, 84176
198.133, 84176
198.135, 84176
198.136, 83960
198.137, 83960
198.139, 83960
198.14, 83960
198.141, 83960
198.142, 83960
198.144, 84392
198.145, 84392
198.146, 84392
198.148, 84392
198.149, 84392
198.15, 84392
198.151, 84392
198.152, 84176
198.154, 84176
198.155, 84176
198.156, 84176
198.157, 84176
198.158, 84176
198.159, 84176
198.161, 83744
198.166, 83744
198.167, 83744
198.169, 83744
198.17, 83960
198.171, 83960
198.172, 83960
198.173, 83960
198.174, 83960
198.176, 83960
198.177, 83960
198.178, 83744
198.179, 83744
198.181, 83744
198.185, 83744
198.186, 83960
198.188, 83960
198.189, 83960
198.19, 83960
198.191, 83960
198.195, 84176
198.196, 84176
198.198, 84176
198.199, 84176
198.2, 84176
198.202, 84176
198.203, 83960
198.205, 83960
198.206, 83960
198.208, 83960
198.21, 83960
198.211, 83960
198.213, 83960
198.215, 83960
198.216, 83960
198.218, 83960
198.219, 83960
198.221, 84176
198.222, 84176
198.225, 84176
198.226, 84176
198.227, 84176
198.229, 84392
198.23, 84392
198.232, 84392
198.235, 84392
198.237, 84392
198.238, 84608
198.239, 84608
198.24, 84608
198.242, 84608
198.243, 84608
198.244, 84608
198.245, 84608
198.247, 84824
198.248, 84824
198.249, 84824
198.25, 84824
198.251, 84824
198.252, 84824
198.255, 85040
198.257, 85040
198.262, 85040
198.263, 85040
198.265, 85040
198.266, 85040
198.267, 85040
198.268, 85040
198.27, 85040
198.271, 85040
198.273, 85040
198.274, 85040
198.276, 85040
198.278, 85040
198.28, 85040
198.281, 85040
198.283, 85040
198.284, 85040
198.285, 85040
198.287, 85040
198.288, 85040
198.289, 84824
198.29, 84824
198.291, 84824
198.292, 84824
198.294, 84824
198.295, 84824
198.296, 84824
198.297, 84824
198.299, 84824
198.3, 84824
198.301, 84824
198.302, 84824
198.304, 84824
198.305, 84824
198.306, 85040
198.307, 85040
198.308, 85040
198.31, 85040
198.311, 85040
198.312, 85040
198.313, 85040
198.315, 84824
198.317, 84824
198.318, 84824
198.32, 84824
198.322, 84824
198.323, 84824
198.325, 84824
198.326, 84824
198.328, 84824
198.329, 84824
198.33, 84824
198.332, 84824
198.333, 84824
198.335, 84824
198.336, 84824
198.337, 84824
198.339, 84824
198.34, 85040
198.341, 85040
198.342, 85040
198.343, 85040
198.345, 85040
198.347, 85040
198.349, 84824
198.35, 84824
198.351, 84824
198.353, 84824
198.354, 84824
198.355, 84824
198.356, 84824
198.357, 84824
198.359, 84824
198.36, 84824
198.361, 84824
198.362, 84824
198.364, 84824
198.365, 84824
198.366, 84824
198.367, 84824
198.368, 84824
198.37, 84824
198.371, 84824
198.372, 84824
198.373, 84824
198.374, 84824
198.376, 84824
198.377, 84824
198.378, 84824
198.38, 84824
198.381, 84824
198.382, 84824
198.384, 84824
198.385, 84824
198.386, 84824
198.388, 84824
198.389, 84824
198.39, 84824
198.392, 84824
198.393, 84824
198.394, 84824
198.396, 84824
198.397, 84824
198.398, 84824
198.399, 84824
198.401, 84824
198.402, 84824
198.403, 84824
198.404, 84824
198.405, 84824
198.407, 84824
198.408, 84824
198.409, 84824
198.411, 84824
198.412, 84824
198.413, 84824
198.414, 84824
198.416, 84824
198.417, 84824
198.418, 84824
198.419, 84824
198.421, 84824
198.422, 84824
198.423, 84824
198.425, 84824
198.426, 84824
198.427, 84824
198.429, 84824
198.43, 84824
198.431, 84824
198.432, 84824
198.434, 84824
198.435, 84824
198.436, 84824
198.437, 84824
198.439, 84824
198.44, 84824
198.441, 84824
198.442, 84608
198.444, 84608
198.445, 84608
198.446, 84608
198.447, 84608
198.448, 84608
198.45, 84608
198.451, 84608
198.452, 84608
198.453, 84608
198.454, 84608
198.456, 84608
198.457, 84608
198.458, 84608
198.459, 84608
198.461, 84608
198.462, 84608
198.463, 84608
198.464, 84608
198.466, 84608
198.468, 84608
198.469, 84608
198.47, 84608
198.472, 84608
198.473, 84608
198.474, 84608
198.475, 84608
198.477, 84608
198.478, 84608
198.48, 84608
198.481, 84608
198.482, 84608
198.484, 84608
198.486, 84392
198.488, 84392
198.489, 84392
198.491, 84392
198.492, 84392
198.494, 84608
198.495, 84608
198.497, 84608
198.498, 84608
198.499, 84608
198.501, 84608
198.502, 84392
198.503, 84392
198.504, 84392
198.506, 84392
198.507, 84392
198.508, 84392
198.509, 84392
198.51, 84392
198.511, 84608
198.512, 84608
198.514, 84608
198.515, 84608
198.516, 84608
198.517, 84608
198.518, 84608
198.52, 84608
198.521, 84608
198.522, 84608
198.524, 84608
198.525, 84608
198.526, 84608
198.528, 84392
198.529, 84392
198.53, 84392
198.532, 84392
198.533, 84392
198.534, 84392
198.536, 84176
198.538, 84176
198.54, 84176
198.544, 84176
198.547, 84176
198.548, 84176
198.55, 84176
198.551, 84176
198.552, 84176
198.553, 83960
198.555, 83960
198.557, 83960
198.558, 83960
198.56, 83960
198.562, 83744
198.564, 83744
198.565, 83744
198.567, 83744
198.568, 83744
198.57, 83744
198.572, 83744
198.574, 83744
198.575, 83744
198.577, 83744
198.579, 83960
198.581, 83960
198.584, 83960
198.589, 83744
198.593, 83744
198.596, 83744
198.598, 83744
198.61, 83744
198.616, 83744
198.624, 83744
198.625, 83744
198.627, 83744
198.635, 83744
198.637, 83744
198.639, 83960
198.641, 83960
198.652, 83960
198.658, 84176
198.663, 84176
198.682, 83960
198.684, 83960
198.686, 83960
198.688, 83960
198.691, 84176
198.694, 84176
198.696, 84176
198.697, 84176
198.699, 83960
198.701, 83960
198.703, 83960
198.705, 83960
198.708, 84176
198.714, 84176
198.716, 83960
198.719, 83960
198.721, 83960
198.723, 83960
198.727, 83744
198.728, 83744
198.73, 83744
198.736, 83744
198.739, 83744
198.74, 83744
198.741, 83960
198.743, 83960
198.744, 83960
198.747, 83960
198.758, 83744
198.764, 83744
198.785, 83744
198.789, 83744
198.798, 83744
198.8, 83744
198.801, 83960
198.803, 83960
198.806, 83960
198.808, 83960
198.809, 83744
198.81, 83744
198.812, 83744
198.813, 83744
198.815, 83528
198.822, 83528
198.84, 83960
198.842, 83960
198.844, 83960
198.847, 83960
198.848, 83960
198.851, 83960
198.852, 83960
198.854, 83960
198.856, 83960
198.858, 83960
198.859, 83960
198.86, 83960
198.861, 83960
198.862, 83960
198.864, 83960
198.865, 83960
198.866, 83960
198.868, 83960
198.869, 84176
198.87, 84176
198.872, 84176
198.873, 84176
198.874, 84176
198.876, 84176
198.88, 83960
198.887, 83960
198.89, 83960
198.894, 83960
198.896, 83960
198.899, 83960
198.9, 83960
198.902, 83960
198.904, 83960
198.907, 83960
198.908, 83960
198.913, 83744
198.914, 83744
198.915, 83744
198.921, 83744
198.935, 83744
198.944, 83528
198.958, 83312
198.964, 83312
198.969, 83312
198.976, 83312
198.977, 83312
198.979, 83312
198.981, 83312
198.983, 83312
198.985, 83312
198.986, 83312
198.987, 83312
198.989, 83312
198.99, 83312
198.991, 83312
198.993, 83312
198.994, 83312
198.995, 83312
198.997, 83312
198.998, 83312
199.001, 83312
199.002, 83312
199.004, 83312
199.005, 83312
199.006, 83528
199.007, 83528
199.008, 83528
199.009, 83528
199.011, 83528
199.012, 83528
199.013, 83528
199.014, 83312
199.016, 83312
199.017, 83312
199.019, 83312
199.022, 83744
199.024, 83744
199.025, 83744
199.026, 83744
199.028, 83744
199.029, 83744
199.031, 83744
199.032, 83960
199.033, 83960
199.034, 83960
199.035, 83960
199.036, 83960
199.038, 83960
199.039, 83960
199.04, 83744
199.041, 83744
199.042, 83744
199.043, 83744
199.045, 83744
199.046, 83744
199.047, 83744
199.049, 83960
199.05, 83960
199.051, 83960
199.053, 83960
199.054, 83960
199.056, 83960
199.057, 84392
199.058, 84392
199.059, 84392
199.061, 84392
199.066, 84608
199.067, 84608
199.068, 84608
199.07, 84608
199.071, 84608
199.072, 84608
199.074, 85040
199.075, 85040
199.076, 85040
199.078, 85040
199.081, 85040
199.082, 85256
199.084, 85256
199.085, 85256
199.086, 85256
199.087, 85256
199.089, 85256
199.09, 85256
199.093, 85040
199.095, 85040
199.097, 85040
199.099, 85040
199.1, 85040
199.101, 85040
199.102, 85040
199.103, 85040
199.105, 85040
199.106, 85040
199.107, 85040
199.108, 85256
199.109, 85256
199.111, 85256
199.112, 85256
199.113, 85256
199.116, 85256
199.118, 85256
199.122, 85256
199.126, 85040
199.128, 85040
199.129, 85040
199.13, 85040
199.131, 85040
199.132, 85040
199.133, 85040
199.134, 85040
199.139, 85040
199.141, 85040
199.152, 84608
199.155, 84608
199.166, 84392
199.174, 84176
199.177, 84176
199.178, 84176
199.18, 84176
199.185, 83960
199.187, 83960
199.189, 83960
199.19, 83960
199.194, 83960
199.198, 83960
199.201, 83960
199.203, 83960
199.208, 83960
199.211, 83960
199.221, 83744
199.224, 83744
199.228, 83744
199.232, 83744
199.233, 83744
199.234, 83744
199.236, 83960
199.238, 83960
199.246, 83744
199.255, 83744
199.26, 83744
199.262, 83960
199.265, 83960
199.267, 83960
199.27, 83744
199.272, 83744
199.284, 83744
199.293, 83744
199.295, 83744
199.307, 83960
199.309, 83960
199.316, 83960
199.319, 83960
199.33, 83960
199.34, 83960
199.346, 83960
199.348, 83960
199.35, 83960
199.353, 83960
199.358, 83960
199.36, 83960
199.361, 83960
199.363, 83960
199.364, 83960
199.365, 83960
199.367, 83960
199.374, 83744
199.377, 83744
199.38, 83744
199.382, 83960
199.388, 83960
199.391, 83960
199.395, 83744
199.402, 83744
199.403, 83744
199.41, 83960
199.423, 83744
199.429, 83744
199.434, 83744
199.436, 83744
199.437, 83744
199.439, 83744
199.449, 83960
199.452, 83960
199.454, 83960
199.468, 84176
199.472, 84176
199.474, 84176
199.478, 84176
199.48, 84176
199.484, 84176
199.49, 84176
199.497, 83960
199.505, 83960
199.507, 83960
199.511, 83744
199.514, 83744
199.516, 83744
199.522, 83528
199.529, 83744
199.532, 83744
199.535, 83960
199.537, 83960
199.538, 83960
199.54, 83960
199.541, 83960
199.544, 84176
199.549, 84176
199.55, 84176
199.553, 83960
199.554, 83960
199.557, 83960
199.565, 83960
199.568, 83960
199.571, 83744
199.578, 83528
199.58, 83528
199.583, 83528
199.586, 83960
199.588, 83960
199.589, 83960
199.591, 83960
199.597, 83744
199.599, 83744
199.6, 83744
199.602, 83744
199.607, 83960
199.61, 83960
199.616, 84176
199.617, 84176
199.619, 84176
199.62, 84392
199.627, 84392
199.635, 84392
199.644, 84608
199.645, 84608
199.656, 84608
199.661, 84608
199.663, 84608
199.664, 84608
199.665, 84608
199.666, 84608
199.667, 84608
199.669, 84608
199.67, 84608
199.673, 84176
199.681, 83960
199.686, 83960
199.689, 83960
199.691, 83960
199.692, 83960
199.7, 83744
199.711, 83744
199.715, 83744
199.719, 83744
199.72, 83744
199.728, 83744
199.731, 83744
199.733, 83744
199.736, 83744
199.749, 83744
199.75, 83744
199.751, 83744
199.753, 83744
199.754, 83744
199.755, 83744
199.757, 83744
199.758, 83744
199.759, 83744
199.761, 83744
199.762, 83744
199.764, 83744
199.765, 83528
199.772, 83744
199.779, 83744
199.783, 83744
199.786, 83744
199.788, 83744
199.79, 83744
199.792, 83960
199.793, 83960
199.794, 83960
199.796, 83960
199.797, 83960
199.799, 83960
199.8, 83744
199.801, 83744
199.802, 83744
199.803, 83744
199.805, 83744
199.806, 83744
199.807, 83744
199.808, 83312
199.81, 83312
199.811, 83312
199.812, 83312
199.813, 83312
199.814, 83312
199.816, 83312
199.817, 83096
199.818, 83096
199.82, 83096
199.821, 83096
199.824, 83096
199.836, 83528
199.838, 83528
199.839, 83528
199.84, 83528
199.841, 83528
199.843, 83744
199.844, 83744
199.845, 83744
199.846, 83744
199.848, 83744
199.849, 83744
199.85, 83960
199.852, 83960
199.853, 83960
199.866, 83744
199.868, 83528
199.87, 83528
199.875, 83528
199.885, 83528
199.887, 83528
199.888, 83528
199.89, 83528
199.895, 83528
199.897, 83528
199.905, 83528
199.912, 83528
199.914, 83528
199.915, 83528
199.917, 83528
199.918, 83528
199.919, 83528
199.92, 83528
199.922, 83528
199.923, 83528
199.924, 83528
199.926, 83528
199.927, 83312
199.929, 83312
199.932, 83312
199.935, 83528
199.938, 83528
199.943, 83528
199.945, 83312
199.947, 83312
199.948, 83312
199.949, 83312
199.95, 83312
199.966, 83312
199.972, 83312
199.977, 83312
199.979, 83528
199.981, 83528
199.983, 83528
199.985, 83528
199.986, 83528
199.988, 83312
199.989, 83312
199.991, 83312
199.995, 83312
199.999, 83312
200, 83312
200.002, 83312
200.003, 83312
200.007, 83096
200.017, 83312
200.019, 83312
200.021, 83312
200.022, 83312
200.024, 83312
200.025, 83312
200.026, 83312
200.028, 83312
200.029, 83312
200.03, 83096
200.031, 83096
200.033, 83096
200.035, 83096
200.043, 83096
200.048, 83096
200.05, 83096
200.051, 83096
200.052, 83096
200.054, 83096
200.056, 83096
200.057, 83096
200.058, 83096
200.061, 83096
200.063, 83096
200.064, 82880
200.065, 82880
200.066, 82880
200.068, 82880
200.069, 82880
200.07, 82880
200.071, 82880
200.073, 82664
200.074, 82664
200.075, 82664
200.077, 82664
200.078, 82664
200.079, 82664
200.08, 82664
200.082, 82664
200.083, 82664
200.085, 82664
200.086, 82664
200.087, 82664
200.088, 82664
200.089, 82448
200.091, 82448
200.093, 82448
200.095, 82448
200.096, 82448
200.097, 82448
200.098, 82448
200.099, 82448
200.101, 82448
200.102, 82448
200.103, 82448
200.104, 82448
200.106, 82448
200.107, 82448
200.108, 82448
200.109, 82448
200.11, 82448
200.112, 82448
200.113, 82448
200.114, 82448
200.115, 82448
200.116, 82448
200.117, 82448
200.119, 82448
200.12, 82448
200.121, 82448
200.122, 82448
200.123, 82448
200.124, 82448
200.125, 82448
200.127, 82448
200.128, 82448
200.129, 82448
200.13, 82448
200.131, 82448
200.132, 82664
200.133, 82664
200.134, 82664
200.136, 82664
200.137, 82664
200.138, 82664
200.139, 82664
200.14, 82664
200.141, 82664
200.142, 82664
200.144, 82664
200.145, 82664
200.146, 82664
200.147, 82664
200.148, 82664
200.149, 82664
200.15, 82664
200.151, 82664
200.153, 82664
200.154, 82664
200.155, 82664
200.156, 82664
200.157, 82664
200.158, 82880
200.159, 82880
200.16, 82880
200.162, 82880
200.163, 82880
200.164, 82880
200.165, 82880
200.166, 82880
200.167, 82880
200.168, 82880
200.17, 82880
200.171, 82880
200.172, 82880
200.173, 82880
200.174, 82880
200.175, 82664
200.176, 82664
200.178, 82664
200.179, 82664
200.18, 82664
200.181, 82664
200.182, 82664
200.184, 82880
200.185, 82880
200.186, 82880
200.187, 82880
200.188, 82880
200.19, 82880
200.191, 82880
200.192, 82664
200.193, 82664
200.194, 82664
200.196, 82664
200.197, 82664
200.198, 82664
200.199, 82664
200.2, 82880
200.202, 82880
200.203, 82880
200.204, 82880
200.205, 82880
200.206, 82880
200.207, 82880
200.208, 82880
200.21, 82880
200.211, 82880
200.212, 82880
200.213, 82880
200.214, 82880
200.215, 82880
200.216, 82880
200.218, 83096
200.219, 83096
200.22, 83096
200.221, 83096
200.222, 83096
200.223, 83096
200.224, 83096
200.226, 83096
200.227, 83096
200.228, 83096
200.229, 83096
200.23, 83096
200.231, 83096
200.233, 83096
200.234, 83096
200.235, 83096
200.236, 83096
200.237, 83096
200.239, 83096
200.24, 83096
200.241, 83096
200.242, 83096
200.243, 83312
200.245, 83312
200.246, 83312
200.247, 83312
200.248, 83312
200.249, 83312
200.25, 83312
200.252, 83528
200.253, 83528
200.254, 83528
200.255, 83528
200.257, 83528
200.258, 83528
200.259, 83528
200.26, 83744
200.261, 83744
200.262, 83744
200.264, 83744
200.265, 83744
200.266, 83744
200.267, 83744
200.268, 83744
200.27, 83744
200.271, 83744
200.272, 83744
200.273, 83744
200.275, 83744
200.276, 83744
200.277, 83744
200.278, 83744
200.279, 83744
200.28, 83744
200.282, 83744
200.283, 83744
200.284, 83744
200.285, 83528
200.287, 83528
200.289, 83528
200.29, 83528
200.293, 83528
200.294, 83744
200.295, 83744
200.297, 83744
200.298, 83744
200.3, 83744
200.301, 83744
200.302, 83744
200.303, 83960
200.305, 83960
200.306, 83960
200.307, 83960
200.308, 83960
200.309, 83960
200.31, 83960
200.311, 83744
200.313, 83744
200.314, 83744
200.315, 83744
200.316, 83744
200.317, 83744
200.318, 83744
200.319, 83744
200.321, 83744
200.322, 83744
200.323, 83744
200.324, 83744
200.325, 83744
200.326, 83744
200.327, 83744
200.329, 83744
200.33, 83744
200.331, 83744
200.332, 83744
200.333, 83744
200.334, 83744
200.335, 83744
200.337, 83528
200.338, 83528
200.339, 83528
200.34, 83528
200.341, 83528
200.342, 83528
200.343, 83528
200.345, 83528
200.346, 83528
200.347, 83528
200.348, 83528
200.349, 83528
200.35, 83528
200.351, 83528
200.353, 83528
200.354, 83528
200.355, 83528
200.356, 83528
200.357, 83528
200.358, 83528
200.359, 83528
200.361, 83528
200.362, 83528
200.363, 83528
200.364, 83528
200.365, 83528
200.366, 83528
200.368, 83528
200.369, 83528
200.37, 83528
200.371, 83528
200.372, 83528
200.373, 83528
200.375, 83528
200.376, 83528
200.377, 83528
200.378, 83528
200.379, 83312
200.38, 83312
200.381, 83312
200.383, 83312
200.384, 83312
200.385, 83312
200.386, 83312
200.387, 83312
200.388, 83312
200.389, 83312
200.391, 83312
200.392, 83312
200.393, 83312
200.394, 83312
200.395, 83312
200.396, 83312
200.397, 83312
200.399, 83312
200.4, 83312
200.401, 83312
200.402, 83312
200.403, 83312
200.405, 83312
200.406, 83312
200.407, 83312
200.408, 83312
200.409, 83312
200.41, 83312
200.411, 83312
200.413, 83312
200.414, 83312
200.415, 83312
200.416, 83312
200.42, 83312
200.428, 83312
200.43, 83312
200.434, 83744
200.435, 83744
200.437, 83744
200.438, 83744
200.439, 83960
200.441, 83960
200.442, 83960
200.443, 83960
200.444, 83960
200.445, 83960
200.447, 83960
200.448, 83960
200.449, 83960
200.45, 83960
200.451, 83960
200.452, 83960
200.453, 83960
200.455, 83960
200.456, 83960
200.457, 84176
200.458, 84176
200.459, 84176
200.46, 84176
200.461, 84176
200.463, 84176
200.464, 84176
200.465, 84176
200.466, 84176
200.467, 84176
200.468, 84176
200.469, 84176
200.471, 84176
200.472, 84176
200.473, 84176
200.474, 83960
200.475, 83960
200.476, 83960
200.477, 83960
200.479, 83960
200.48, 83960
200.481, 83960
200.482, 83960
200.483, 83960
200.484, 83960
200.485, 83960
200.487, 83960
200.488, 83960
200.489, 83960
200.49, 83960
200.491, 83960
200.492, 83960
200.494, 83960
200.495, 83960
200.496, 83960
200.497, 83960
200.498, 83960
200.499, 83744
200.5, 83744
200.501, 83744
200.503, 83744
200.504, 83744
200.505, 83744
200.506, 83744
200.507, 83744
200.508, 83744
200.509, 83744
200.511, 83744
200.512, 83744
200.513, 83744
200.514, 83744
200.515, 83744
200.516, 83744
200.517, 83744
200.519, 83744
200.52, 83744
200.521, 83744
200.522, 83744
200.523, 83744
200.524, 83744
200.525, 83744
200.527, 83744
200.528, 83744
200.529, 83744
200.53, 83744
200.531, 83744
200.532, 83744
200.534, 83744
200.535, 83744
200.536, 83744
200.538, 83744
200.539, 83744
200.54, 83744
200.541, 83744
200.542, 83744
200.543, 83744
200.545, 83744
200.546, 83744
200.547, 83744
200.551, 83744
200.553, 83744
200.554, 83744
200.555, 83744
200.557, 83744
200.559, 83744
200.56, 83744
200.561, 83744
200.563, 83744
200.564, 83744
200.565, 83744
200.567, 83744
200.568, 83744
200.569, 83744
200.57, 83744
200.571, 83744
200.573, 83744
200.574, 83744
200.575, 83744
200.576, 83960
200.577, 83960
200.578, 83960
200.58, 83960
200.581, 83960
200.582, 83960
200.583, 83960
200.584, 83960
200.586, 83960
200.587, 83960
200.588, 83960
200.589, 83960
200.59, 83960
200.595, 83960
200.596, 83960
200.598, 83960
200.599, 83960
200.601, 83960
200.603, 83960
200.605, 83960
200.606, 83960
200.608, 83960
200.609, 83960
200.61, 83960
200.612, 83960
200.613, 83960
200.615, 83960
200.616, 83960
200.617, 83960
200.619, 83960
200.62, 83960
200.621, 83960
200.622, 83960
200.624, 83960
200.625, 83960
200.626, 83960
200.627, 83960
200.629, 83960
200.63, 83960
200.631, 83960
200.632, 83960
200.634, 83960
200.636, 83960
200.637, 83960
200.638, 83960
200.64, 83960
200.641, 83960
200.642, 83960
200.644, 84176
200.65, 84176
200.652, 84176
200.653, 84392
200.654, 84392
200.655, 84392
200.656, 84392
200.658, 84392
200.659, 84392
200.66, 84392
200.661, 84392
200.662, 84392
200.664, 84392
200.665, 84392
200.666, 84392
200.667, 84392
200.669, 84392
200.67, 84176
200.671, 84176
200.672, 84176
200.675, 84176
200.676, 84392
200.686, 84392
200.687, 84392
200.689, 84392
200.691, 84392
200.693, 84392
200.694, 84392
200.702, 84392
200.703, 84392
200.705, 84608
200.706, 84608
200.708, 84608
200.709, 84608
200.71, 84608
200.712, 84608
200.713, 84608
200.714, 84608
200.716, 84608
200.717, 84608
200.718, 84608
200.719, 84608
200.721, 84608
200.722, 84608
200.723, 84608
200.725, 84608
200.726, 84608
200.727, 84608
200.728, 84608
200.73, 84608
200.731, 84608
200.732, 84608
200.733, 84608
200.735, 84608
200.736, 84608
200.737, 84608
200.739, 84608
200.74, 84608
200.741, 84608
200.742, 84608
200.744, 84608
200.745, 84608
200.746, 84608
200.748, 84608
200.749, 84608
200.75, 84608
200.751, 84608
200.753, 84608
200.754, 84608
200.756, 84608
200.757, 84608
200.758, 84608
200.759, 84608
200.761, 84608
200.762, 84608
200.763, 84392
200.765, 84392
200.766, 84392
200.767, 84392
200.769, 84392
200.77, 84392
200.771, 84392
200.772, 84392
200.774, 84392
200.775, 84392
200.776, 84392
200.777, 84392
200.779, 84392
200.78, 84392
200.781, 84392
200.782, 84392
200.784, 84392
200.785, 84392
200.786, 84392
200.787, 84392
200.789, 84392
200.79, 84392
200.791, 84392
200.792, 84392
200.793, 84392
200.795, 84392
200.796, 84392
200.797, 84392
200.798, 84176
200.799, 84176
200.8, 84176
200.801, 84176
200.803, 84176
200.804, 84176
200.805, 84176
200.806, 83960
200.807, 83960
200.808, 83960
200.809, 83960
200.811, 83960
200.812, 83960
200.813, 83960
200.814, 83960
200.815, 83960
200.816, 83960
200.818, 83960
200.819, 83960
200.82, 83960
200.821, 83960
200.822, 83960
200.823, 83744
200.824, 83744
200.826, 83744
200.827, 83744
200.828, 83744
200.829, 83744
200.83, 83744
200.831, 83744
200.833, 83744
200.834, 83744
200.835, 83744
200.836, 83744
200.837, 83744
200.838, 83744
200.839, 83744
200.841, 83744
200.842, 83744
200.843, 83744
200.844, 83744
200.845, 83744
200.846, 83744
200.848, 83744
200.849, 83744
200.85, 83744
200.851, 83744
200.852, 83744
200.853, 83744
200.855, 83744
200.856, 83744
200.857, 83744
200.858, 83744
200.859, 83744
200.86, 83744
200.861, 83744
200.863, 83744
200.864, 83744
200.865, 83744
200.866, 83744
200.867, 83744
200.868, 83744
200.869, 83744
200.871, 83744
200.872, 83744
200.873, 83744
200.874, 83744
200.875, 83744
200.876, 83744
200.878, 83744
200.879, 83744
200.88, 83744
200.881, 83744
200.882, 83744
200.883, 83744
200.884, 83744
200.886, 83744
200.887, 83744
200.888, 83744
200.889, 83744
200.89, 83744
200.891, 83744
200.893, 83744
200.894, 83744
200.895, 83744
200.896, 83744
200.897, 83744
200.898, 83744
200.9, 83744
200.901, 83744
200.902, 83744
200.903, 83744
200.904, 83744
200.905, 83744
200.907, 83744
200.908, 83744
200.909, 83744
200.91, 83744
200.911, 83744
200.912, 83744
200.913, 83744
200.915, 83744
200.916, 83744
200.917, 83744
200.918, 83744
200.919, 83744
200.92, 83744
200.922, 83744
200.923, 83744
200.924, 83744
200.925, 83744
200.926, 83960
200.927, 83960
200.929, 83960
200.93, 83960
200.931, 83960
200.932, 83960
200.933, 83960
200.934, 83960
200.936, 83960
200.937, 83960
200.938, 83960
200.939, 83960
200.94, 83960
200.941, 83960
200.942, 83960
200.944, 83960
200.945, 83960
200.946, 83960
200.947, 83960
200.948, 83960
200.949, 83960
200.951, 83960
200.952, 83960
200.953, 83960
200.954, 83960
200.955, 83960
200.956, 83960
200.958, 83960
200.959, 83960
200.96, 83960
200.961, 83960
200.962, 83960
200.963, 83960
200.964, 83960
200.966, 83960
200.967, 83960
200.968, 83960
200.969, 83960
200.97, 83960
200.971, 83960
200.972, 83960
200.974, 83960
200.975, 83960
200.976, 83960
200.977, 83960
200.978, 83960
200.979, 83960
200.98, 83960
200.982, 83960
200.983, 83960
200.984, 83960
200.985, 83960
200.986, 83960
200.987, 83960
200.988, 83960
200.99, 83960
200.991, 83960
200.992, 83960
201.006, 83960
201.008, 83960
201.01, 83960
201.012, 84176
201.014, 84176
201.025, 84392
201.027, 84392
201.028, 84392
201.029, 84392
201.03, 84392
201.032, 84392
201.033, 84392
201.034, 84392
201.036, 84392
201.037, 84608
201.038, 84608
201.039, 84608
201.041, 84608
201.042, 84608
201.05, 84608
201.052, 84608
201.054, 84608
201.055, 84608
201.065, 84392
201.067, 84392
201.068, 84392
201.069, 84392
201.07, 84392
201.072, 84392
201.073, 84392
201.074, 84392
201.075, 84392
201.076, 84392
201.078, 84392
201.079, 84608
201.08, 84608
201.081, 84608
201.083, 84608
201.084, 84608
201.085, 84608
201.086, 84608
201.087, 84608
201.088, 84392
201.09, 84392
201.091, 84392
201.092, 84392
201.093, 84392
201.094, 84392
201.096, 84392
201.097, 84176
201.098, 84176
201.099, 84176
201.1, 84176
201.102, 84176
201.103, 84176
201.104, 84176
201.106, 84176
201.108, 84176
201.109, 84176
201.11, 84176
201.112, 84176
201.113, 84176
201.115, 84176
201.116, 84176
201.118, 84176
201.119, 84176
201.12, 84176
201.122, 84392
201.123, 84392
201.124, 84392
201.125, 84392
201.126, 84392
201.128, 84392
201.129, 84392
201.131, 84176
201.132, 84176
201.133, 84176
201.134, 84176
201.136, 84176
201.137, 84176
201.138, 84176
201.139, 84176
201.141, 84176
201.142, 84176
201.143, 84176
201.144, 84176
201.145, 84176
201.147, 84176
201.148, 84176
201.149, 84176
201.151, 84176
201.152, 84176
201.153, 84176
201.154, 84176
201.156, 84176
201.158, 84176
201.159, 84176
201.16, 84176
201.162, 84176
201.163, 84176
201.164, 84176
201.165, 84176
201.167, 84176
201.168, 84176
201.169, 84176
201.17, 84176
201.172, 84176
201.173, 84176
201.174, 84176
201.175, 84176
201.177, 84176
201.178, 84176
201.179, 84176
201.18, 84176
201.182, 84176
201.183, 84176
201.184, 84176
201.185, 84176
201.187, 84176
201.188, 84176
201.189, 84176
201.19, 84176
201.192, 84176
201.193, 84176
201.194, 84176
201.195, 84176
201.197, 84176
201.198, 84176
201.199, 84176
201.201, 84176
201.202, 84176
201.203, 84176
201.204, 84176
201.206, 84176
201.207, 84176
201.208, 84176
201.209, 84176
201.21, 84176
201.212, 84176
201.213, 84176
201.214, 84176
201.215, 84176
201.216, 83960
201.217, 83960
201.218, 83960
201.22, 83960
201.221, 83960
201.222, 83960
201.223, 83960
201.224, 83960
201.225, 83960
201.226, 83960
201.227, 83960
201.229, 83960
201.23, 83960
201.231, 83960
201.232, 83960
201.233, 83960
201.234, 83960
201.235, 83960
201.237, 83960
201.238, 83960
201.239, 83960
201.24, 83960
201.241, 83960
201.242, 83960
201.243, 83960
201.245, 83960
201.246, 83960
201.247, 83960
201.248, 83960
201.249, 83960
201.25, 83960
201.251, 83960
201.253, 83960
201.254, 83960
201.255, 83960
201.256, 83960
201.257, 83960
201.258, 83960
201.259, 83960
201.26, 83960
201.262, 83960
201.263, 83960
201.264, 83960
201.265, 83960
201.266, 83960
201.267, 83960
201.268, 83960
201.27, 83960
201.271, 83960
201.272, 83960
201.273, 83960
201.274, 83960
201.276, 84176
201.277, 84176
201.278, 84176
201.279, 84176
201.28, 84176
201.281, 84176
201.282, 84176
201.283, 84176
201.285, 84176
201.286, 84176
201.287, 84176
201.288, 84176
201.29, 84176
201.291, 84176
201.292, 84176
201.293, 84176
201.294, 84176
201.296, 84176
201.297, 84176
201.298, 84176
201.299, 84176
201.3, 84176
201.301, 83960
201.302, 83960
201.304, 83960
201.305, 83960
201.306, 83960
201.307, 83960
201.308, 83960
201.309, 83960
201.31, 83960
201.312, 83960
201.313, 83960
201.314, 83960
201.315, 83960
201.316, 83960
201.317, 83960
201.318, 84176
201.32, 84176
201.321, 84176
201.322, 84176
201.323, 84176
201.324, 84176
201.325, 84176
201.327, 83960
201.328, 83960
201.329, 83960
201.33, 83960
201.331, 83960
201.332, 83960
201.333, 83960
201.335, 83960
201.336, 83960
201.337, 83960
201.338, 83960
201.339, 83960
201.34, 83960
201.341, 83960
201.343, 83960
201.344, 83960
201.345, 83960
201.346, 83960
201.347, 83960
201.348, 83960
201.349, 83960
201.351, 83960
201.352, 83960
201.353, 83960
201.354, 83960
201.355, 83960
201.356, 83960
201.357, 83960
201.359, 83960
201.36, 83960
201.361, 83960
201.362, 83960
201.363, 83960
201.364, 83960
201.365, 83960
201.367, 83960
201.368, 83960
201.369, 83960
201.37, 83960
201.371, 83960
201.372, 83960
201.373, 83960
201.375, 83960
201.376, 83960
201.377, 83960
201.378, 83960
201.379, 83960
201.38, 83960
201.381, 83960
201.383, 83960
201.384, 83960
201.385, 83960
201.386, 83960
201.387, 83960
201.388, 83960
201.389, 83960
201.391, 83960
201.392, 83960
201.393, 83960
201.394, 83960
201.395, 83960
201.396, 83960
201.398, 83960
201.399, 83960
201.4, 83960
201.401, 83960
201.402, 83960
201.403, 83960
201.404, 83960
201.406, 83960
201.407, 83960
201.408, 83960
201.409, 83960
201.41, 83960
201.411, 83960
201.412, 83960
201.414, 83960
201.415, 83960
201.416, 83960
201.417, 83960
201.418, 83960
201.419, 83960
201.42, 83960
201.422, 83960
201.423, 83960
201.424, 83960
201.425, 83960
201.426, 83960
201.427, 83960
201.428, 83960
201.43, 83960
201.431, 83960
201.432, 83960
201.433, 83960
201.434, 83960
201.435, 83960
201.436, 83960
201.438, 83960
201.439, 83960
201.44, 83960
201.441, 83960
201.442, 83960
201.443, 83960
201.444, 83960
201.446, 83960
201.447, 84176
201.448, 84176
201.449, 84176
201.45, 84176
201.451, 84176
201.452, 84176
201.454, 84176
201.455, 84176
201.456, 84176
201.457, 84176
201.458, 84176
201.459, 84176
201.461, 84176
201.462, 84176
201.463, 84176
201.464, 83960
201.465, 83960
201.466, 83960
201.467, 83960
201.469, 83960
201.47, 83960
201.471, 83960
201.472, 84176
201.473, 84176
201.474, 84176
201.475, 84176
201.477, 84176
201.478, 84176
201.479, 84176
201.48, 83960
201.481, 83960
201.482, 83960
201.483, 83960
201.484, 83960
201.486, 83960
201.487, 83960
201.488, 83960
201.489, 83960
201.49, 83960
201.491, 83960
201.492, 83960
201.494, 83960
201.495, 83960
201.496, 83960
201.497, 83960
201.498, 83960
201.499, 83960
201.5, 83960
201.501, 83960
201.503, 83960
201.504, 83960
201.505, 83960
201.506, 83960
201.507, 83960
201.508, 83960
201.522, 83960
201.534, 84392
201.535, 84392
201.537, 84392
201.538, 84392
201.539, 84392
201.54, 84608
201.541, 84608
201.543, 84608
201.544, 84608
201.545, 84608
201.546, 84608
201.548, 84608
201.549, 84608
201.55, 84608
201.552, 84608
201.553, 84608
201.555, 84608
201.556, 84608
201.557, 84824
201.559, 84824
201.56, 84824
201.561, 84824
201.563, 84824
201.564, 84824
201.565, 85040
201.567, 85040
201.568, 85040
201.569, 85040
201.57, 85040
201.572, 85040
201.573, 85040
201.574, 84824
201.575, 84824
201.576, 84824
201.578, 84824
201.579, 84824
201.58, 84824
201.581, 84824
201.583, 84824
201.584, 84824
201.585, 84824
201.586, 84824
201.588, 84824
201.589, 84824
201.59, 84824
201.591, 84824
201.593, 84824
201.594, 84824
201.595, 84824
201.597, 84824
201.598, 84824
201.599, 84824
201.601, 84608
201.602, 84608
201.603, 84608
201.604, 84608
201.605, 84608
201.607, 84608
201.608, 84608
201.609, 84608
201.611, 84608
201.612, 84608
201.613, 84608
201.614, 84608
201.616, 84608
201.617, 84608
201.618, 84608
201.619, 84608
201.621, 84608
201.622, 84608
201.623, 84608
201.625, 84608
201.626, 84392
201.627, 84392
201.629, 84392
201.63, 84392
201.631, 84392
201.632, 84392
201.634, 84392
201.635, 84392
201.636, 84392
201.638, 84392
201.639, 84392
201.64, 84392
201.641, 84392
201.643, 84392
201.644, 84392
201.645, 84392
201.647, 84392
201.648, 84392
201.649, 84392
201.651, 84392
201.652, 84392
201.653, 84392
201.654, 84392
201.655, 84392
201.657, 84392
201.658, 84392
201.659, 84392
201.66, 84176
201.661, 84176
201.662, 84176
201.663, 84176
201.665, 84176
201.666, 84176
201.667, 84176
201.668, 83960
201.669, 83960
201.67, 83960
201.671, 83960
201.673, 83960
201.674, 83960
201.675, 83960
201.676, 83960
201.677, 83744
201.678, 83744
201.679, 83744
201.681, 83744
201.682, 83744
201.683, 83744
201.684, 83744
201.685, 83744
201.686, 83744
201.687, 83744
201.689, 83744
201.69, 83744
201.691, 83744
201.692, 83744
201.693, 83744
201.694, 83528
201.696, 83528
201.697, 83528
201.698, 83528
201.699, 83528
201.701, 83528
201.706, 83528
201.707, 83528
201.709, 83528
201.71, 83528
201.711, 83312
201.713, 83312
201.714, 83312
201.715, 83312
201.717, 83312
201.718, 83312
201.719, 83312
201.72, 83312
201.721, 83312
201.722, 83312
201.724, 83312
201.725, 83312
201.726, 83312
201.727, 83312
201.729, 83312
201.73, 83312
201.731, 83312
201.732, 83312
201.734, 83312
201.735, 83312
201.736, 83312
201.737, 83312
201.738, 83312
201.74, 83312
201.741, 83312
201.742, 83312
201.743, 83312
201.744, 83312
201.745, 83096
201.747, 83096
201.748, 83096
201.749, 83096
201.75, 83096
201.751, 83096
201.752, 83096
201.753, 83096
201.755, 83096
201.756, 83096
201.757, 83096
201.758, 83096
201.759, 83096
201.76, 83096
201.761, 83096
201.763, 83096
201.764, 83096
201.765, 83096
201.766, 83096
201.767, 83096
201.768, 83096
201.769, 83096
201.771, 83096
201.772, 83096
201.773, 83096
201.774, 83096
201.775, 83096
201.776, 83096
201.777, 83096
201.779, 83096
201.78, 83312
201.781, 83312
201.782, 83312
201.783, 83312
201.784, 83312
201.785, 83312
201.786, 83312
201.788, 83312
201.789, 83312
201.79, 83312
201.791, 83312
201.792, 83312
201.793, 83312
201.794, 83312
201.796, 83312
201.797, 83312
201.798, 83312
201.799, 83312
201.8, 83312
201.801, 83312
201.802, 83312
201.804, 83312
201.805, 83528
201.806, 83528
201.807, 83528
201.808, 83528
201.809, 83528
201.81, 83528
201.811, 83528
201.813, 83528
201.814, 83528
201.815, 83528
201.816, 83528
201.817, 83528
201.818, 83528
201.819, 83528
201.82, 83528
201.822, 83528
201.823, 83528
201.824, 83528
201.825, 83528
201.826, 83528
201.827, 83528
201.828, 83528
201.83, 83528
201.831, 83528
201.832, 83528
201.833, 83528
201.834, 83528
201.835, 83528
201.837, 83528
201.838, 83528
201.839, 83312
201.84, 83312
201.841, 83312
201.842, 83312
201.843, 83312
201.844, 83312
201.846, 83312
201.847, 83312
201.848, 83312
201.849, 83312
201.85, 83312
201.851, 83312
201.852, 83312
201.854, 83312
201.855, 83312
201.856, 83312
201.857, 83312
201.858, 83312
201.859, 83312
201.86, 83312
201.862, 83312
201.863, 83312
201.864, 83312
201.865, 83096
201.866, 83096
201.867, 83096
201.868, 83096
201.87, 83096
201.871, 83096
201.872, 83096
201.873, 83312
201.874, 83312
201.876, 83312
201.877, 83312
201.878, 83312
201.879, 83312
201.88, 83312
201.881, 83312
201.882, 83312
201.884, 83312
201.885, 83312
201.886, 83312
201.887, 83312
201.888, 83312
201.889, 83312
201.891, 83528
201.892, 83528
201.893, 83528
201.894, 83528
201.895, 83528
201.896, 83528
201.897, 83528
201.899, 83528
201.9, 83528
201.901, 83528
201.902, 83528
201.903, 83528
201.904, 83528
201.906, 83528
201.907, 83528
201.908, 83528
201.909, 83528
201.91, 83528
201.911, 83528
201.912, 83528
201.914, 83528
201.915, 83528
201.916, 83528
201.917, 83528
201.918, 83528
201.919, 83528
201.92, 83528
201.922, 83528
201.923, 83528
201.924, 83528
201.925, 83528
201.926, 83528
201.927, 83528
201.928, 83528
201.93, 83528
201.931, 83528
201.932, 83528
201.933, 83528
201.934, 83528
201.935, 83528
201.936, 83528
201.937, 83528
201.939, 83528
201.94, 83528
201.941, 83312
201.942, 83312
201.943, 83312
201.944, 83312
201.945, 83312
201.947, 83312
201.948, 83312
201.949, 83312
201.95, 83312
201.951, 83312
201.952, 83312
201.953, 83312
201.955, 83312
201.956, 83312
201.957, 83312
201.958, 83312
201.959, 83312
201.96, 83312
201.961, 83312
201.963, 83312
201.964, 83312
201.965, 83312
201.966, 83312
201.967, 83312
201.968, 83312
201.969, 83312
201.971, 83312
201.972, 83312
201.973, 83312
201.974, 83312
201.975, 83312
201.976, 83312
201.977, 83312
201.979, 83312
201.98, 83312
201.981, 83312
201.982, 83312
201.983, 83312
201.984, 83096
201.985, 83096
201.987, 83096
201.988, 83096
201.989, 83096
201.99, 83096
201.991, 83096
201.992, 83096
201.993, 83096
201.994, 83096
201.996, 83096
201.997, 83096
201.998, 83096
201.999, 83096
202, 83096
202.001, 83096
202.002, 83096
202.004, 83096
202.005, 83096
202.006, 83096
202.007, 83096
202.008, 83096
202.009, 83312
202.01, 83312
202.012, 83312
202.013, 83312
202.014, 83312
202.015, 83312
202.016, 83312
202.017, 83312
202.018, 83096
202.019, 83096
202.021, 83096
202.022, 83096
202.023, 83096
202.024, 83096
202.025, 83096
202.026, 83096
202.027, 83096
202.029, 83096
202.03, 83096
202.031, 83096
202.032, 83096
202.033, 83096
202.034, 83096
202.035, 83312
202.036, 83312
202.038, 83312
202.039, 83312
202.04, 83312
202.041, 83312
202.042, 83312
202.043, 83096
202.044, 83096
202.046, 83096
202.047, 83096
202.048, 83096
202.049, 83096
202.05, 83096
202.051, 83096
202.052, 83096
202.054, 83096
202.055, 83096
202.056, 83096
202.057, 83096
202.058, 83096
202.059, 83096
202.06, 83312
202.075, 83312
202.076, 83312
202.078, 83744
202.079, 83744
202.08, 83744
202.081, 83744
202.082, 83744
202.084, 83744
202.085, 83744
202.087, 83744
202.094, 83744
202.096, 83960
202.097, 83960
202.098, 83960
202.1, 83960
202.101, 83960
202.102, 83960
202.104, 84176
202.105, 84176
202.106, 84176
202.108, 84176
202.109, 84176
202.11, 84176
202.111, 84176
202.112, 84392
202.113, 84392
202.115, 84392
202.116, 84392
202.117, 84392
202.118, 84392
202.119, 84392
202.12, 84176
202.121, 84176
202.123, 84176
202.124, 84176
202.125, 84176
202.126, 84176
202.127, 84176
202.128, 84176
202.13, 84176
202.131, 84176
202.133, 84176
202.134, 84176
202.135, 84176
202.137, 84176
202.138, 84176
202.139, 84176
202.141, 84176
202.142, 84176
202.143, 84176
202.144, 84176
202.146, 84392
202.147, 84392
202.148, 84392
202.149, 84392
202.151, 84392
202.152, 84392
202.153, 84392
202.154, 84392
202.156, 84392
202.157, 84392
202.158, 84392
202.16, 84392
202.161, 84392
202.162, 84392
202.164, 84608
202.165, 84608
202.166, 84608
202.167, 84608
202.168, 84608
202.17, 84608
202.171, 84608
202.172, 84608
202.174, 84608
202.175, 84608
202.176, 84608
202.178, 84608
202.179, 84608
202.18, 84392
202.181, 84392
202.183, 84392
202.184, 84392
202.185, 84392
202.186, 84392
202.188, 84392
202.189, 84392
202.19, 84392
202.191, 84392
202.193, 84392
202.194, 84392
202.195, 84392
202.196, 84392
202.198, 84176
202.199, 84176
202.2, 84176
202.201, 84176
202.203, 84176
202.204, 84176
202.205, 84176
202.206, 84176
202.208, 84176
202.209, 84176
202.21, 84176
202.211, 84176
202.213, 84176
202.214, 84392
202.215, 84392
202.217, 84392
202.218, 84392
202.22, 84392
202.221, 84392
202.223, 84176
202.224, 84176
202.226, 84176
202.227, 84176
202.228, 84176
202.229, 84176
202.231, 84176
202.232, 84392
202.233, 84392
202.234, 84392
202.236, 84392
202.237, 84392
202.238, 84392
202.239, 84392
202.241, 84392
202.254, 84392
202.255, 84392
202.257, 84392
202.258, 84392
202.259, 84392
202.26, 84392
202.262, 84392
202.263, 84392
202.264, 84392
202.265, 84392
202.267, 84392
202.268, 84392
202.269, 84392
202.27, 84392
202.272, 84392
202.273, 84392
202.274, 84392
202.275, 84392
202.277, 84392
202.278, 84392
202.279, 84392
202.281, 84392
202.282, 84392
202.283, 84392
202.284, 84392
202.286, 84392
202.287, 84392
202.288, 84392
202.289, 84392
202.291, 84392
202.292, 84392
202.3, 84392
202.301, 84392
202.303, 84392
202.304, 84392
202.305, 84392
202.307, 84392
202.308, 84392
202.309, 84392
202.31, 84392
202.312, 84392
202.313, 84392
202.314, 84392
202.315, 84392
202.317, 84176
202.318, 84176
202.32, 84176
202.33, 84176
202.332, 84176
202.333, 84176
202.335, 84176
202.336, 84176
202.337, 84176
202.338, 84176
202.339, 84176
202.341, 84176
202.342, 84176
202.343, 84176
202.345, 84176
202.346, 84176
202.347, 84176
202.349, 84176
202.35, 84176
202.351, 83960
202.353, 83960
202.354, 83960
202.355, 83960
202.356, 83960
202.357, 83960
202.358, 83960
202.359, 83744
202.361, 83744
202.362, 83744
202.364, 83744
202.365, 83744
202.366, 83744
202.367, 83528
202.369, 83528
202.37, 83528
202.371, 83528
202.373, 83528
202.374, 83528
202.375, 83528
202.376, 83960
202.378, 83960
202.38, 83960
202.381, 83960
202.383, 83960
202.384, 83960
202.385, 83960
202.387, 83960
202.388, 83960
202.389, 83960
202.391, 83960
202.392, 83960
202.393, 83960
202.394, 83960
202.396, 83960
202.397, 83960
202.398, 83960
202.399, 83960
202.401, 83960
202.402, 83960
202.403, 83960
202.404, 83960
202.406, 83960
202.407, 83960
202.409, 83960
202.41, 83960
202.412, 83960
202.413, 83960
202.415, 83960
202.416, 83960
202.417, 83960
202.418, 83960
202.42, 83960
202.421, 83960
202.422, 83960
202.423, 83960
202.425, 83960
202.426, 83960
202.427, 83960
202.428, 83960
202.43, 83960
202.431, 83960
202.442, 84176
202.444, 84176
202.445, 83960
202.447, 83960
202.449, 83960
202.45, 83960
202.452, 83960
202.453, 83960
202.454, 83960
202.455, 83960
202.457, 83960
202.458, 83960
202.459, 83960
202.46, 83960
202.462, 84176
202.463, 84176
202.464, 84176
202.465, 84176
202.467, 84176
202.468, 84176
202.469, 84176
202.47, 84176
202.472, 84176
202.473, 84176
202.474, 84176
202.475, 84176
202.477, 84176
202.478, 84176
202.479, 84176
202.48, 84176
202.482, 84176
202.483, 84176
202.484, 84176
202.485, 84176
202.487, 84176
202.488, 83960
202.489, 83960
202.49, 83960
202.492, 83960
202.494, 83960
202.495, 83960
202.497, 83960
202.498, 83960
202.5, 83960
202.501, 83960
202.502, 83960
202.503, 83960
202.505, 84176
202.506, 84176
202.507, 84176
202.508, 84176
202.51, 84176
202.511, 84176
202.512, 84176
202.513, 83960
202.515, 83960
202.516, 83960
202.518, 83960
202.52, 83960
202.522, 83960
202.528, 83960
202.53, 84176
202.532, 84176
202.533, 84176
202.534, 84176
202.536, 84176
202.537, 84176
202.538, 84176
202.539, 84176
202.54, 84176
202.542, 84176
202.543, 84176
202.544, 84176
202.545, 84176
202.547, 83960
202.548, 83960
202.549, 83960
202.55, 83960
202.551, 83960
202.552, 83960
202.554, 83960
202.555, 83960
202.556, 83744
202.557, 83744
202.559, 83744
202.56, 83744
202.561, 83744
202.562, 83744
202.564, 83744
202.565, 83528
202.566, 83528
202.567, 83528
202.569, 83528
202.57, 83528
202.572, 83528
202.573, 83528
202.574, 83528
202.576, 83528
202.577, 83528
202.578, 83528
202.579, 83528
202.581, 83744
202.582, 83744
202.583, 83744
202.585, 83744
202.586, 83744
202.587, 83744
202.588, 83744
202.589, 83744
202.59, 83528
202.592, 83528
202.593, 83528
202.594, 83528
202.595, 83528
202.596, 83528
202.598, 83528
202.599, 83312
202.6, 83312
202.602, 83312
202.603, 83312
202.605, 83312
202.606, 83312
202.607, 83528
202.608, 83528
202.61, 83528
202.611, 83528
202.612, 83528
202.613, 83528
202.614, 83528
202.615, 83312
202.616, 83312
202.618, 83312
202.619, 83312
202.62, 83312
202.621, 83312
202.622, 83312
202.623, 83312
202.624, 83096
202.626, 83096
202.627, 83096
202.628, 83096
202.629, 83096
202.63, 83096
202.631, 83096
202.633, 83096
202.634, 83096
202.635, 83096
202.636, 83096
202.638, 83096
202.639, 83096
202.64, 83096
202.641, 83312
202.642, 83312
202.644, 83312
202.645, 83312
202.646, 83312
202.647, 83312
202.648, 83312
202.649, 83096
202.651, 83096
202.652, 83096
202.654, 83096
202.655, 83096
202.657, 83096
202.658, 83096
202.66, 83096
202.661, 83096
202.663, 83096
202.664, 83096
202.665, 83096
202.666, 83528
202.668, 83528
202.669, 83528
202.67, 83528
202.672, 83528
202.673, 83528
202.674, 83528
202.675, 83528
202.676, 83528
202.677, 83528
202.679, 83528
202.68, 83528
202.681, 83528
202.682, 83528
202.683, 83096
202.684, 83096
202.686, 83096
202.687, 83096
202.688, 83096
202.689, 83096
202.691, 83096
202.692, 83312
202.693, 83312
202.694, 83312
202.695, 83312
202.696, 83312
202.698, 83312
202.699, 83312
202.7, 83312
202.701, 83096
202.702, 83096
202.704, 83096
202.705, 83096
202.706, 83096
202.708, 83096
202.709, 83528
202.711, 83528
202.712, 83528
202.713, 83528
202.714, 83528
202.716, 83528
202.717, 83528
202.718, 83744
202.719, 83744
202.72, 83744
202.721, 83744
202.723, 83744
202.724, 83744
202.725, 83744
202.726, 83528
202.727, 83528
202.728, 83528
202.73, 83528
202.731, 83528
202.732, 83528
202.734, 83528
202.735, 83528
202.736, 83528
202.738, 83528
202.739, 83528
202.74, 83528
202.742, 83528
202.743, 83528
202.744, 83528
202.745, 83528
202.746, 83528
202.747, 83528
202.749, 83528
202.75, 83528
202.751, 83528
202.752, 83744
202.753, 83744
202.754, 83744
202.755, 83744
202.757, 83744
202.758, 83744
202.759, 83744
202.76, 83960
202.761, 83960
202.762, 83960
202.764, 83960
202.765, 83960
202.766, 83960
202.767, 83960
202.768, 83960
202.77, 83960
202.771, 83960
202.772, 83960
202.773, 83960
202.775, 83960
202.776, 83960
202.777, 84176
202.778, 84176
202.78, 84176
202.781, 84176
202.782, 84176
202.784, 84176
202.785, 84176
202.786, 84176
202.787, 84176
202.788, 84176
202.789, 84176
202.791, 84176
202.792, 84176
202.793, 84176
202.794, 84176
202.795, 84176
202.797, 84176
202.798, 84176
202.799, 84176
202.8, 84176
202.801, 84176
202.802, 84176
202.804, 84176
202.805, 84176
202.806, 84176
202.808, 84176
202.809, 84176
202.81, 84176
202.811, 84176
202.813, 84176
202.814, 84176
202.815, 84176
202.816, 84176
202.817, 84176
202.818, 84176
202.82, 84176
202.821, 84176
202.822, 84176
202.824, 84176
202.825, 84176
202.826, 84176
202.828, 84176
202.829, 84176
202.83, 84176
202.831, 84176
202.832, 84176
202.834, 84176
202.835, 84176
202.836, 84176
202.837, 84176
202.839, 84176
202.84, 84176
202.842, 84176
202.843, 84176
202.844, 84176
202.846, 83960
202.847, 83960
202.848, 83960
202.849, 83960
202.85, 83960
202.851, 83960
202.853, 83960
202.854, 83960
202.855, 83960
202.856, 83960
202.858, 83960
202.859, 83960
202.86, 83960
202.861, 83960
202.863, 84176
202.864, 84176
202.865, 84176
202.866, 84176
202.867, 84176
202.869, 84176
202.87, 84176
202.871, 84176
202.872, 84176
202.873, 84176
202.875, 84176
202.876, 84176
202.877, 84176
202.878, 84176
202.88, 84176
202.881, 84176
202.882, 84176
202.883, 84176
202.885, 84176
202.886, 84176
202.887, 84176
202.888, 84176
202.889, 84176
202.891, 84176
202.892, 84176
202.893, 84176
202.894, 84176
202.895, 84176
202.896, 84176
202.898, 84176
202.899, 84176
202.9, 84176
202.901, 84176
202.902, 84176
202.903, 84176
202.904, 84176
202.906, 84176
202.907, 84176
202.909, 84176
202.91, 84176
202.912, 84176
202.913, 84176
202.914, 84176
202.916, 84176
202.917, 84176
202.918, 84176
202.919, 84176
202.92, 84176
202.922, 84176
202.923, 84176
202.924, 84176
202.926, 84176
202.927, 84176
202.929, 84176
202.93, 84176
202.931, 84176
202.932, 84176
202.933, 84176
202.935, 84176
202.936, 84176
202.937, 84176
202.939, 84176
202.94, 84176
202.941, 84176
202.943, 84176
202.944, 84176
202.945, 84176
202.947, 84176
202.948, 84176
202.949, 84176
202.95, 84176
202.952, 84176
202.953, 84176
202.954, 84176
202.955, 84176
202.957, 84176
202.958, 84176
202.959, 84176
202.96, 84176
202.961, 84176
202.962, 84176
202.964, 84176
202.965, 84176
202.966, 84176
202.967, 84176
202.969, 84176
202.97, 84176
202.971, 84176
202.972, 84176
202.974, 84176
202.975, 84176
202.976, 84176
202.977, 84176
202.978, 84176
202.98, 84176
202.981, 84176
202.982, 84176
202.983, 84176
202.984, 84176
202.985, 84176
202.987, 84176
202.988, 84176
202.989, 84176
202.99, 84176
202.992, 84392
202.993, 84392
202.995, 84392
202.996, 84392
202.997, 84392
202.998, 84392
203, 84392
203.001, 84392
203.002, 84392
203.003, 84392
203.004, 84392
203.006, 84392
203.007, 84392
203.008, 84176
203.009, 84176
203.01, 84176
203.012, 84176
203.013, 84176
203.014, 84176
203.015, 84176
203.016, 84176
203.018, 84176
203.019, 84176
203.02, 84176
203.022, 84176
203.023, 84176
203.024, 84176
203.025, 84176
203.026, 84176
203.028, 84176
203.029, 84176
203.03, 84176
203.032, 84176
203.033, 84176
203.034, 84176
203.035, 84176
203.036, 84176
203.038, 84176
203.039, 84176
203.04, 84176
203.042, 84176
203.043, 84176
203.044, 84176
203.046, 84176
203.047, 84176
203.048, 84176
203.049, 84176
203.05, 84176
203.051, 84176
203.053, 84176
203.054, 84176
203.055, 84176
203.057, 84176
203.058, 84176
203.059, 84176
203.061, 84176
203.062, 84176
203.063, 84176
203.064, 84176
203.065, 84176
203.066, 84176
203.068, 84176
203.069, 84176
203.07, 84176
203.072, 84176
203.073, 84176
203.075, 84176
203.076, 84176
203.077, 84176
203.078, 84176
203.079, 84176
203.08, 84176
203.082, 84176
203.083, 84176
203.084, 84176
203.086, 84176
203.087, 84176
203.088, 84176
203.089, 84176
203.09, 84176
203.092, 84176
203.093, 84176
203.094, 84176
203.095, 84176
203.096, 84176
203.098, 84176
203.099, 84176
203.101, 84176
203.102, 84176
203.103, 84176
203.105, 84176
203.106, 84176
203.107, 84176
203.108, 84176
203.11, 84176
203.111, 84176
203.112, 84176
203.113, 84176
203.115, 84176
203.116, 84176
203.117, 84176
203.118, 84176
203.12, 84176
203.121, 84176
203.122, 84176
203.123, 84176
203.124, 84176
203.125, 84176
203.127, 84176
203.128, 84176
203.129, 84176
203.131, 84176
203.132, 84176
203.133, 84176
203.134, 84176
203.136, 84176
203.137, 84176
203.138, 84176
203.139, 84176
203.14, 84176
203.142, 84176
203.143, 84176
203.144, 84176
203.145, 84176
203.146, 84176
203.147, 84176
203.149, 84176
203.15, 84176
203.151, 84176
203.152, 84176
203.153, 83960
203.154, 83960
203.156, 83960
203.157, 83960
203.158, 83960
203.159, 83960
203.161, 83960
203.162, 83960
203.163, 83960
203.164, 83960
203.165, 83960
203.167, 83960
203.168, 83960
203.169, 83960
203.17, 83960
203.172, 83960
203.173, 83960
203.174, 83960
203.175, 83960
203.176, 83960
203.177, 83960
203.179, 83960
203.18, 83960
203.181, 83960
203.182, 83960
203.184, 83960
203.185, 83960
203.186, 83960
203.187, 83960
203.188, 83960
203.19, 83960
203.191, 83960
203.192, 83960
203.194, 83960
203.195, 83960
203.197, 83960
203.198, 83960
203.199, 83960
203.201, 83960
203.202, 83960
203.203, 83960
203.204, 83960
203.206, 83960
203.207, 83960
203.208, 83960
203.209, 83960
203.21, 83960
203.212, 83960
203.213, 83960
203.214, 83960
203.215, 83960
203.216, 83960
203.217, 83960
203.218, 83960
203.22, 83960
203.221, 83744
203.222, 83744
203.224, 83744
203.225, 83744
203.226, 83744
203.227, 83744
203.229, 83744
203.23, 83744
203.231, 83744
203.233, 83744
203.234, 83744
203.235, 83744
203.236, 83744
203.237, 83744
203.238, 83960
203.239, 83960
203.241, 83960
203.242, 83960
203.243, 83960
203.244, 83960
203.245, 83960
203.246, 83960
203.247, 83744
203.249, 83744
203.25, 83744
203.251, 83744
203.252, 83744
203.253, 83744
203.254, 83744
203.256, 83744
203.257, 83744
203.258, 83744
203.26, 83744
203.261, 83744
203.262, 83744
203.264, 83744
203.265, 83744
203.266, 83744
203.267, 83744
203.268, 83744
203.269, 83744
203.27, 83744
203.272, 83744
203.273, 83744
203.274, 83744
203.276, 83744
203.277, 83744
203.278, 83744
203.28, 83744
203.281, 83744
203.282, 83744
203.284, 83744
203.285, 83744
203.286, 83744
203.287, 83744
203.289, 83744
203.29, 83528
203.291, 83528
203.292, 83528
203.293, 83528
203.295, 83528
203.296, 83528
203.297, 83528
203.298, 83312
203.299, 83312
203.3, 83312
203.301, 83312
203.303, 83312
203.304, 83312
203.305, 83312
203.307, 83312
203.308, 83312
203.309, 83312
203.31, 83312
203.311, 83312
203.313, 83312
203.314, 83312
203.315, 83312
203.316, 83312
203.317, 83312
203.318, 83312
203.319, 83312
203.321, 83312
203.322, 83312
203.324, 83096
203.325, 83096
203.327, 83096
203.328, 83096
203.329, 83096
203.331, 83096
203.332, 83312
203.333, 83312
203.335, 83312
203.336, 83312
203.337, 83312
203.338, 83312
203.339, 83312
203.34, 83528
203.342, 83528
203.343, 83528
203.344, 83528
203.345, 83528
203.346, 83528
203.347, 83528
203.348, 83528
203.35, 83096
203.351, 83096
203.352, 83096
203.354, 83096
203.355, 83096
203.356, 83096
203.358, 83528
203.359, 83528
203.36, 83528
203.361, 83528
203.362, 83528
203.363, 83528
203.364, 83528
203.366, 83528
203.367, 83744
203.368, 83744
203.369, 83744
203.37, 83744
203.371, 83744
203.373, 83744
203.374, 83744
203.375, 83744
203.376, 83744
203.377, 83744
203.379, 83744
203.38, 83744
203.381, 83744
203.383, 83744
203.384, 83744
203.386, 83744
203.387, 83744
203.389, 83744
203.39, 83744
203.392, 83960
203.394, 83960
203.396, 83960
203.397, 83960
203.399, 83960
203.4, 83960
203.401, 83960
203.403, 83960
203.404, 83960
203.405, 83960
203.407, 83960
203.408, 83960
203.409, 83960
203.41, 83960
203.412, 83960
203.413, 83960
203.414, 83960
203.415, 83960
203.417, 83960
203.418, 84176
203.419, 84176
203.42, 84176
203.422, 84176
203.423, 84176
203.424, 84176
203.425, 84176
203.427, 84176
203.428, 84176
203.429, 84176
203.43, 84176
203.432, 84176
203.433, 84176
203.434, 84176
203.435, 84176
203.437, 84176
203.438, 84176
203.439, 84176
203.441, 84176
203.442, 84176
203.444, 84176
203.445, 84176
203.447, 84176
203.448, 84176
203.449, 84176
203.45, 84176
203.452, 84176
203.453, 84176
203.454, 84176
203.456, 84176
203.457, 84176
203.458, 84176
203.459, 84176
203.461, 83960
203.462, 83960
203.463, 83960
203.464, 83960
203.466, 83960
203.467, 83960
203.469, 84176
203.47, 84176
203.472, 84176
203.473, 84176
203.475, 84176
203.477, 84176
203.478, 84176
203.48, 84176
203.481, 84176
203.482, 84176
203.484, 84176
203.485, 84176
203.486, 84176
203.488, 84176
203.489, 84176
203.49, 84176
203.491, 84176
203.493, 84176
203.494, 84176
203.495, 84176
203.496, 84176
203.498, 84176
203.499, 84176
203.5, 84176
203.501, 84176
203.502, 84176
203.504, 84176
203.505, 84176
203.506, 84176
203.508, 84176
203.509, 84176
203.51, 84176
203.511, 84176
203.513, 84176
203.514, 84176
203.515, 84176
203.516, 84176
203.518, 84176
203.519, 84176
203.52, 83960
203.521, 83960
203.522, 83960
203.523, 83960
203.525, 83960
203.526, 83960
203.527, 83960
203.529, 83744
203.53, 83744
203.531, 83744
203.532, 83744
203.533, 83744
203.535, 83744
203.536, 83744
203.537, 83744
203.538, 83744
203.539, 83744
203.541, 83744
203.542, 83744
203.543, 83744
203.546, 83960
203.548, 83960
203.553, 83960
203.555, 83960
203.556, 83960
203.558, 83960
203.56, 83960
203.561, 83960
203.563, 83960
203.564, 83960
203.566, 83960
203.567, 83960
203.568, 83960
203.569, 83960
203.571, 83960
203.572, 83960
203.573, 83960
203.574, 83960
203.575, 83960
203.577, 83960
203.578, 83960
203.579, 83960
203.58, 84176
203.581, 84176
203.583, 84176
203.584, 84176
203.585, 84176
203.586, 84176
203.587, 84176
203.589, 83960
203.59, 83960
203.591, 83960
203.592, 83960
203.593, 83960
203.595, 83960
203.596, 83960
203.597, 83960
203.598, 83960
203.599, 83960
203.607, 83960
203.609, 83960
203.611, 83960
203.612, 83960
203.613, 83960
203.614, 83960
203.615, 83960
203.617, 83960
203.618, 83960
203.619, 83960
203.621, 83960
203.622, 83960
203.623, 83960
203.624, 83960
203.626, 83960
203.627, 83960
203.628, 83960
203.63, 83960
203.631, 83960
203.633, 83960
203.634, 83960
203.636, 83960
203.638, 83960
203.639, 83960
203.641, 83960
203.642, 83960
203.643, 83960
203.644, 83960
203.646, 83960
203.647, 83960
203.648, 83960
203.65, 83960
203.651, 83960
203.652, 83960
203.653, 83960
203.655, 83960
203.656, 83960
203.67, 83960
203.672, 83960
203.673, 83960
203.675, 83960
203.676, 83960
203.677, 83960
203.678, 83960
203.68, 83960
203.681, 83960
203.682, 83960
203.683, 83960
203.685, 83960
203.686, 83960
203.687, 83960
203.688, 83960
203.69, 83960
203.691, 84176
203.692, 84176
203.693, 84176
203.695, 84176
203.696, 84176
203.697, 84176
203.698, 84176
203.699, 83960
203.701, 83960
203.702, 83960
203.703, 83960
203.705, 83960
203.706, 83960
203.707, 83960
203.708, 83960
203.71, 83960
203.711, 83960
203.712, 83960
203.719, 83960
203.721, 83960
203.722, 83960
203.723, 83960
203.725, 83960
203.726, 83960
203.727, 83960
203.729, 83960
203.73, 83960
203.731, 83960
203.732, 83960
203.734, 83960
203.735, 83960
203.736, 83960
203.738, 83960
203.739, 83960
203.741, 83960
203.742, 83960
203.743, 83960
203.745, 83960
203.746, 83960
203.748, 83960
203.749, 83960
203.75, 83960
203.751, 83960
203.753, 83960
203.754, 83960
203.755, 83960
203.756, 83960
203.758, 83960
203.759, 83960
203.76, 83960
203.761, 83960
203.762, 83960
203.763, 83960
203.765, 83960
203.766, 83960
203.767, 83528
203.768, 83528
203.769, 83528
203.771, 83528
203.772, 83528
203.773, 83528
203.774, 83528
203.776, 83528
203.777, 83528
203.778, 83528
203.779, 83528
203.781, 83528
203.782, 83528
203.783, 83528
203.784, 83312
203.786, 83312
203.787, 83312
203.788, 83312
203.789, 83312
203.791, 83312
203.792, 83312
203.793, 83528
203.794, 83528
203.796, 83528
203.797, 83528
203.798, 83528
203.799, 83528
203.801, 83528
203.802, 83744
203.803, 83744
203.804, 83744
203.805, 83744
203.807, 83744
203.808, 83744
203.809, 83744
203.81, 83312
203.812, 83312
203.813, 83312
203.814, 83312
203.815, 83312
203.816, 83312
203.818, 83312
203.819, 83528
203.82, 83528
203.821, 83528
203.823, 83528
203.824, 83528
203.825, 83528
203.826, 83528
203.828, 83528
203.829, 83528
203.83, 83528
203.831, 83528
203.833, 83528
203.834, 83528
203.835, 83312
203.836, 83312
203.838, 83312
203.839, 83312
203.84, 83312
203.841, 83312
203.843, 83312
203.844, 83312
203.845, 83312
203.846, 83312
203.847, 83312
203.849, 83312
203.85, 83312
203.851, 83312
203.852, 83312
203.854, 83312
203.855, 83312
203.856, 83312
203.857, 83312
203.859, 83312
203.86, 83312
203.861, 83312
203.862, 83312
203.863, 83312
203.865, 83312
203.866, 83312
203.867, 83312
203.868, 83312
203.87, 83312
203.871, 83312
203.872, 83312
203.873, 83312
203.875, 83312
203.876, 83312
203.877, 83312
203.878, 83744
203.88, 83744
203.881, 83744
203.882, 83744
203.883, 83744
203.885, 83744
203.886, 83744
203.887, 83528
203.888, 83528
203.889, 83528
203.891, 83528
203.892, 83528
203.893, 83528
203.894, 83528
203.896, 83312
203.897, 83312
203.898, 83312
203.899, 83312
203.901, 83312
203.902, 83312
203.903, 83312
203.904, 83528
203.905, 83528
203.907, 83528
203.908, 83528
203.909, 83528
203.91, 83528
203.912, 83528
203.913, 83312
203.914, 83312
203.915, 83312
203.917, 83312
203.918, 83312
203.919, 83312
203.92, 83312
203.921, 83528
203.923, 83528
203.924, 83528
203.925, 83528
203.926, 83528
203.928, 83528
203.929, 83528
203.93, 83528
203.931, 83528
203.933, 83528
203.934, 83528
203.935, 83528
203.936, 83528
203.937, 83528
203.939, 83312
203.94, 83312
203.941, 83312
203.942, 83312
203.944, 83312
203.945, 83312
203.946, 83528
203.948, 83528
203.949, 83528
203.95, 83528
203.954, 83528
203.955, 83744
203.957, 83744
203.958, 83744
203.959, 83744
203.961, 83744
203.962, 83744
203.964, 83744
203.965, 83744
203.966, 83744
203.968, 83744
203.969, 83744
203.972, 83960
203.973, 83960
203.974, 83960
203.976, 83960
203.977, 83960
203.98, 83960
203.981, 83960
203.983, 83960
203.984, 83960
203.985, 83960
203.987, 83960
203.998, 83960
203.999, 83960
204, 83960
204.006, 83960
204.007, 84176
204.018, 83960
204.022, 83960
204.023, 83960
204.025, 83960
204.026, 83960
204.028, 83960
204.029, 83960
204.03, 83960
204.032, 84176
204.033, 84176
204.034, 84176
204.035, 84176
204.037, 84176
204.038, 84176
204.039, 84176
204.04, 84176
204.042, 84176
204.043, 84176
204.045, 84176
204.046, 84176
204.048, 84176
204.049, 84176
204.05, 84176
204.052, 84176
204.053, 84176
204.054, 84176
204.056, 84176
204.057, 84176
204.058, 84176
204.06, 84176
204.061, 84176
204.063, 84176
204.064, 84176
204.065, 84176
204.067, 84176
204.068, 84176
204.07, 84176
204.071, 84176
204.072, 84176
204.074, 84176
204.075, 84176
204.076, 84176
204.078, 84176
204.079, 84176
204.08, 84176
204.082, 84176
204.083, 84392
204.084, 84392
204.085, 84392
204.087, 84392
204.088, 84392
204.089, 84392
204.09, 84392
204.091, 84392
204.093, 84392
204.094, 84392
204.096, 84392
204.097, 84392
204.099, 84392
204.1, 84392
204.101, 84392
204.103, 84392
204.104, 84392
204.105, 84392
204.107, 84392
204.108, 84392
204.109, 84392
204.111, 84392
204.112, 84392
204.113, 84392
204.115, 84392
204.116, 84392
204.118, 84392
204.119, 84392
204.12, 84392
204.122, 84392
204.123, 84392
204.125, 84392
204.126, 84392
204.128, 84392
204.129, 84392
204.13, 84392
204.132, 84392
204.133, 84392
204.134, 84392
204.136, 84392
204.137, 84392
204.138, 84392
204.14, 84392
204.141, 84392
204.142, 84392
204.144, 84392
204.145, 84392
204.146, 84392
204.148, 84392
204.149, 84392
204.151, 84392
204.152, 84392
204.154, 84392
204.155, 84392
204.156, 84392
204.158, 84392
204.159, 84392
204.161, 84392
204.162, 84392
204.164, 84392
204.165, 84392
204.166, 84392
204.167, 84392
204.169, 84392
204.17, 84392
204.172, 84392
204.173, 84392
204.174, 84392
204.176, 84392
204.177, 84392
204.178, 84392
204.18, 84392
204.181, 84392
204.182, 84392
204.184, 84392
204.185, 84392
204.187, 84392
204.188, 84392
204.189, 84392
204.191, 84392
204.192, 84392
204.193, 84392
204.195, 84392
204.196, 84392
204.197, 84392
204.198, 84392
204.2, 84392
204.201, 84392
204.203, 84392
204.204, 84392
204.205, 84392
204.207, 84392
204.208, 84392
204.209, 84392
204.211, 84608
204.212, 84608
204.213, 84608
204.215, 84608
204.216, 84608
204.217, 84608
204.218, 84608
204.219, 84608
204.221, 84608
204.222, 84608
204.223, 84608
204.224, 84608
204.226, 84608
204.227, 84608
204.228, 84608
204.229, 84608
204.23, 84608
204.231, 84608
204.233, 84608
204.234, 84608
204.235, 84608
204.237, 84608
204.238, 84608
204.24, 84608
204.241, 84608
204.242, 84608
204.243, 84608
204.245, 84608
204.246, 84608
204.247, 84608
204.249, 84608
204.25, 84608
204.251, 84608
204.253, 84608
204.254, 84608
204.256, 84608
204.257, 84608
204.259, 84608
204.26, 84608
204.261, 84608
204.274, 84608
204.275, 84608
204.277, 84608
204.278, 84608
204.279, 84608
204.28, 84608
204.282, 84608
204.283, 84608
204.284, 84608
204.285, 84608
204.286, 84608
204.288, 84392
204.289, 84392
204.29, 84392
204.291, 84392
204.293, 84392
204.294, 84392
204.295, 84392
204.297, 84392
204.298, 84392
204.3, 84392
204.301, 84392
204.302, 84392
204.304, 84392
204.305, 84608
204.306, 84608
204.308, 84608
204.309, 84608
204.31, 84608
204.311, 84608
204.312, 84608
204.314, 84608
204.315, 84608
204.316, 84608
204.317, 84608
204.319, 84608
204.32, 84608
204.321, 84608
204.323, 84608
204.324, 84608
204.325, 84608
204.326, 84608
204.328, 84608
204.329, 84608
204.33, 84608
204.332, 84608
204.333, 84608
204.334, 84608
204.335, 84608
204.337, 84608
204.338, 84608
204.339, 84608
204.34, 84608
204.341, 84608
204.343, 84608
204.344, 84608
204.345, 84608
204.346, 84608
204.347, 84608
204.349, 84608
204.35, 84608
204.351, 84608
204.352, 84608
204.353, 84608
204.354, 84608
204.356, 84608
204.357, 84392
204.358, 84392
204.359, 84392
204.36, 84392
204.361, 84392
204.363, 84392
204.364, 84392
204.365, 83960
204.366, 83960
204.368, 83960
204.369, 83960
204.37, 83960
204.371, 83960
204.372, 83960
204.374, 83960
204.376, 83960
204.377, 83960
204.378, 83960
204.38, 83960
204.381, 83960
204.382, 84176
204.384, 84176
204.385, 84176
204.386, 84176
204.388, 84176
204.389, 84176
204.39, 84392
204.392, 84392
204.393, 84392
204.394, 84392
204.395, 84392
204.396, 84392
204.398, 84392
204.399, 84392
204.4, 84392
204.401, 84392
204.402, 84392
204.404, 84392
204.405, 84392
204.406, 84392
204.408, 84392
204.409, 84392
204.41, 84392
204.412, 84392
204.413, 84392
204.414, 84392
204.415, 84392
204.417, 84392
204.418, 84392
204.419, 84392
204.42, 84392
204.421, 84392
204.422, 84392
204.423, 84392
204.425, 84392
204.426, 84392
204.427, 84392
204.428, 84392
204.429, 84392
204.43, 84392
204.431, 84392
204.433, 84176
204.434, 84176
204.435, 84176
204.436, 84176
204.437, 84176
204.438, 84176
204.44, 84176
204.441, 84176
204.442, 84176
204.444, 84176
204.445, 84176
204.446, 84176
204.447, 84176
204.448, 84176
204.449, 84176
204.451, 84176
204.452, 84176
204.453, 84176
204.454, 84176
204.455, 84176
204.456, 84176
204.458, 84176
204.46, 84176
204.461, 84176
204.463, 84176
204.464, 84176
204.465, 84176
204.467, 84176
204.468, 84176
204.469, 84176
204.471, 84176
204.472, 84176
204.473, 84176
204.474, 84176
204.476, 84176
204.477, 84176
204.478, 84176
204.479, 84176
204.48, 84176
204.481, 84176
204.483, 84176
204.484, 84176
204.485, 84176
204.486, 84176
204.487, 84176
204.489, 84176
204.49, 84176
204.491, 84176
204.493, 84176
204.494, 84176
204.495, 84176
204.496, 84176
204.497, 84176
204.499, 84176
204.5, 84176
204.501, 84176
204.502, 84176
204.503, 84176
204.504, 84176
204.506, 84176
204.507, 84176
204.509, 84176
204.51, 84176
204.512, 84176
204.513, 84176
204.514, 84176
204.516, 84176
204.517, 84176
204.518, 83960
204.52, 83960
204.521, 83960
204.522, 83960
204.524, 83960
204.525, 83960
204.526, 83960
204.527, 83960
204.528, 83960
204.529, 83960
204.53, 83960
204.532, 83960
204.533, 83960
204.534, 83960
204.535, 83528
204.536, 83528
204.538, 83528
204.539, 83528
204.541, 83528
204.542, 83528
204.543, 83744
204.545, 83744
204.546, 83744
204.547, 83744
204.549, 83744
204.55, 83744
204.551, 83744
204.552, 83960
204.553, 83960
204.554, 83960
204.556, 83960
204.557, 83960
204.559, 83960
204.56, 83960
204.561, 83960
204.562, 83960
204.563, 83960
204.565, 83960
204.566, 83960
204.567, 83960
204.568, 83960
204.569, 84176
204.571, 84176
204.572, 84176
204.573, 84176
204.574, 84176
204.575, 84176
204.577, 84176
204.578, 84392
204.579, 84392
204.58, 84392
204.581, 84392
204.583, 84392
204.584, 84392
204.585, 84392
204.586, 84392
204.588, 84392
204.589, 84392
204.59, 84392
204.591, 84392
204.592, 84392
204.593, 84392
204.595, 84392
204.596, 84392
204.597, 84392
204.598, 84392
204.6, 84392
204.601, 84392
204.602, 84392
204.603, 84392
204.604, 84392
204.605, 84392
204.607, 84392
204.608, 84392
204.609, 84392
204.61, 84392
204.612, 84392
204.613, 84392
204.615, 84392
204.616, 84392
204.617, 84392
204.619, 84392
204.62, 84392
204.622, 84392
204.623, 84392
204.625, 84392
204.626, 84392
204.627, 84392
204.628, 84392
204.63, 84392
204.631, 84392
204.632, 84392
204.633, 84392
204.635, 84392
204.636, 84392
204.637, 84392
204.639, 84392
204.64, 84392
204.641, 84392
204.643, 84392
204.644, 84392
204.645, 84392
204.646, 84392
204.648, 84392
204.649, 84392
204.65, 84392
204.652, 84392
204.653, 84392
204.654, 84392
204.655, 84176
204.657, 84176
204.658, 84176
204.659, 84176
204.66, 84176
204.661, 84176
204.663, 84176
204.664, 84176
204.665, 84176
204.666, 84176
204.668, 84176
204.669, 84176
204.67, 84176
204.672, 84392
204.673, 84392
204.674, 84392
204.675, 84392
204.677, 84392
204.678, 84392
204.68, 84392
204.681, 84392
204.683, 84392
204.684, 84392
204.686, 84392
204.687, 84392
204.689, 84392
204.69, 84392
204.692, 84392
204.693, 84392
204.695, 84392
204.696, 84392
204.697, 84392
204.698, 84392
204.7, 84392
204.701, 84392
204.702, 84392
204.703, 84392
204.705, 84392
204.706, 84392
204.707, 84392
204.709, 84392
204.71, 84392
204.711, 84392
204.712, 84392
204.714, 84392
204.715, 84392
204.716, 84392
204.717, 84392
204.718, 84392
204.72, 84392
204.721, 84392
204.722, 84392
204.723, 84392
204.725, 84392
204.726, 84392
204.727, 84392
204.728, 84392
204.73, 84392
204.731, 84392
204.732, 84392
204.733, 84392
204.735, 84392
204.736, 84392
204.737, 84392
204.738, 84392
204.739, 84392
204.741, 84392
204.742, 84392
204.743, 84392
204.745, 84392
204.746, 84392
204.747, 84392
204.749, 84176
204.75, 84176
204.751, 84176
204.752, 84176
204.754, 84176
204.755, 84176
204.757, 84176
204.762, 84392
204.764, 84392
204.765, 84392
204.766, 84392
204.767, 84392
204.769, 84392
204.77, 84392
204.771, 84392
204.773, 84392
204.774, 84392
204.775, 84392
204.777, 84392
204.778, 84392
204.779, 84392
204.78, 84392
204.782, 84392
204.783, 84392
204.784, 84392
204.785, 84392
204.786, 84392
204.788, 84392
204.789, 84392
204.79, 84392
204.791, 84392
204.792, 84392
204.794, 84392
204.795, 84392
204.797, 84392
204.798, 84392
204.8, 84176
204.802, 84176
204.803, 84176
204.804, 84176
204.805, 84176
204.807, 84176
204.808, 84176
204.809, 84176
204.81, 84176
204.811, 84176
204.812, 84176
204.814, 84176
204.815, 84176
204.816, 84176
204.817, 84176
204.818, 84176
204.82, 84176
204.821, 84176
204.822, 84176
204.823, 84176
204.825, 84176
204.826, 84176
204.827, 84176
204.828, 84176
204.83, 84176
204.831, 84176
204.832, 84176
204.833, 84176
204.835, 84176
204.836, 84176
204.837, 84176
204.838, 84176
204.839, 84176
204.841, 84176
204.842, 84176
204.843, 84176
204.844, 84176
204.846, 84176
204.847, 84176
204.848, 84176
204.85, 84176
204.851, 84176
204.852, 84176
204.853, 84176
204.855, 84176
204.856, 84176
204.857, 84176
204.858, 84176
204.859, 84176
204.86, 84176
204.862, 84176
204.863, 84176
204.864, 84176
204.866, 84176
204.867, 84176
204.868, 84176
204.869, 84176
204.871, 84176
204.872, 84176
204.873, 84176
204.874, 84176
204.876, 84176
204.877, 84176
204.879, 84176
204.88, 84176
204.881, 84176
204.882, 84176
204.884, 84176
204.885, 84176
204.886, 84176
204.887, 84176
204.888, 84176
204.889, 84176
204.891, 84176
204.892, 84176
204.893, 84176
204.894, 84176
204.896, 84176
204.897, 84176
204.898, 84176
204.899, 84176
204.901, 84176
204.902, 84176
204.904, 84176
204.905, 84176
204.907, 84176
204.909, 84176
204.91, 84176
204.911, 84176
204.913, 84176
204.914, 84176
204.915, 84176
204.916, 84176
204.918, 84176
204.919, 84176
204.92, 84176
204.921, 84176
204.922, 84176
204.923, 84176
204.925, 84176
204.926, 84176
204.927, 84176
204.928, 83960
204.929, 83960
204.93, 83960
204.932, 83960
204.933, 83960
204.934, 83960
204.935, 83960
204.936, 83744
204.938, 83744
204.939, 83744
204.94, 83744
204.941, 83744
204.942, 83744
204.943, 83744
204.945, 83960
204.946, 83960
204.948, 83960
204.949, 83960
204.95, 83960
204.952, 83960
204.953, 83960
204.954, 83960
204.955, 83960
204.956, 83960
204.958, 83960
204.959, 83960
204.96, 83960
204.962, 84176
204.963, 84176
204.964, 84176
204.965, 84176
204.966, 84176
204.968, 84176
204.969, 84176
204.97, 84176
204.971, 84176
204.972, 84176
204.973, 84176
204.975, 84176
204.976, 84176
204.977, 84176
204.978, 84176
204.98, 83960
204.981, 83960
204.982, 83960
204.983, 83960
204.984, 83960
204.985, 83960
204.987, 83960
204.988, 83744
204.989, 83744
204.99, 83744
204.991, 83744
204.993, 83744
204.994, 83744
204.995, 83744
204.996, 83528
204.997, 83528
204.999, 83528
205, 83528
205.001, 83528
205.003, 83528
205.004, 83528
205.005, 83528
205.007, 83528
205.008, 83528
205.009, 83528
205.011, 83528
205.012, 83528
205.013, 83744
205.014, 83744
205.016, 83744
205.017, 83744
205.018, 83744
205.019, 83744
205.02, 83744
205.022, 83744
205.023, 83744
205.024, 83744
205.025, 83744
205.026, 83744
205.027, 83744
205.029, 83744
205.03, 83312
205.031, 83312
205.033, 83312
205.034, 83312
205.035, 83312
205.037, 83312
205.038, 83312
205.039, 83528
205.041, 83528
205.042, 83528
205.043, 83528
205.044, 83528
205.045, 83528
205.046, 83528
205.047, 83528
205.049, 83528
205.05, 83528
205.051, 83528
205.052, 83528
205.053, 83528
205.054, 83528
205.055, 83312
205.057, 83312
205.058, 83312
205.059, 83312
205.06, 83312
205.061, 83312
205.062, 83312
205.063, 83312
205.065, 83096
205.066, 83096
205.067, 83096
205.069, 83096
205.07, 83096
205.072, 83096
205.073, 83096
205.074, 83096
205.075, 83096
205.077, 83096
205.078, 83096
205.079, 83096
205.08, 83096
205.081, 83312
205.082, 83312
205.083, 83312
205.085, 83312
205.086, 83312
205.087, 83312
205.089, 83312
205.09, 83312
205.091, 83312
205.093, 83312
205.094, 83312
205.095, 83312
205.096, 83312
205.098, 83312
205.099, 83528
205.1, 83528
205.101, 83528
205.102, 83528
205.103, 83528
205.105, 83528
205.106, 83528
205.107, 83312
205.108, 83312
205.109, 83312
205.11, 83312
205.111, 83312
205.113, 83312
205.114, 83312
205.115, 83312
205.116, 83312
205.118, 83312
205.119, 83312
205.12, 83312
205.121, 83312
205.122, 83312
205.123, 83312
205.125, 83528
205.126, 83528
205.127, 83528
205.128, 83528
205.129, 83528
205.13, 83528
205.132, 83528
205.133, 83312
205.135, 83312
205.136, 83312
205.137, 83312
205.139, 83312
205.14, 83312
205.141, 83744
205.143, 83744
205.144, 83744
205.145, 83744
205.146, 83744
205.147, 83744
205.148, 83744
205.15, 83960
205.151, 83960
205.152, 83960
205.153, 83960
205.154, 83960
205.155, 83960
205.156, 83960
205.158, 83960
205.159, 83960
205.16, 83960
205.161, 83960
205.163, 83960
205.164, 83960
205.166, 83960
205.167, 83960
205.168, 83960
205.169, 83960
205.171, 83960
205.172, 83960
205.173, 83960
205.174, 83960
205.175, 83960
205.176, 83960
205.178, 83960
205.179, 83960
205.18, 83960
205.181, 83960
205.182, 83960
205.183, 83960
205.185, 83960
205.186, 83960
205.187, 83960
205.188, 83960
205.189, 83960
205.191, 83960
205.192, 83960
205.193, 84176
205.194, 84176
205.195, 84176
205.196, 84176
205.198, 84176
205.199, 84176
205.2, 84176
205.201, 84176
205.202, 84176
205.204, 84176
205.205, 84176
205.206, 84176
205.207, 84176
205.209, 84176
205.21, 84392
205.211, 84392
205.212, 84392
205.213, 84392
205.214, 84392
205.216, 84392
205.217, 84392
205.218, 84176
205.219, 84176
205.221, 84176
205.222, 84176
205.223, 84176
205.224, 84176
205.226, 84176
205.227, 84176
205.228, 84176
205.23, 84176
205.231, 84176
205.232, 84176
205.234, 84176
205.235, 84176
205.237, 84176
205.238, 84176
205.239, 84176
205.241, 84176
205.242, 84176
205.243, 84176
205.244, 84176
205.246, 84176
205.247, 84176
205.248, 84176
205.249, 84176
205.25, 84176
205.252, 84176
205.253, 84176
205.254, 84176
205.256, 84176
205.257, 84176
205.258, 84176
205.259, 84176
205.26, 84392
205.262, 84392
205.263, 84392
205.264, 84392
205.265, 84392
205.267, 84392
205.269, 84176
205.271, 84176
205.272, 84176
205.273, 84176
205.274, 84176
205.276, 84176
205.277, 84176
205.278, 84176
205.279, 84176
205.28, 84176
205.281, 84176
205.283, 84176
205.284, 84176
205.285, 84176
205.286, 84176
205.288, 84176
205.289, 84176
205.29, 84176
205.291, 84176
205.292, 84176
205.293, 84176
205.294, 84176
205.296, 84176
205.297, 84176
205.298, 84176
205.299, 84176
205.3, 84176
205.302, 84176
205.303, 83960
205.304, 83960
205.305, 83960
205.306, 83960
205.308, 83960
205.309, 83960
205.31, 83960
205.311, 83960
205.313, 83960
205.314, 83960
205.315, 83960
205.317, 83960
205.318, 83960
205.319, 83960
205.321, 83960
205.322, 83960
205.323, 83960
205.324, 83960
205.325, 83960
205.327, 83960
205.328, 83960
205.329, 83960
205.33, 83960
205.331, 83960
205.332, 83960
205.334, 83960
205.335, 83960
205.336, 83960
205.337, 83744
205.339, 83744
205.34, 83744
205.341, 83744
205.342, 83744
205.343, 83744
205.344, 83744
205.346, 83744
205.347, 83744
205.348, 83744
205.349, 83744
205.351, 83744
205.352, 83744
205.353, 83744
205.354, 83744
205.355, 83744
205.357, 83744
205.358, 83744
205.359, 83744
205.36, 83744
205.361, 83744
205.362, 83744
205.364, 83744
205.365, 83744
205.366, 83744
205.368, 83744
205.369, 83744
205.37, 83744
205.371, 83744
205.373, 83744
205.374, 83744
205.376, 83744
205.377, 83744
205.378, 83744
205.379, 83744
205.381, 83528
205.382, 83528
205.383, 83528
205.384, 83528
205.386, 83528
205.387, 83528
205.388, 84176
205.39, 84176
205.391, 84176
205.392, 84176
205.394, 84176
205.395, 84176
205.396, 84176
205.397, 84392
205.399, 84392
205.4, 84392
205.401, 84392
205.402, 84392
205.403, 84392
205.404, 84392
205.405, 84608
205.407, 84608
205.408, 84608
205.409, 84608
205.411, 84608
205.412, 84608
205.413, 84608
205.414, 84824
205.416, 84824
205.417, 84824
205.418, 84824
205.419, 84824
205.421, 84824
205.422, 84824
205.423, 84608
205.424, 84608
205.425, 84608
205.426, 84608
205.428, 84608
205.429, 84608
205.43, 84608
205.431, 84608
205.433, 84608
205.434, 84608
205.435, 84608
205.437, 84608
205.438, 84608
205.439, 84608
205.441, 84608
205.442, 84608
205.443, 84608
205.444, 84608
205.446, 84608
205.447, 84608
205.448, 84608
205.449, 84608
205.45, 84608
205.451, 84608
205.452, 84608
205.454, 84608
205.455, 84608
205.456, 84608
205.458, 84608
205.459, 84608
205.46, 84608
205.461, 84608
205.462, 84608
205.464, 84608
205.465, 84608
205.466, 84608
205.467, 84608
205.468, 84608
205.47, 84608
205.471, 84608
205.472, 84608
205.473, 84608
205.474, 84608
205.475, 84608
205.477, 84608
205.478, 84608
205.479, 84608
205.481, 84608
205.482, 84608
205.484, 84608
205.485, 84608
205.486, 84608
205.488, 84608
205.489, 84608
205.491, 84824
205.493, 84824
205.494, 84824
205.496, 84824
205.497, 84824
205.499, 84824
205.501, 84824
205.502, 84824
205.503, 84824
205.505, 84824
205.509, 84824
205.51, 84824
205.512, 84824
205.513, 84824
205.515, 84824
205.516, 84824
205.518, 84824
205.519, 84824
205.521, 84824
205.522, 84824
205.524, 84824
205.525, 85040
205.527, 85040
205.529, 85040
205.53, 85040
205.531, 85040
205.533, 85040
205.534, 85040
205.535, 85040
205.537, 85040
205.538, 85040
205.54, 85040
205.541, 85040
205.543, 85040
205.544, 85040
205.545, 85040
205.547, 85040
205.548, 85040
205.55, 85040
205.551, 85256
205.553, 85256
205.554, 85256
205.556, 85256
205.558, 85256
205.559, 85040
205.561, 85040
205.562, 85040
205.564, 85040
205.565, 85040
205.567, 85040
205.568, 85040
205.57, 85040
205.571, 85040
205.573, 85040
205.574, 85040
205.576, 85256
205.577, 85256
205.579, 85256
205.58, 85256
205.582, 85256
205.583, 85256
205.584, 85040
205.586, 85040
205.588, 85040
205.589, 85040
205.591, 85040
205.592, 85040
205.594, 85040
205.595, 85040
205.598, 85040
205.602, 85040
205.604, 85040
205.605, 85040
205.607, 85040
205.608, 85040
205.61, 85040
205.611, 85040
205.613, 85040
205.614, 85040
205.616, 85040
205.617, 85040
205.618, 85040
205.622, 85040
205.624, 85040
205.625, 85040
205.627, 85040
205.628, 85040
205.63, 85040
205.631, 85040
205.633, 85040
205.634, 85040
205.636, 85040
205.637, 85040
205.639, 85040
205.64, 85040
205.642, 85040
205.654, 84824
205.655, 84824
205.656, 84824
205.658, 84824
205.659, 84824
205.66, 84824
205.661, 84824
205.662, 84608
205.663, 84608
205.665, 84608
205.666, 84608
205.667, 84608
205.668, 84608
205.67, 84608
205.671, 84608
205.673, 84608
205.675, 84608
205.677, 84608
205.679, 84608
205.68, 84608
205.682, 84608
205.685, 84608
205.692, 84608
205.693, 84608
205.694, 84608
205.696, 84392
205.697, 84392
205.698, 84392
205.699, 84392
205.7, 84392
205.702, 84392
205.703, 84392
205.705, 84608
205.706, 84608
205.708, 84608
205.709, 84608
205.711, 84608
205.712, 84608
205.713, 84824
205.715, 84824
205.716, 84824
205.717, 84824
205.718, 84824
205.719, 84824
205.721, 84824
205.722, 84608
205.723, 84608
205.724, 84608
205.725, 84608
205.726, 84608
205.728, 84608
205.729, 84608
205.73, 84392
205.731, 84392
205.732, 84392
205.733, 84392
205.734, 84392
205.736, 84392
205.737, 84392
205.739, 84392
205.74, 84392
205.742, 84392
205.743, 84392
205.744, 84392
205.745, 84392
205.747, 84392
205.748, 84608
205.749, 84608
205.75, 84608
205.751, 84608
205.752, 84608
205.76, 84608
205.762, 84608
205.763, 84608
205.764, 85040
205.765, 85040
205.767, 85040
205.768, 85040
205.769, 85040
205.771, 85040
205.772, 85040
205.773, 85256
205.774, 85256
205.775, 85256
205.777, 85256
205.778, 85256
205.779, 85256
205.78, 85256
205.781, 84824
205.783, 84824
205.784, 84824
205.786, 84824
205.787, 84824
205.788, 84824
205.789, 85040
205.791, 85040
205.792, 85040
205.793, 85040
205.794, 85040
205.795, 85040
205.796, 85040
205.798, 85040
205.799, 84824
205.8, 84824
205.802, 84824
205.803, 84824
205.804, 84824
205.806, 84824
205.807, 85040
205.809, 85040
205.81, 85040
205.811, 85040
205.813, 85040
205.814, 85040
205.815, 85040
205.817, 85040
205.818, 85040
205.819, 85040
205.82, 85040
205.821, 85040
205.823, 85040
205.824, 84824
205.825, 84824
205.826, 84824
205.827, 84824
205.828, 84824
205.83, 84824
205.831, 84824
205.833, 84608
205.834, 84608
205.835, 84608
205.837, 84608
205.839, 84608
205.84, 84608
205.841, 84824
205.842, 84824
205.843, 84824
205.845, 84824
205.846, 84824
205.847, 84824
205.848, 84824
205.849, 85040
205.851, 85040
205.852, 85040
205.853, 85040
205.854, 85040
205.855, 85040
205.857, 85040
205.858, 85040
205.859, 85040
205.861, 85040
205.862, 85040
205.863, 85040
205.865, 85040
205.866, 85040
205.867, 85256
205.869, 85256
205.87, 85256
205.871, 85256
205.873, 85256
205.874, 85256
205.875, 85472
205.877, 85472
205.878, 85472
205.879, 85472
205.881, 85472
205.882, 85472
205.884, 85256
205.885, 85256
205.887, 85256
205.888, 85256
205.89, 85256
205.892, 85256
205.894, 85256
205.895, 85256
205.896, 85256
205.898, 85256
205.899, 85256
205.9, 85256
205.902, 85256
205.903, 85256
205.905, 85256
205.906, 85256
205.907, 85256
205.909, 85040
205.91, 85040
205.912, 85040
205.913, 85040
205.914, 85040
205.916, 85040
205.917, 85040
205.918, 85040
205.92, 85040
205.921, 85040
205.922, 85040
205.924, 85040
205.925, 85040
205.926, 85040
205.928, 85040
205.929, 85040
205.931, 85040
205.933, 85040
205.935, 84824
205.937, 84824
205.938, 84824
205.94, 84824
205.941, 84824
205.942, 84824
205.944, 84824
205.945, 84824
205.947, 84824
205.948, 84824
205.949, 84824
205.95, 84824
205.952, 84824
205.953, 84824
205.954, 84824
205.955, 84824
205.957, 84824
205.958, 84824
205.959, 84824
205.961, 84608
205.962, 84608
205.963, 84608
205.964, 84608
205.966, 84608
205.967, 84608
205.968, 84608
205.97, 84608
205.971, 84608
205.972, 84608
205.974, 84608
205.975, 84608
205.976, 84608
205.977, 84608
205.978, 84608
205.98, 84608
205.981, 84608
205.982, 84608
205.983, 84608
205.985, 84608
205.986, 84608
205.987, 84608
205.988, 84608
205.989, 84608
205.991, 84608
205.992, 84608
205.993, 84608
205.994, 84608
205.995, 84608
205.996, 84608
205.998, 84608
205.999, 84608
206, 84608
206.002, 84608
206.004, 84392
206.006, 84392
206.007, 84392
206.009, 84392
206.01, 84392
206.011, 84392
206.012, 84176
206.014, 84176
206.015, 84176
206.016, 84176
206.017, 84176
206.018, 84176
206.02, 84176
206.021, 84176
206.022, 84176
206.023, 84176
206.025, 84176
206.026, 84176
206.028, 84176
206.029, 84176
206.03, 84176
206.031, 84176
206.032, 84176
206.034, 84176
206.035, 84176
206.037, 84176
206.038, 84176
206.039, 84176
206.041, 84176
206.042, 84176
206.044, 84176
206.045, 84176
206.046, 84176
206.047, 84176
206.049, 84176
206.05, 84176
206.051, 84176
206.053, 84176
206.054, 84176
206.055, 84176
206.057, 84176
206.058, 84176
206.059, 84176
206.06, 84176
206.061, 84176
206.062, 84176
206.064, 84176
206.065, 84176
206.066, 84176
206.068, 84176
206.069, 84176
206.07, 84176
206.071, 84176
206.073, 84176
206.074, 84176
206.075, 84176
206.076, 84176
206.077, 84176
206.079, 84176
206.08, 84176
206.081, 84176
206.082, 84176
206.084, 84176
206.085, 84176
206.086, 84176
206.088, 84176
206.089, 84176
206.09, 84176
206.091, 84176
206.094, 84176
206.095, 84176
206.096, 84176
206.098, 83960
206.099, 83960
206.101, 83960
206.102, 83960
206.104, 83960
206.105, 83960
206.106, 83960
206.108, 83960
206.109, 83960
206.11, 83960
206.111, 83960
206.113, 83960
206.114, 83960
206.115, 83960
206.116, 83960
206.117, 83960
206.119, 83960
206.12, 83960
206.121, 83960
206.122, 83960
206.123, 83960
206.124, 83960
206.126, 83960
206.127, 83960
206.128, 83960
206.129, 83960
206.131, 83960
206.132, 83960
206.133, 83960
206.134, 83960
206.135, 83960
206.137, 83960
206.138, 83960
206.139, 83960
206.14, 83960
206.142, 83960
206.143, 83960
206.145, 83960
206.146, 83960
206.147, 83960
206.149, 84176
206.15, 84176
206.152, 84176
206.153, 84176
206.154, 84176
206.156, 84176
206.157, 84176
206.158, 84176
206.159, 84176
206.161, 84176
206.162, 84176
206.163, 84176
206.165, 84176
206.166, 83960
206.167, 83960
206.169, 83960
206.17, 83960
206.171, 83960
206.172, 83960
206.174, 83960
206.175, 83960
206.177, 83960
206.178, 83960
206.179, 83960
206.18, 83960
206.182, 83960
206.183, 83960
206.185, 83960
206.186, 83960
206.187, 83960
206.189, 83960
206.19, 83960
206.191, 83744
206.193, 83744
206.194, 83744
206.195, 83744
206.197, 83744
206.198, 83744
206.199, 83744
206.2, 83744
206.202, 83744
206.203, 83744
206.205, 83744
206.206, 83744
206.207, 83744
206.208, 83744
206.21, 83744
206.211, 83744
206.212, 83744
206.214, 83744
206.215, 83744
206.216, 83744
206.217, 83744
206.219, 83744
206.22, 83744
206.221, 83744
206.223, 83744
206.224, 83744
206.225, 83744
206.226, 83744
206.228, 83744
206.229, 83744
206.23, 83744
206.232, 83744
206.233, 83744
206.234, 83744
206.235, 83744
206.237, 83744
206.238, 83744
206.239, 83744
206.24, 83744
206.242, 83744
206.243, 83744
206.244, 83744
206.246, 83744
206.247, 83744
206.248, 83744
206.25, 83744
206.251, 83960
206.253, 83960
206.254, 83960
206.256, 83960
206.258, 83960
206.259, 83960
206.26, 83960
206.262, 83960
206.263, 83960
206.265, 83960
206.266, 83960
206.267, 83744
206.268, 83744
206.27, 83744
206.271, 83744
206.272, 83744
206.274, 83744
206.275, 83744
206.276, 83744
206.277, 83744
206.278, 83744
206.279, 83744
206.281, 83744
206.294, 83528
206.296, 83528
206.297, 83528
206.298, 83528
206.3, 83528
206.301, 83528
206.303, 83528
206.304, 83528
206.306, 83528
206.307, 83528
206.308, 83528
206.31, 83528
206.311, 83528
206.312, 83528
206.314, 83528
206.315, 83528
206.316, 83528
206.318, 83528
206.319, 83528
206.321, 83528
206.322, 83528
206.324, 83528
206.325, 83528
206.326, 83528
206.328, 83096
206.329, 83096
206.33, 83096
206.332, 83096
206.334, 82880
206.347, 83096
206.351, 83096
206.353, 82880
206.355, 82880
206.357, 82880
206.36, 82880
206.361, 82880
206.362, 82880
206.364, 82880
206.365, 82880
206.366, 82880
206.367, 82880
206.369, 82880
206.37, 82664
206.371, 82664
206.372, 82664
206.374, 82664
206.375, 82664
206.376, 82664
206.377, 82664
206.379, 82448
206.38, 82448
206.381, 82448
206.382, 82448
206.387, 82448
206.391, 82448
206.395, 82664
206.399, 82664
206.401, 82664
206.402, 82664
206.405, 82448
206.41, 82448
206.413, 82664
206.415, 82664
206.417, 82664
206.418, 82664
206.42, 82664
206.421, 82664
206.423, 82664
206.424, 82664
206.426, 82664
206.427, 82664
206.428, 82664
206.437, 82664
206.44, 82664
206.442, 82664
206.444, 82664
206.445, 82664
206.447, 82880
206.449, 82880
206.451, 82880
206.454, 82880
206.456, 82880
206.457, 82880
206.458, 82880
206.459, 82880
206.46, 82880
206.462, 82880
206.464, 83096
206.466, 83096
206.468, 83096
206.469, 83096
206.471, 83096
206.472, 83096
206.475, 83096
206.477, 83096
206.48, 83096
206.481, 82880
206.482, 82880
206.483, 82880
206.498, 82664
206.5, 82664
206.502, 82664
206.504, 82664
206.505, 82664
206.507, 82664
206.508, 82664
206.509, 82664
206.511, 82664
206.512, 82664
206.515, 82664
206.519, 82664
206.521, 82664
206.532, 82880
206.534, 82880
206.538, 82880
206.54, 82880
206.541, 82880
206.542, 82880
206.544, 82880
206.547, 82880
206.551, 82880
206.559, 82664
206.561, 82664
206.57, 82664
206.574, 82664
206.578, 82664
206.582, 82664
206.594, 82880
206.596, 82880
206.597, 82880
206.598, 82880
206.599, 82880
206.601, 83096
206.602, 83096
206.603, 83096
206.604, 83096
206.605, 83096
206.607, 83096
206.608, 83096
206.609, 83312
206.61, 83312
206.611, 83312
206.613, 83312
206.614, 83312
206.615, 83312
206.616, 83312
206.618, 83312
206.619, 83312
206.62, 83312
206.621, 83312
206.623, 83312
206.624, 83312
206.625, 83312
206.626, 83096
206.628, 83096
206.629, 83096
206.63, 83096
206.631, 83096
206.632, 83096
206.633, 83096
206.635, 83312
206.636, 83312
206.637, 83312
206.639, 83312
206.64, 83312
206.641, 83312
206.642, 83312
206.644, 83312
206.645, 83312
206.646, 83312
206.647, 83312
206.649, 83312
206.65, 83312
206.652, 83312
206.654, 83312
206.656, 83312
206.658, 83312
206.659, 83312
206.66, 83096
206.661, 83096
206.663, 83096
206.664, 83096
206.665, 83096
206.666, 83096
206.667, 83096
206.669, 83312
206.67, 83312
206.674, 83312
206.675, 83312
206.677, 83312
206.678, 83312
206.679, 83312
206.68, 83312
206.682, 83312
206.683, 83312
206.685, 83312
206.686, 83096
206.687, 83096
206.688, 83096
206.69, 83096
206.691, 83096
206.692, 83096
206.693, 83096
206.695, 83312
206.696, 83312
206.698, 83312
206.699, 83312
206.701, 83312
206.702, 83312
206.703, 83096
206.705, 83096
206.706, 83096
206.707, 83096
206.708, 83096
206.709, 83096
206.711, 83096
206.712, 83096
206.713, 83096
206.714, 83096
206.717, 83096
206.718, 83096
206.72, 83096
206.721, 83096
206.725, 83096
206.726, 83096
206.728, 83096
206.729, 83096
206.731, 83096
206.733, 82880
206.74, 82880
206.743, 82880
206.751, 82880
206.756, 82880
206.768, 82880
206.77, 83096
206.779, 83096
206.788, 83312
206.795, 83312
206.799, 83528
206.811, 83528
206.815, 83744
206.822, 83744
206.823, 83528
206.827, 83528
206.835, 83528
206.837, 83528
206.839, 83528
206.849, 83312
206.851, 83312
206.853, 83312
206.855, 83312
206.862, 83312
206.864, 83528
206.871, 83528
206.873, 83528
206.875, 83528
206.877, 83528
206.888, 83312
206.893, 83528
206.906, 83312
206.908, 83528
206.911, 83528
206.912, 83528
206.914, 83528
206.915, 83528
206.916, 83528
206.917, 83528
206.918, 83528
206.922, 83528
206.924, 83312
206.93, 83312
206.932, 83312
206.936, 83528
206.947, 83312
206.95, 83312
206.953, 83312
206.962, 83312
206.979, 83744
206.982, 83744
206.983, 83744
206.991, 83744
206.994, 83528
206.997, 83528
206.998, 83528
206.999, 83528
207.002, 83528
207.005, 83528
207.007, 83528
207.014, 83528
207.018, 83528
207.02, 83528
207.022, 83528
207.026, 83528
207.028, 83528
207.039, 83528
207.041, 83528
207.05, 83528
207.052, 83528
207.054, 83528
207.056, 83528
207.058, 83528
207.061, 83312
207.064, 83312
207.065, 83312
207.067, 83312
207.069, 83096
207.075, 83096
207.078, 82880
207.081, 82880
207.085, 82880
207.086, 83096
207.088, 83096
207.089, 83096
207.091, 83096
207.092, 83096
207.096, 83312
207.098, 83312
207.1, 83312
207.105, 83528
207.107, 83528
207.109, 83528
207.11, 83528
207.112, 83528
207.113, 83744
207.115, 83744
207.116, 83744
207.118, 83744
207.119, 83744
207.124, 83960
207.126, 83960
207.134, 83960
207.135, 83960
207.137, 83960
207.138, 84176
207.142, 84176
207.144, 84176
207.145, 84176
207.147, 84392
207.148, 84392
207.15, 84392
207.153, 84392
207.155, 84392
207.156, 84392
207.158, 84392
207.159, 84392
207.16, 84392
207.162, 84392
207.164, 84392
207.165, 84392
207.167, 84392
207.168, 84392
207.169, 84392
207.171, 84176
207.175, 84176
207.181, 83744
207.184, 83744
207.185, 83744
207.186, 83744
207.187, 83744
207.191, 83528
207.195, 83528
207.197, 83528
207.198, 83528
207.199, 83528
207.21, 83528
207.214, 83528
207.22, 83528
207.23, 83528
207.235, 83528
207.25, 83528
207.252, 83528
207.253, 83528
207.254, 83528
207.255, 83528
207.257, 83528
207.258, 83528
207.259, 83528
207.261, 83528
207.262, 83528
207.263, 83528
207.265, 83528
207.266, 83312
207.27, 83312
207.273, 83312
207.281, 83528
207.283, 83744
207.286, 83744
207.287, 83744
207.288, 83744
207.29, 83744
207.291, 83744
207.292, 83528
207.293, 83528
207.294, 83528
207.296, 83528
207.297, 83528
207.298, 83528
207.299, 83528
207.301, 83312
207.302, 83312
207.304, 83312
207.305, 83312
207.306, 83312
207.308, 83312
207.309, 83096
207.31, 83096
207.312, 83096
207.313, 83096
207.315, 83096
207.32, 83312
207.322, 83312
207.324, 83312
207.325, 83312
207.326, 83528
207.327, 83528
207.329, 83528
207.33, 83528
207.331, 83528
207.333, 83528
207.334, 83312
207.335, 83312
207.337, 83312
207.339, 83312
207.341, 83312
207.344, 83312
207.347, 83312
207.35, 83312
207.353, 83528
207.355, 83528
207.36, 83528
207.365, 83528
207.369, 83528
207.371, 83528
207.372, 83528
207.373, 83528
207.375, 83528
207.376, 83528
207.38, 83312
207.383, 83312
207.385, 83312
207.387, 83312
207.389, 83312
207.392, 83312
207.393, 83312
207.396, 83744
207.398, 83744
207.399, 83744
207.4, 83744
207.401, 83744
207.403, 83744
207.404, 83744
207.407, 83744
207.412, 83528
207.414, 83528
207.415, 83528
207.416, 83528
207.417, 83528
207.418, 83528
207.42, 83528
207.421, 83528
207.422, 83528
207.424, 83528
207.425, 83528
207.426, 83528
207.427, 83528
207.432, 83528
207.435, 83528
207.437, 83528
207.438, 83528
207.44, 83528
207.441, 83528
207.443, 83528
207.444, 83528
207.445, 83312
207.447, 83312
207.448, 83312
207.451, 83312
207.46, 83312
207.463, 83312
207.465, 83312
207.466, 83312
207.468, 83312
207.471, 83312
207.475, 83312
207.483, 83312
207.487, 83312
207.489, 83312
207.491, 83312
207.493, 83312
207.494, 83312
207.496, 83096
207.498, 83096
207.499, 83096
207.501, 83096
207.503, 83096
207.509, 83096
207.51, 83096
207.513, 83096
207.515, 83096
207.517, 83096
207.518, 83096
207.519, 83096
207.521, 83096
207.527, 83528
207.528, 83528
207.53, 83528
207.531, 83744
207.532, 83744
207.533, 83744
207.535, 83744
207.536, 83744
207.537, 83744
207.538, 83744
207.541, 83960
207.543, 83960
207.544, 83960
207.545, 83960
207.546, 83960
207.548, 84176
207.551, 84176
207.552, 84176
207.554, 84176
207.555, 84176
207.556, 84392
207.563, 84392
207.565, 84176
207.566, 84176
207.567, 84176
207.569, 84176
207.57, 84176
207.572, 84176
207.573, 84392
207.574, 84392
207.576, 84392
207.577, 84392
207.578, 84392
207.58, 84392
207.582, 84176
207.583, 84176
207.585, 84176
207.586, 84176
207.587, 84176
207.589, 84176
207.59, 84392
207.591, 84392
207.592, 84392
207.593, 84392
207.595, 84392
207.596, 84392
207.597, 84392
207.599, 84392
207.6, 84392
207.601, 84392
207.603, 84392
207.604, 84392
207.61, 84392
207.612, 84392
207.622, 84392
207.623, 84392
207.625, 84176
207.626, 84176
207.627, 84176
207.628, 84176
207.63, 84176
207.632, 84176
207.633, 84392
207.635, 84392
207.636, 84392
207.645, 84392
207.647, 84392
207.649, 84392
207.65, 84392
207.652, 84392
207.653, 84392
207.655, 84392
207.656, 84392
207.658, 84392
207.665, 84392
207.666, 84392
207.667, 84392
207.669, 84392
207.67, 84392
207.671, 84392
207.673, 84392
207.674, 84392
207.675, 84608
207.676, 84608
207.678, 84608
207.679, 84608
207.68, 84608
207.681, 84608
207.683, 84608
207.684, 84608
207.685, 84608
207.686, 84608
207.688, 84608
207.689, 84608
207.69, 84608
207.692, 84608
207.693, 84824
207.694, 84824
207.695, 84824
207.697, 84824
207.698, 84824
207.699, 84824
207.701, 84824
207.702, 84824
207.703, 84824
207.704, 84824
207.705, 84824
207.706, 84824
207.708, 84824
207.709, 84824
207.71, 84824
207.711, 84824
207.713, 84824
207.714, 84824
207.715, 84824
207.716, 84824
207.718, 84824
207.719, 84824
207.72, 84824
207.721, 84824
207.722, 84824
207.723, 84824
207.725, 84824
207.726, 84824
207.727, 84824
207.728, 84824
207.73, 84824
207.731, 84824
207.732, 84824
207.734, 84824
207.735, 84824
207.737, 84824
207.738, 84824
207.739, 84824
207.741, 84824
207.742, 84824
207.743, 84824
207.744, 84824
207.746, 84824
207.747, 84824
207.748, 84824
207.75, 84824
207.751, 84824
207.752, 84824
207.754, 84824
207.756, 84824
207.757, 84824
207.759, 84824
207.76, 84824
207.762, 84608
207.763, 84608
207.765, 84608
207.766, 84608
207.767, 84608
207.768, 84608
207.769, 84608
207.771, 84608
207.772, 84608
207.773, 84608
207.774, 84608
207.775, 84608
207.776, 84608
207.778, 84608
207.779, 84608
207.78, 84608
207.781, 84608
207.783, 84608
207.784, 84608
207.785, 84608
207.786, 84608
207.788, 84608
207.789, 84608
207.79, 84608
207.792, 84608
207.793, 84608
207.794, 84608
207.796, 84608
207.797, 84608
207.798, 84608
207.8, 84608
207.801, 84608
207.803, 84608
207.804, 84608
207.806, 84608
207.807, 84608
207.809, 84608
207.81, 84608
207.812, 84608
207.813, 84608
207.815, 84608
207.816, 84608
207.817, 84608
207.819, 84608
207.82, 84608
207.821, 84392
207.822, 84392
207.824, 84392
207.825, 84392
207.826, 84392
207.828, 84392
207.829, 84392
207.831, 84392
207.832, 84392
207.833, 84392
207.835, 84392
207.836, 84392
207.837, 84392
207.838, 84392
207.84, 84392
207.841, 84392
207.842, 84392
207.843, 84392
207.844, 84392
207.846, 84392
207.847, 84392
207.848, 84392
207.849, 84392
207.85, 84392
207.851, 84392
207.853, 84392
207.854, 84392
207.855, 84392
207.857, 84392
207.858, 84392
207.86, 84392
207.861, 84392
207.862, 84392
207.864, 84608
207.865, 84608
207.866, 84608
207.868, 84608
207.869, 84608
207.87, 84608
207.872, 84392
207.873, 84392
207.874, 84392
207.876, 84392
207.877, 84392
207.878, 84392
207.88, 84392
207.881, 84392
207.882, 84392
207.884, 84392
207.885, 84392
207.887, 84392
207.888, 84392
207.889, 84608
207.891, 84608
207.892, 84608
207.893, 84608
207.895, 84608
207.896, 84608
207.897, 84608
207.898, 84608
207.9, 84608
207.901, 84608
207.903, 84608
207.904, 84608
207.905, 84608
207.907, 84392
207.908, 84392
207.909, 84392
207.911, 84392
207.912, 84392
207.914, 84392
207.915, 84392
207.916, 84392
207.917, 84392
207.918, 84392
207.919, 84392
207.921, 84392
207.922, 84392
207.923, 83960
207.924, 83960
207.925, 83960
207.927, 83960
207.928, 83960
207.929, 83960
207.93, 83960
207.932, 83960
207.933, 83960
207.934, 83960
207.935, 83960
207.937, 83960
207.939, 83960
207.94, 83744
207.942, 83744
207.943, 83744
207.945, 83744
207.946, 83744
207.947, 83744
207.949, 83960
207.95, 83960
207.951, 83960
207.952, 83960
207.953, 83960
207.955, 83960
207.956, 83960
207.957, 83960
207.958, 83960
207.959, 83960
207.96, 83960
207.961, 83960
207.963, 83960
207.964, 83960
207.965, 83960
207.966, 83744
207.968, 83744
207.969, 83744
207.97, 83744
207.972, 83744
207.973, 83744
207.975, 83960
207.976, 83960
207.977, 83960
207.978, 83960
207.979, 83960
207.98, 83960
207.982, 83960
207.983, 83744
207.984, 83744
207.985, 83744
207.986, 83744
207.987, 83744
207.988, 83744
207.99, 83744
207.991, 83744
207.992, 83744
207.993, 83744
207.994, 83744
207.995, 83744
207.996, 83744
207.998, 83744
207.999, 83744
208, 83528
208.001, 83528
208.003, 83528
208.004, 83528
208.006, 83528
208.007, 83528
208.008, 83960
208.009, 83960
208.01, 83960
208.011, 83960
208.013, 83960
208.014, 83960
208.015, 83960
208.016, 83960
208.017, 84392
208.019, 84392
208.02, 84392
208.022, 84392
208.023, 84392
208.025, 84392
208.026, 84392
208.027, 84392
208.029, 84392
208.03, 84392
208.031, 84392
208.033, 84392
208.034, 84392
208.035, 84392
208.037, 84392
208.038, 84392
208.039, 84392
208.04, 84392
208.041, 84392
208.042, 84608
208.044, 84608
208.045, 84608
208.046, 84608
208.047, 84608
208.048, 84608
208.049, 84608
208.051, 84608
208.052, 84608
208.054, 84608
208.055, 84608
208.057, 84608
208.058, 84608
208.059, 84608
208.06, 84608
208.061, 84608
208.062, 84608
208.064, 84608
208.065, 84608
208.066, 84608
208.067, 84608
208.068, 84608
208.07, 84608
208.071, 84608
208.073, 84608
208.074, 84608
208.075, 84608
208.077, 84608
208.079, 84608
208.081, 84608
208.082, 84608
208.083, 84608
208.085, 84608
208.086, 84392
208.087, 84392
208.089, 84392
208.09, 84392
208.091, 84392
208.092, 84392
208.093, 84392
208.094, 84608
208.095, 84608
208.097, 84608
208.098, 84608
208.099, 84608
208.101, 84608
208.102, 84392
208.103, 84392
208.105, 84392
208.106, 84392
208.11, 84392
208.111, 84608
208.113, 84608
208.114, 84608
208.115, 84608
208.117, 84608
208.118, 84608
208.124, 84608
208.126, 84608
208.128, 84608
208.129, 84608
208.13, 84608
208.132, 84608
208.133, 84608
208.134, 84608
208.135, 84608
208.137, 84824
208.138, 84824
208.139, 84824
208.141, 84824
208.142, 84824
208.144, 84824
208.145, 84824
208.146, 84824
208.148, 84824
208.149, 84824
208.15, 84824
208.152, 84824
208.153, 84824
208.154, 84824
208.156, 84824
208.157, 84824
208.158, 84824
208.16, 84824
208.161, 84824
208.162, 84824
208.164, 84824
208.165, 84824
208.167, 84824
208.169, 84824
208.171, 84824
208.173, 84824
208.175, 84824
208.176, 84824
208.178, 84824
208.179, 84608
208.18, 84608
208.182, 84608
208.183, 84608
208.184, 84608
208.185, 84608
208.187, 84608
208.188, 84608
208.189, 84608
208.192, 84608
208.194, 84608
208.195, 84608
208.196, 84824
208.198, 84824
208.199, 84824
208.2, 84824
208.202, 84824
208.204, 84824
208.205, 84824
208.207, 84824
208.208, 84824
208.209, 84824
208.222, 84824
208.223, 84824
208.225, 84824
208.226, 84824
208.227, 84824
208.228, 84824
208.23, 84824
208.231, 84824
208.232, 84824
208.233, 84824
208.234, 84824
208.235, 84824
208.237, 84824
208.238, 84824
208.239, 84824
208.241, 84824
208.242, 84824
208.243, 84824
208.244, 84824
208.245, 84824
208.246, 84824
208.248, 84824
208.249, 84824
208.25, 84824
208.251, 84824
208.253, 84824
208.262, 84824
208.263, 84824
208.264, 85040
208.266, 85040
208.267, 85040
208.268, 85040
208.269, 85040
208.27, 85040
208.271, 85040
208.272, 84608
208.274, 84608
208.275, 84608
208.276, 84608
208.277, 84608
208.278, 84608
208.279, 84608
208.281, 84608
208.282, 84176
208.283, 84176
208.285, 84176
208.286, 84176
208.288, 84176
208.289, 84176
208.29, 84392
208.292, 84392
208.293, 84392
208.294, 84392
208.296, 84392
208.297, 84392
208.298, 84608
208.299, 84608
208.3, 84608
208.302, 84608
208.303, 84608
208.304, 84608
208.305, 84608
208.306, 84608
208.308, 84608
208.309, 84608
208.31, 84608
208.311, 84608
208.313, 84608
208.314, 84608
208.315, 84608
208.317, 84608
208.318, 84608
208.319, 84608
208.321, 84608
208.322, 84608
208.323, 84608
208.325, 84608
208.326, 84608
208.327, 84608
208.329, 84608
208.33, 84608
208.332, 84608
208.333, 84608
208.334, 84608
208.335, 84608
208.337, 84608
208.338, 84608
208.34, 84608
208.341, 84608
208.342, 84608
208.344, 84608
208.345, 84608
208.346, 84608
208.348, 84608
208.349, 84608
208.35, 84608
208.352, 84608
208.353, 84608
208.354, 84608
208.355, 84608
208.357, 84608
208.358, 84608
208.359, 84608
208.361, 84608
208.362, 84608
208.364, 84608
208.365, 84608
208.366, 84608
208.368, 84608
208.369, 84608
208.371, 84608
208.372, 84608
208.373, 84608
208.375, 84608
208.376, 84608
208.377, 84608
208.378, 84608
208.379, 84608
208.381, 84608
208.382, 84608
208.383, 84608
208.384, 84392
208.386, 84392
208.387, 84392
208.388, 84392
208.389, 84392
208.391, 84392
208.392, 84608
208.393, 84608
208.394, 84608
208.395, 84608
208.397, 84608
208.398, 84608
208.399, 84608
208.401, 84608
208.402, 84608
208.403, 84608
208.404, 84608
208.405, 84608
208.406, 84608
208.408, 84608
208.409, 84608
208.41, 84608
208.412, 84608
208.413, 84608
208.415, 84608
208.416, 84608
208.417, 84608
208.418, 84608
208.42, 84608
208.421, 84608
208.422, 84608
208.423, 84608
208.424, 84608
208.425, 84608
208.427, 84608
208.428, 84608
208.429, 84608
208.43, 84608
208.432, 84608
208.433, 84608
208.434, 84608
208.436, 84608
208.437, 84608
208.438, 84608
208.44, 84608
208.441, 84608
208.443, 84608
208.444, 84608
208.445, 84608
208.447, 84608
208.448, 84608
208.449, 84608
208.45, 84608
208.452, 84608
208.453, 84608
208.454, 84608
208.456, 84608
208.457, 84608
208.459, 84608
208.46, 84608
208.461, 84608
208.462, 84608
208.464, 84608
208.465, 84608
208.466, 84608
208.468, 84608
208.469, 84608
208.471, 84608
208.472, 84608
208.474, 84608
208.475, 84608
208.476, 84608
208.478, 84608
208.479, 84608
208.481, 84608
208.482, 84608
208.483, 84608
208.485, 84608
208.486, 84392
208.487, 84392
208.489, 84392
208.49, 84392
208.491, 84392
208.493, 84392
208.494, 84392
208.495, 84392
208.497, 84392
208.498, 84392
208.5, 84392
208.501, 84392
208.502, 84392
208.504, 84392
208.505, 84392
208.506, 84392
208.508, 84392
208.509, 84392
208.51, 84392
208.512, 84392
208.513, 84392
208.514, 84392
208.516, 84392
208.517, 84392
208.518, 84392
208.519, 84392
208.52, 84392
208.521, 84392
208.523, 84392
208.524, 84392
208.525, 84392
208.527, 84392
208.528, 84392
208.529, 84608
208.53, 84608
208.531, 84608
208.533, 84608
208.534, 84608
208.535, 84608
208.536, 84608
208.537, 84392
208.538, 84392
208.54, 84392
208.541, 84392
208.542, 84392
208.543, 84392
208.545, 84392
208.546, 84392
208.547, 84392
208.548, 84392
208.549, 84392
208.55, 84392
208.552, 84392
208.553, 84392
208.555, 83960
208.556, 83960
208.558, 83960
208.559, 83960
208.56, 83960
208.562, 83960
208.563, 84176
208.564, 84176
208.566, 84176
208.567, 84176
208.568, 84176
208.569, 84176
208.57, 84176
208.571, 84176
208.573, 84176
208.574, 84176
208.575, 84176
208.576, 84176
208.577, 84176
208.578, 84176
208.58, 84176
208.581, 84176
208.582, 84176
208.583, 84176
208.585, 84176
208.586, 84176
208.588, 84176
208.589, 84392
208.59, 84392
208.592, 84392
208.593, 84392
208.594, 84392
208.595, 84392
208.596, 84392
208.597, 84392
208.599, 84392
208.6, 84392
208.601, 84392
208.602, 84392
208.603, 84392
208.604, 84392
208.605, 84392
208.607, 84392
208.608, 84392
208.609, 84392
208.61, 84392
208.611, 84392
208.612, 84392
208.614, 84392
208.615, 84392
208.616, 84392
208.617, 84392
208.618, 84392
208.62, 84392
208.621, 84392
208.622, 84392
208.624, 84392
208.625, 84392
208.626, 84392
208.627, 84392
208.628, 84392
208.63, 84392
208.631, 84392
208.632, 83960
208.633, 83960
208.634, 83960
208.636, 83960
208.637, 83960
208.639, 83960
208.64, 83960
208.641, 83960
208.643, 83960
208.644, 83960
208.645, 83960
208.647, 83960
208.648, 84176
208.649, 84176
208.651, 84176
208.652, 84176
208.653, 84176
208.654, 84176
208.655, 84176
208.656, 84176
208.657, 84176
208.659, 84176
208.66, 84176
208.661, 84176
208.662, 84176
208.663, 84176
208.665, 84176
208.666, 83960
208.667, 83960
208.669, 83960
208.67, 83960
208.672, 83960
208.673, 83960
208.674, 84176
208.676, 84176
208.677, 84176
208.678, 84176
208.68, 84176
208.681, 84176
208.683, 83960
208.684, 83960
208.686, 83960
208.687, 83960
208.688, 83960
208.69, 83960
208.691, 84176
208.692, 84176
208.693, 84176
208.695, 84176
208.696, 84176
208.697, 84176
208.698, 84176
208.699, 84392
208.701, 84392
208.702, 84392
208.703, 84392
208.704, 84392
208.705, 84392
208.706, 84392
208.707, 84392
208.709, 83960
208.71, 83960
208.711, 83960
208.713, 83960
208.714, 83960
208.715, 83960
208.717, 83960
208.718, 83960
208.719, 83960
208.721, 83960
208.722, 83960
208.723, 83960
208.724, 83960
208.725, 83744
208.726, 83744
208.728, 83744
208.729, 83744
208.73, 83744
208.731, 83744
208.732, 83744
208.733, 83744
208.734, 83744
208.736, 83744
208.737, 83744
208.738, 83744
208.739, 83744
208.74, 83744
208.741, 83744
208.742, 83744
208.744, 83744
208.745, 83744
208.746, 83744
208.747, 83744
208.748, 83744
208.749, 83744
208.75, 83744
208.752, 83744
208.753, 83744
208.754, 83744
208.755, 83744
208.756, 83744
208.757, 83744
208.758, 83744
208.76, 83744
208.761, 83744
208.762, 83744
208.763, 83744
208.764, 83744
208.765, 83744
208.766, 83744
208.768, 83744
208.769, 83744
208.77, 83744
208.771, 83744
208.772, 83744
208.773, 83744
208.774, 83744
208.776, 83744
208.777, 83744
208.778, 83744
208.779, 83744
208.78, 83744
208.782, 83744
208.783, 83744
208.784, 83744
208.785, 83528
208.786, 83528
208.788, 83528
208.789, 83528
208.79, 83528
208.791, 83528
208.792, 83528
208.794, 83528
208.795, 83528
208.796, 83528
208.797, 83528
208.798, 83528
208.799, 83528
208.8, 83528
208.802, 83528
208.803, 83528
208.804, 83528
208.805, 83528
208.806, 83528
208.807, 83528
208.808, 83528
208.81, 83528
208.811, 83744
208.812, 83744
208.813, 83744
208.814, 83744
208.815, 83744
208.816, 83744
208.817, 83744
208.819, 83744
208.82, 83744
208.821, 83744
208.822, 83744
208.824, 83744
208.825, 83744
208.826, 83744
208.827, 83960
208.829, 83960
208.83, 83960
208.831, 83960
208.832, 83960
208.834, 83960
208.835, 83960
208.836, 83960
208.837, 83960
208.839, 83960
208.84, 83960
208.841, 83960
208.842, 83960
208.843, 83960
208.844, 84176
208.846, 84176
208.847, 84176
208.848, 84176
208.849, 84176
208.85, 84176
208.852, 84176
208.853, 84176
208.854, 84176
208.855, 84176
208.856, 84176
208.858, 84176
208.859, 84176
208.86, 84176
208.861, 84176
208.862, 84392
208.863, 84392
208.865, 84392
208.866, 84392
208.867, 84392
208.868, 84392
208.869, 84392
208.87, 84392
208.872, 84392
208.873, 84392
208.874, 84392
208.875, 84392
208.876, 84392
208.877, 84392
208.879, 84176
208.88, 84176
208.881, 84176
208.882, 84176
208.883, 84176
208.885, 84176
208.886, 84176
208.887, 84176
208.888, 84176
208.889, 84176
208.891, 84176
208.892, 84176
208.893, 84176
208.894, 84176
208.895, 84176
208.896, 84392
208.898, 84392
208.899, 84392
208.9, 84392
208.901, 84392
208.902, 84392
208.903, 84392
208.905, 84176
208.906, 84176
208.907, 84176
208.909, 84176
208.91, 84176
208.911, 84176
208.913, 84392
208.914, 84392
208.915, 84392
208.916, 84392
208.918, 84392
208.919, 84392
208.92, 84392
208.921, 84392
208.922, 84392
208.923, 84392
208.925, 84392
208.926, 84392
208.927, 84392
208.928, 84392
208.929, 84392
208.93, 84392
208.932, 84392
208.933, 84392
208.934, 84392
208.936, 84392
208.937, 84392
208.938, 84392
208.939, 84392
208.94, 84392
208.941, 84392
208.943, 84392
208.944, 84392
208.945, 84392
208.946, 84392
208.948, 83960
208.949, 83960
208.952, 83960
208.953, 83960
208.955, 84176
208.957, 84176
208.958, 84176
208.959, 84176
208.96, 84176
208.962, 84176
208.963, 84176
208.964, 84176
208.965, 84176
208.966, 84176
208.968, 84176
208.969, 84176
208.97, 84176
208.971, 84176
208.972, 84176
208.973, 84176
208.974, 84176
208.976, 84176
208.977, 84176
208.978, 84176
208.979, 84176
208.98, 84176
208.981, 84176
208.983, 84176
208.984, 84176
208.985, 84176
208.986, 84176
208.987, 84176
208.988, 84176
208.99, 84176
208.991, 84176
208.992, 84176
208.993, 84176
208.994, 84176
208.995, 84176
208.996, 84176
208.998, 84176
208.999, 84176
209, 84176
209.001, 84176
209.002, 84176
209.003, 84176
209.004, 84176
209.006, 84176
209.007, 83960
209.008, 83960
209.009, 83960
209.01, 83960
209.011, 83960
209.013, 83960
209.014, 83960
209.015, 83960
209.016, 83960
209.017, 83960
209.018, 83960
209.019, 83960
209.021, 83960
209.022, 83960
209.023, 83960
209.024, 83960
209.025, 83960
209.026, 83960
209.027, 83960
209.029, 83960
209.03, 83960
209.031, 83960
209.032, 83960
209.033, 83960
209.034, 83960
209.035, 83960
209.037, 83960
209.038, 83960
209.039, 83960
209.04, 83960
209.041, 83744
209.042, 83744
209.043, 83744
209.045, 83744
209.046, 83744
209.047, 83744
209.048, 83744
209.049, 83960
209.05, 83960
209.051, 83960
209.053, 83960
209.054, 83960
209.055, 83960
209.056, 83960
209.057, 83960
209.058, 83960
209.059, 83960
209.061, 83960
209.062, 83960
209.063, 83960
209.064, 83960
209.065, 83960
209.066, 83960
209.067, 83960
209.069, 83960
209.07, 83960
209.073, 83960
209.081, 84176
209.083, 84176
209.084, 84392
209.087, 84392
209.088, 84392
209.09, 84392
209.091, 84392
209.092, 84608
209.094, 84608
209.095, 84608
209.096, 84608
209.097, 84608
209.099, 84608
209.1, 84608
209.101, 84608
209.102, 84608
209.103, 84608
209.104, 84608
209.105, 84608
209.107, 84608
209.108, 84608
209.109, 84608
209.11, 84608
209.111, 84608
209.112, 84608
209.113, 84608
209.115, 84608
209.116, 84608
209.117, 84608
209.118, 84392
209.119, 84392
209.12, 84392
209.121, 84392
209.123, 84392
209.124, 84392
209.125, 84392
209.126, 84392
209.127, 84392
209.128, 84392
209.129, 84392
209.131, 84392
209.132, 84392
209.133, 84392
209.134, 84392
209.135, 84176
209.136, 84176
209.137, 84176
209.139, 84176
209.14, 84176
209.141, 84176
209.142, 84176
209.143, 84176
209.144, 84176
209.145, 84176
209.147, 84176
209.148, 84176
209.149, 84176
209.15, 84176
209.151, 84176
209.152, 83960
209.153, 83960
209.155, 83960
209.156, 83960
209.157, 83960
209.158, 83960
209.159, 83960
209.16, 83960
209.161, 83960
209.163, 83960
209.164, 83960
209.165, 83960
209.166, 83960
209.167, 83960
209.168, 83960
209.169, 83960
209.171, 83960
209.172, 83960
209.173, 83960
209.174, 83960
209.175, 83960
209.176, 83960
209.177, 83744
209.179, 83744
209.18, 83744
209.181, 83744
209.182, 83744
209.183, 83744
209.184, 83744
209.185, 83744
209.187, 83744
209.188, 83744
209.189, 83744
209.19, 83744
209.191, 83744
209.192, 83744
209.194, 83744
209.195, 83744
209.196, 83744
209.197, 83744
209.198, 83744
209.2, 83744
209.201, 83744
209.204, 83744
209.205, 83744
209.207, 83744
209.208, 83744
209.21, 83744
209.211, 83744
209.212, 84176
209.214, 84176
209.215, 84176
209.216, 84176
209.217, 84176
209.219, 84176
209.22, 84176
209.221, 84176
209.222, 84176
209.224, 84176
209.225, 84176
209.226, 84176
209.227, 84176
209.228, 83960
209.229, 83960
209.231, 83960
209.232, 83960
209.233, 83960
209.234, 83960
209.235, 83960
209.236, 83960
209.238, 83960
209.239, 83960
209.24, 83960
209.241, 83960
209.242, 83960
209.243, 83960
209.245, 83960
209.246, 83960
209.247, 83960
209.248, 83960
209.249, 83960
209.25, 83960
209.251, 83960
209.253, 83960
209.254, 83960
209.255, 83960
209.256, 83960
209.257, 83960
209.259, 83960
209.26, 83960
209.261, 83960
209.265, 83960
209.267, 83960
209.269, 83960
209.271, 83960
209.272, 84392
209.273, 84392
209.275, 84392
209.276, 84392
209.277, 84392
209.279, 84392
209.28, 84608
209.281, 84608
209.283, 84608
209.284, 84608
209.285, 84608
209.286, 84608
209.287, 84608
209.288, 84608
209.29, 84608
209.291, 84608
209.292, 84608
209.293, 84608
209.295, 84608
209.296, 84608
209.297, 84392
209.301, 84392
209.305, 84392
209.307, 84392
209.308, 84392
209.309, 84392
209.311, 84392
209.312, 84392
209.313, 84392
209.314, 84824
209.315, 84824
209.317, 84824
209.318, 84824
209.319, 84824
209.32, 84824
209.321, 84824
209.323, 84824
209.324, 84824
209.325, 84824
209.326, 84824
209.327, 84824
209.329, 84824
209.33, 84824
209.334, 84608
209.338, 84608
209.348, 84824
209.349, 84824
209.351, 84824
209.352, 84824
209.353, 84824
209.354, 84824
209.355, 84824
209.357, 84824
209.358, 84824
209.359, 84824
209.361, 84824
209.362, 84824
209.363, 84824
209.365, 84824
209.366, 84824
209.368, 84824
209.369, 84824
209.371, 84824
209.372, 84824
209.373, 84824
209.374, 84824
209.376, 84824
209.377, 84824
209.378, 84824
209.379, 84824
209.381, 84824
209.382, 84824
209.383, 84824
209.384, 84824
209.386, 84824
209.387, 84824
209.388, 84824
209.39, 84824
209.391, 84824
209.392, 84824
209.394, 84824
209.395, 84824
209.396, 84824
209.397, 84824
209.399, 84824
209.4, 84608
209.401, 84608
209.402, 84608
209.404, 84608
209.405, 84608
209.406, 84608
209.407, 84608
209.409, 84608
209.41, 84608
209.411, 84608
209.413, 84608
209.414, 84608
209.415, 84608
209.417, 84392
209.418, 84392
209.419, 84392
209.42, 84392
209.422, 84392
209.423, 84392
209.424, 84392
209.426, 84392
209.427, 84392
209.428, 84392
209.43, 84392
209.431, 84392
209.432, 84392
209.433, 84392
209.435, 84392
209.436, 84392
209.437, 84392
209.439, 84392
209.44, 84392
209.441, 84392
209.443, 84392
209.444, 84392
209.445, 84392
209.447, 84392
209.448, 84392
209.449, 84392
209.45, 84176
209.452, 84176
209.453, 84176
209.454, 84176
209.455, 84176
209.456, 84176
209.458, 84176
209.459, 84392
209.46, 84392
209.461, 84392
209.462, 84392
209.463, 84392
209.464, 84392
209.466, 84392
209.467, 84392
209.468, 84392
209.469, 84392
209.47, 84392
209.471, 84392
209.473, 84392
209.474, 84392
209.475, 84392
209.476, 84176
209.477, 84176
209.478, 84176
209.48, 84176
209.481, 84176
209.482, 84176
209.483, 84176
209.484, 84176
209.485, 83960
209.486, 83960
209.488, 83960
209.489, 83960
209.49, 83960
209.491, 83960
209.492, 83960
209.493, 83960
209.495, 83960
209.496, 83960
209.497, 83960
209.498, 83960
209.499, 83960
209.5, 83960
209.502, 83744
209.503, 83744
209.504, 83744
209.505, 83744
209.506, 83744
209.507, 83744
209.509, 83744
209.51, 83744
209.511, 83744
209.512, 83744
209.513, 83744
209.514, 83744
209.516, 83744
209.517, 83744
209.518, 83744
209.519, 83744
209.52, 83744
209.521, 83744
209.523, 83744
209.524, 83744
209.525, 83744
209.526, 83744
209.527, 83744
209.528, 83744
209.53, 83744
209.531, 83744
209.532, 83744
209.533, 83744
209.534, 83744
209.535, 83744
209.537, 83744
209.538, 83744
209.539, 83744
209.54, 83744
209.541, 83744
209.542, 83744
209.544, 83744
209.545, 83744
209.546, 83744
209.547, 83744
209.548, 83744
209.549, 83744
209.551, 83744
209.552, 83744
209.553, 83960
209.554, 83960
209.555, 83960
209.556, 83960
209.558, 83960
209.559, 83960
209.56, 83960
209.561, 83960
209.562, 83960
209.563, 83960
209.565, 83960
209.566, 83960
209.567, 83960
209.568, 83960
209.569, 83960
209.57, 83960
209.571, 83960
209.573, 83960
209.574, 83960
209.575, 83960
209.576, 83960
209.577, 83960
209.578, 83960
209.58, 83960
209.581, 83960
209.582, 83960
209.583, 83960
209.584, 83960
209.585, 83960
209.587, 83960
209.588, 83960
209.589, 83960
209.59, 83960
209.591, 83960
209.592, 83960
209.593, 83960
209.595, 83960
209.596, 84176
209.597, 84176
209.598, 84176
209.599, 84176
209.6, 84176
209.602, 84176
209.603, 84176
209.604, 84176
209.605, 84176
209.606, 84176
209.607, 84176
209.609, 84176
209.61, 84176
209.611, 84176
209.612, 84176
209.613, 84176
209.614, 84176
209.616, 84176
209.617, 84176
209.618, 84176
209.619, 84176
209.62, 84176
209.621, 84176
209.638, 84176
209.65, 84176
209.651, 84176
209.653, 84176
209.654, 84176
209.655, 84176
209.656, 84176
209.658, 84176
209.659, 84176
209.66, 84176
209.661, 84176
209.663, 84176
209.664, 84392
209.665, 84392
209.673, 84176
209.675, 84176
209.69, 84176
209.692, 84176
209.694, 84176
209.695, 84176
209.697, 84176
209.698, 84392
209.7, 84392
209.701, 84392
209.702, 84392
209.703, 84392
209.705, 84392
209.71, 84392
209.714, 84392
209.715, 84392
209.717, 84392
209.718, 84392
209.719, 84392
209.72, 84392
209.722, 84392
209.723, 84392
209.724, 84392
209.725, 84392
209.726, 84392
209.728, 84392
209.729, 84392
209.73, 84392
209.731, 84392
209.732, 84176
209.733, 84176
209.735, 84176
209.736, 84176
209.737, 84176
209.738, 84176
209.74, 84176
209.741, 84176
209.746, 84176
209.748, 84176
209.749, 84392
209.75, 84392
209.752, 84392
209.753, 84392
209.754, 84392
209.76, 84392
209.762, 84392
209.763, 84392
209.764, 84392
209.765, 84392
209.767, 84392
209.768, 84392
209.769, 84392
209.771, 84392
209.772, 84392
209.773, 84392
209.775, 84392
209.776, 84392
209.777, 84392
209.778, 84392
209.78, 84392
209.781, 84392
209.782, 84392
209.783, 84392
209.785, 84392
209.786, 84392
209.787, 84392
209.789, 84392
209.79, 84392
209.791, 84392
209.792, 84392
209.794, 84392
209.795, 84392
209.796, 84392
209.797, 84392
209.799, 84392
209.8, 84392
209.801, 84392
209.803, 84392
209.804, 84392
209.805, 84392
209.806, 84392
209.808, 84392
209.809, 84392
209.81, 84392
209.811, 84392
209.813, 84392
209.814, 84392
209.815, 84392
209.816, 84392
209.818, 84392
209.819, 84392
209.82, 84392
209.822, 84392
209.842, 84392
209.845, 84392
209.846, 84392
209.847, 84392
209.849, 84392
209.85, 84392
209.851, 84608
209.853, 84608
209.854, 84608
209.855, 84608
209.856, 84608
209.857, 84608
209.858, 84608
209.859, 84608
209.861, 84608
209.862, 84608
209.863, 84608
209.864, 84608
209.865, 84608
209.866, 84608
209.867, 84608
209.868, 84176
209.87, 84176
209.871, 84176
209.872, 84176
209.873, 84176
209.874, 84176
209.875, 84176
209.876, 84176
209.878, 84392
209.879, 84392
209.88, 84392
209.881, 84392
209.882, 84392
209.883, 84392
209.884, 84392
209.886, 84176
209.887, 84176
209.888, 84176
209.889, 84176
209.89, 84176
209.891, 84176
209.892, 84176
209.894, 84176
209.895, 84176
209.896, 84176
209.897, 84176
209.898, 84176
209.899, 84176
209.9, 84176
209.902, 84176
209.903, 84176
209.904, 84176
209.905, 84176
209.906, 84176
209.907, 84176
209.908, 84176
209.91, 84176
209.911, 84176
209.912, 84176
209.913, 84176
209.914, 84176
209.915, 84176
209.916, 84176
209.918, 84176
209.919, 84176
209.92, 84176
209.921, 84176
209.922, 84176
209.923, 84176
209.924, 84176
209.926, 84176
209.927, 84176
209.928, 84176
209.929, 83960
209.93, 83960
209.931, 83960
209.932, 83960
209.934, 83960
209.935, 83960
209.936, 83960
209.937, 83960
209.938, 83960
209.939, 83960
209.94, 83960
209.942, 83960
209.943, 83960
209.944, 83960
209.945, 83960
209.946, 83960
209.947, 83960
209.948, 83960
209.95, 83960
209.951, 83960
209.952, 83960
209.953, 83960
209.954, 83744
209.955, 83744
209.956, 83744
209.958, 83744
209.959, 83744
209.96, 83744
209.961, 83744
209.962, 83960
209.963, 83960
209.964, 83960
209.966, 83960
209.967, 83960
209.968, 83960
209.969, 83960
209.97, 83960
209.971, 83960
209.972, 83960
209.974, 83960
209.975, 83960
209.976, 83960
209.977, 83960
209.978, 83960
209.979, 83960
209.98, 83960
209.982, 83960
209.983, 83960
209.984, 83960
209.985, 83960
209.986, 83960
209.987, 83960
209.988, 83960
209.99, 83960
209.991, 83960
209.992, 83960
209.993, 83960
209.994, 83960
209.995, 83960
209.996, 83960
209.998, 83960
209.999, 83960
210, 83960
210.001, 83960
210.002, 83960
210.003, 83960
210.005, 83960
210.006, 83960
210.007, 83960
210.008, 83960
210.009, 83960
210.01, 83960
210.011, 83960
210.013, 83960
210.014, 83960
210.015, 83960
210.016, 83960
210.017, 83960
210.018, 83960
210.019, 83960
210.02, 83960
210.022, 83960
210.023, 83960
210.024, 83960
210.025, 83960
210.026, 83960
210.027, 83960
210.028, 83960
210.03, 83960
210.031, 83960
210.032, 83960
210.033, 83960
210.034, 83960
210.035, 83960
210.036, 83960
210.038, 83960
210.039, 83960
210.04, 83960
210.041, 83960
210.042, 83960
210.043, 83960
210.044, 83960
210.046, 83960
210.047, 83960
210.048, 83960
210.049, 83960
210.05, 83960
210.051, 83960
210.052, 83960
210.054, 83960
210.055, 83960
210.056, 83960
210.057, 83960
210.058, 83960
210.059, 83960
210.06, 83960
210.062, 83960
210.063, 83960
210.064, 83960
210.065, 84176
210.066, 84176
210.067, 84176
210.068, 84176
210.07, 84176
210.071, 84176
210.072, 84176
210.073, 83960
210.074, 83960
210.075, 83960
210.076, 83960
210.078, 83960
210.079, 83960
210.08, 83960
210.081, 83960
210.082, 83960
210.083, 83960
210.085, 83960
210.086, 83960
210.087, 83960
210.088, 83960
210.089, 83960
210.09, 84176
210.091, 84176
210.093, 84176
210.094, 84176
210.095, 84176
210.096, 84176
210.097, 84176
210.098, 84176
210.099, 83960
210.101, 83960
210.102, 83960
210.103, 83960
210.104, 83960
210.105, 83960
210.106, 83960
210.107, 83960
210.109, 83960
210.11, 83960
210.111, 83960
210.112, 83960
210.113, 83960
210.114, 83960
210.115, 83960
210.117, 83960
210.118, 83960
210.119, 83960
210.12, 83960
210.121, 83960
210.122, 83960
210.123, 83960
210.125, 84176
210.126, 84176
210.127, 84176
210.128, 84176
210.129, 84176
210.13, 84176
210.131, 84176
210.133, 84176
210.134, 84176
210.135, 84176
210.136, 84176
210.137, 84176
210.138, 84176
210.139, 84176
210.141, 84176
210.142, 83960
210.143, 83960
210.144, 83960
210.145, 83960
210.146, 83960
210.166, 84392
210.167, 84392
210.169, 84392
210.17, 84392
210.172, 84392
210.173, 84392
210.174, 84392
210.176, 84392
210.177, 84392
210.179, 84392
210.18, 84392
210.181, 84392
210.182, 84392
210.183, 84392
210.184, 84608
210.186, 84608
210.187, 84608
210.188, 84608
210.189, 84608
210.191, 84608
210.192, 84608
210.193, 84392
210.195, 84392
210.196, 84392
210.197, 84392
210.198, 84392
210.2, 84392
210.202, 84608
210.203, 84608
210.205, 84608
210.206, 84608
210.207, 84608
210.208, 84608
210.21, 84824
210.211, 84824
210.212, 84824
210.213, 84824
210.215, 84824
210.216, 84824
210.218, 84824
210.219, 84392
210.22, 84392
210.222, 84392
210.223, 84392
210.224, 84392
210.225, 84392
210.227, 84392
210.228, 84392
210.229, 84392
210.23, 84392
210.232, 84392
210.233, 84392
210.234, 84392
210.235, 84392
210.237, 84392
210.238, 84392
210.239, 84392
210.24, 84392
210.242, 84392
210.243, 84392
210.244, 84176
210.246, 84176
210.247, 84176
210.248, 84176
210.249, 84176
210.251, 84176
210.252, 84176
210.253, 84176
210.255, 84176
210.256, 84176
210.257, 84176
210.258, 84176
210.26, 84176
210.261, 84176
210.262, 84176
210.263, 84176
210.265, 84176
210.266, 84176
210.267, 84176
210.268, 84176
210.269, 84176
210.271, 84176
210.272, 84176
210.273, 84176
210.274, 84176
210.276, 84176
210.277, 84176
210.278, 84176
210.279, 84176
210.281, 84176
210.282, 84176
210.283, 84176
210.285, 84176
210.286, 84176
210.287, 84392
210.288, 84392
210.29, 84392
210.291, 84392
210.292, 84392
210.293, 84392
210.295, 84392
210.296, 84176
210.297, 84176
210.298, 84176
210.299, 84176
210.3, 84176
210.302, 84176
210.303, 84176
210.304, 84176
210.305, 84176
210.306, 84176
210.307, 84176
210.308, 84176
210.31, 84176
210.311, 84176
210.312, 84176
210.313, 84176
210.314, 84176
210.315, 84176
210.316, 84176
210.318, 84176
210.319, 84176
210.32, 84176
210.321, 84176
210.322, 84176
210.323, 84176
210.324, 84176
210.326, 84176
210.327, 84176
210.328, 84176
210.329, 84176
210.33, 84176
210.331, 84176
210.332, 84176
210.334, 84176
210.335, 84176
210.336, 84176
210.337, 84176
210.338, 84176
210.34, 84176
210.341, 84176
210.342, 84176
210.343, 84176
210.344, 84176
210.345, 84176
210.347, 84176
210.348, 84176
210.349, 84176
210.35, 84176
210.351, 84176
210.352, 84176
210.353, 84176
210.355, 84176
210.356, 83960
210.357, 83960
210.358, 83960
210.359, 83960
210.36, 83960
210.361, 83960
210.363, 83960
210.364, 83960
210.365, 83960
210.366, 83960
210.367, 83960
210.368, 83960
210.369, 83960
210.371, 83960
210.372, 84176
210.373, 84176
210.374, 84176
210.375, 84176
210.376, 84176
210.377, 84176
210.379, 84176
210.38, 84176
210.381, 84176
210.382, 84176
210.383, 84176
210.384, 84176
210.385, 84176
210.387, 84176
210.388, 84176
210.389, 84176
210.39, 84176
210.391, 84176
210.392, 84176
210.393, 84176
210.395, 84176
210.396, 84176
210.397, 84176
210.398, 84392
210.399, 84392
210.4, 84392
210.401, 84392
210.402, 84392
210.404, 84392
210.405, 84392
210.406, 84392
210.407, 84392
210.408, 84392
210.409, 84392
210.41, 84392
210.412, 84392
210.413, 84392
210.414, 84392
210.415, 84392
210.416, 84392
210.417, 84392
210.418, 84392
210.419, 84392
210.421, 84392
210.422, 84392
210.423, 84392
210.424, 84176
210.425, 84176
210.426, 84176
210.427, 84176
210.429, 84176
210.43, 84176
210.431, 84176
210.432, 84176
210.433, 84176
210.434, 84176
210.435, 84176
210.436, 84176
210.438, 84176
210.439, 84176
210.44, 84176
210.441, 84176
210.443, 84176
210.444, 84176
210.445, 84176
210.446, 84176
210.448, 84176
210.449, 84392
210.45, 84392
210.451, 84392
210.452, 84392
210.453, 84392
210.454, 84392
210.456, 84392
210.457, 84392
210.458, 84176
210.459, 84176
210.46, 84176
210.461, 84176
210.463, 84176
210.464, 84176
210.465, 84176
210.466, 84176
210.467, 84176
210.468, 84176
210.47, 84176
210.471, 84176
210.472, 84176
210.473, 84176
210.474, 84176
210.475, 84176
210.476, 84176
210.478, 84176
210.479, 84176
210.48, 84176
210.481, 84176
210.482, 84176
210.483, 84176
210.485, 84176
210.486, 84176
210.487, 84176
210.488, 84176
210.49, 84176
210.491, 84176
210.492, 84176
210.493, 84176
210.494, 84176
210.495, 84176
210.497, 84176
210.498, 84176
210.499, 84176
210.5, 84176
210.501, 84176
210.503, 84176
210.504, 84176
210.505, 84176
210.506, 84176
210.507, 84176
210.509, 84176
210.51, 84176
210.511, 84176
210.512, 84176
210.513, 84176
210.514, 84176
210.516, 84176
210.517, 84176
210.518, 84176
210.519, 84176
210.52, 84176
210.521, 84176
210.523, 84176
210.524, 84176
210.525, 84176
210.526, 84176
210.527, 84176
210.528, 84176
210.529, 84176
210.531, 84176
210.532, 84176
210.533, 84176
210.534, 84176
210.535, 84176
210.536, 84176
210.537, 84176
210.539, 84176
210.54, 84176
210.541, 84176
210.542, 84176
210.543, 84176
210.544, 84176
210.546, 84176
210.547, 84176
210.548, 84176
210.55, 84176
210.551, 84176
210.552, 84176
210.553, 84176
210.554, 84176
210.556, 84176
210.557, 84176
210.558, 84176
210.559, 84176
210.56, 84176
210.561, 84176
210.562, 84176
210.564, 84176
210.565, 84176
210.566, 84176
210.567, 84176
210.568, 84176
210.569, 84176
210.57, 84176
210.572, 84176
210.573, 84176
210.574, 84176
210.575, 84176
210.576, 84176
210.578, 84176
210.579, 84176
210.58, 84176
210.581, 84176
210.582, 84176
210.584, 84176
210.585, 84176
210.586, 84176
210.587, 84176
210.588, 84176
210.589, 84176
210.59, 84176
210.592, 84176
210.593, 84176
210.594, 84176
210.595, 84176
210.596, 84176
210.597, 84176
210.599, 84176
210.6, 84176
210.601, 84176
210.602, 84176
210.603, 83960
210.604, 83960
210.605, 83960
210.607, 83960
210.608, 83960
210.609, 83960
210.61, 83960
210.611, 83960
210.612, 83960
210.613, 83960
210.615, 83960
210.616, 83960
210.617, 83960
210.618, 83960
210.619, 83960
210.62, 83960
210.621, 83960
210.623, 83960
210.624, 83960
210.625, 83960
210.626, 83960
210.627, 83960
210.628, 83744
210.629, 83744
210.631, 83744
210.632, 83744
210.633, 83744
210.634, 83744
210.635, 83744
210.636, 83960
210.637, 83960
210.639, 83960
210.64, 83960
210.641, 83960
210.642, 83960
210.643, 83960
210.644, 83960
210.645, 83960
210.647, 83960
210.648, 83960
210.649, 83960
210.65, 83960
210.651, 83960
210.652, 83960
210.653, 83960
210.655, 83960
210.656, 83960
210.657, 83960
210.658, 83960
210.659, 83960
210.66, 83960
210.661, 83960
210.663, 83960
210.664, 83960
210.665, 83960
210.666, 83960
210.667, 83960
210.668, 83960
210.669, 83960
210.671, 83960
210.672, 83960
210.673, 83960
210.674, 83960
210.675, 83960
210.676, 83960
210.677, 83960
210.679, 83960
210.68, 83960
210.681, 83960
210.682, 83960
210.683, 83960
210.684, 83960
210.685, 83960
210.687, 83960
210.688, 83960
210.689, 83960
210.69, 83960
210.691, 83960
210.692, 83960
210.693, 83960
210.695, 83960
210.696, 83960
210.697, 83960
210.698, 83960
210.7, 83960
210.701, 83960
210.702, 83960
210.703, 83960
210.705, 83960
210.706, 83960
210.713, 84176
210.715, 84176
210.716, 84176
210.717, 84176
210.718, 84176
210.719, 84176
210.721, 84176
210.722, 84392
210.734, 84392
210.736, 84392
210.737, 84392
210.738, 84392
210.74, 84392
210.741, 84392
210.742, 84392
210.744, 84392
210.745, 84392
210.746, 84392
210.748, 84608
210.749, 84608
210.75, 84608
210.752, 84608
210.753, 84608
210.754, 84608
210.755, 84608
210.757, 84608
210.758, 84608
210.759, 84608
210.761, 84608
210.762, 84608
210.763, 84608
210.765, 84824
210.766, 84824
210.767, 84824
210.769, 84824
210.77, 84824
210.771, 84824
210.773, 84824
210.774, 84824
210.775, 84824
210.776, 84824
210.777, 84824
210.779, 84824
210.78, 84824
210.781, 84824
210.782, 84608
210.783, 84608
210.784, 84608
210.785, 84608
210.787, 84608
210.788, 84608
210.789, 84608
210.79, 84608
210.791, 84608
210.792, 84608
210.793, 84608
210.795, 84608
210.796, 84608
210.797, 84608
210.799, 84392
210.8, 84392
210.802, 84392
210.803, 84392
210.805, 84392
210.806, 84392
210.807, 84608
210.809, 84608
210.81, 84608
210.811, 84608
210.813, 84608
210.814, 84608
210.815, 84608
210.816, 84824
210.818, 84824
210.819, 84824
210.82, 84824
210.822, 84824
210.823, 84824
210.824, 84824
210.825, 84824
210.827, 84824
210.828, 84824
210.829, 84824
210.831, 84824
210.832, 84824
210.833, 85040
210.835, 85040
210.836, 85040
210.837, 85040
210.839, 85040
210.84, 85040
210.841, 85040
210.842, 85040
210.844, 85040
210.845, 85040
210.846, 85040
210.847, 85040
210.849, 85040
210.85, 85040
210.851, 85040
210.852, 85040
210.853, 85040
210.854, 85040
210.856, 85040
210.857, 85040
210.858, 85040
210.859, 85256
210.86, 85256
210.862, 85256
210.863, 85256
210.864, 85256
210.866, 85256
210.867, 85040
210.868, 85040
210.87, 85040
210.871, 85040
210.872, 85040
210.873, 85040
210.875, 85040
210.876, 85040
210.877, 85040
210.878, 85040
210.879, 85040
210.881, 85040
210.882, 85040
210.883, 85040
210.884, 85040
210.885, 85040
210.887, 85040
210.888, 85040
210.889, 85040
210.89, 85040
210.891, 85040
210.892, 85040
210.894, 85040
210.895, 85040
210.896, 85040
210.898, 85040
210.899, 85040
210.9, 85040
210.901, 85040
210.902, 85040
210.904, 85040
210.905, 85040
210.906, 85040
210.907, 85040
210.908, 85040
210.909, 84824
210.911, 84824
210.912, 84824
210.913, 84824
210.915, 84824
210.916, 84824
210.917, 84824
210.918, 84824
210.919, 84824
210.92, 84824
210.922, 84824
210.923, 84824
210.924, 84824
210.926, 84824
210.927, 84608
210.928, 84608
210.929, 84608
210.931, 84608
210.932, 84608
210.933, 84608
210.935, 84608
210.936, 84824
210.937, 84824
210.938, 84824
210.94, 84824
210.941, 84824
210.942, 84824
210.943, 84824
210.945, 84824
210.947, 84824
210.948, 84824
210.949, 84824
210.95, 84824
210.952, 84824
210.953, 84608
210.954, 84608
210.955, 84608
210.956, 84608
210.957, 84608
210.959, 84608
210.96, 84608
210.961, 84608
210.962, 84608
210.963, 84608
210.964, 84608
210.966, 84608
210.967, 84608
210.968, 84608
210.97, 84608
210.971, 84608
210.972, 84608
210.973, 84608
210.974, 84608
210.976, 84608
210.977, 84608
210.978, 84608
210.979, 84608
210.981, 84608
210.982, 84608
210.983, 84608
210.984, 84608
210.986, 84608
210.987, 84608
210.988, 84608
210.989, 84608
210.99, 84608
210.991, 84608
210.993, 84608
210.994, 84608
210.995, 84608
210.997, 84608
210.998, 84608
210.999, 84608
211.001, 84608
211.002, 84608
211.003, 84608
211.004, 84608
211.005, 84608
211.007, 84608
211.008, 84608
211.009, 84608
211.011, 84608
211.012, 84608
211.013, 84608
211.015, 84608
211.016, 84608
211.017, 84608
211.018, 84608
211.019, 84608
211.02, 84608
211.022, 84608
211.023, 84608
211.024, 84608
211.026, 84608
211.027, 84608
211.028, 84608
211.029, 84392
211.03, 84392
211.031, 84392
211.033, 84392
211.034, 84392
211.035, 84392
211.036, 84392
211.037, 84608
211.039, 84608
211.04, 84608
211.041, 84608
211.042, 84608
211.043, 84608
211.044, 84608
211.046, 84608
211.047, 84608
211.048, 84608
211.05, 84608
211.051, 84608
211.052, 84608
211.053, 84608
211.055, 84608
211.056, 84608
211.057, 84608
211.059, 84608
211.06, 84608
211.061, 84608
211.062, 84608
211.064, 84608
211.065, 84608
211.066, 84608
211.067, 84608
211.068, 84608
211.069, 84608
211.071, 84608
211.072, 84392
211.073, 84392
211.074, 84392
211.075, 84392
211.076, 84392
211.078, 84392
211.079, 84392
211.08, 84392
211.081, 84608
211.082, 84608
211.083, 84608
211.085, 84608
211.086, 84608
211.087, 84608
211.088, 84608
211.09, 84392
211.091, 84392
211.092, 84392
211.093, 84392
211.094, 84392
211.096, 84392
211.097, 84392
211.099, 84392
211.1, 84392
211.101, 84392
211.103, 84392
211.104, 84392
211.105, 84392
211.106, 84392
211.107, 84392
211.109, 84392
211.11, 84392
211.111, 84392
211.112, 84392
211.113, 84392
211.115, 84392
211.116, 84392
211.117, 84392
211.118, 84392
211.119, 84392
211.121, 84392
211.122, 84392
211.123, 84392
211.124, 84392
211.126, 84392
211.127, 84392
211.129, 84392
211.13, 84392
211.132, 84176
211.133, 84176
211.134, 84176
211.135, 84176
211.137, 84176
211.138, 84176
211.139, 84176
211.141, 84176
211.142, 84176
211.143, 84176
211.145, 84176
211.146, 84176
211.148, 84176
211.149, 84392
211.15, 84392
211.151, 84392
211.152, 84392
211.153, 84392
211.155, 84392
211.156, 84392
211.158, 84176
211.159, 84176
211.161, 84176
211.162, 84176
211.163, 84176
211.165, 84176
211.166, 84176
211.167, 84176
211.168, 84176
211.17, 84176
211.171, 84176
211.172, 84176
211.173, 84176
211.174, 84176
211.176, 84176
211.177, 84176
211.178, 84176
211.179, 84176
211.18, 84176
211.182, 84176
211.183, 84176
211.184, 84176
211.185, 84176
211.187, 84176
211.188, 84176
211.189, 84176
211.191, 84176
211.193, 84176
211.194, 84176
211.195, 84176
211.196, 84176
211.198, 84176
211.199, 84176
211.2, 84176
211.201, 84176
211.202, 84176
211.204, 84176
211.205, 84176
211.206, 84176
211.207, 84176
211.209, 84176
211.21, 84176
211.211, 84176
211.212, 84176
211.213, 84176
211.214, 84176
211.216, 84176
211.217, 84176
211.218, 84176
211.219, 84176
211.221, 84176
211.222, 84176
211.223, 84176
211.224, 84176
211.225, 83960
211.226, 83960
211.228, 83960
211.229, 83960
211.23, 83960
211.231, 83960
211.233, 83960
211.234, 83744
211.235, 83744
211.236, 83744
211.237, 83744
211.239, 83744
211.24, 83744
211.241, 83744
211.243, 83528
211.245, 83528
211.246, 83528
211.248, 83528
211.25, 83528
211.251, 83744
211.253, 83744
211.254, 83744
211.255, 83744
211.256, 83744
211.258, 83744
211.259, 83744
211.26, 83744
211.262, 83744
211.263, 83744
211.264, 83744
211.265, 83744
211.266, 83744
211.267, 83744
211.269, 83960
211.27, 83960
211.271, 83960
211.272, 83960
211.273, 83960
211.274, 83960
211.276, 83960
211.277, 83960
211.278, 83960
211.28, 83960
211.281, 83960
211.282, 83960
211.284, 83960
211.285, 83960
211.286, 83960
211.287, 83960
211.288, 83960
211.29, 83960
211.291, 83960
211.292, 83960
211.293, 83960
211.294, 83960
211.295, 83960
211.296, 83960
211.298, 83960
211.299, 83960
211.3, 83960
211.301, 83960
211.302, 83960
211.303, 83960
211.304, 83960
211.306, 83960
211.307, 83960
211.308, 83960
211.309, 83960
211.31, 83960
211.311, 83744
211.313, 83744
211.314, 83744
211.315, 83744
211.317, 83744
211.318, 83744
211.319, 83744
211.32, 83744
211.321, 83744
211.323, 83744
211.324, 83744
211.325, 83744
211.326, 83744
211.327, 83744
211.328, 83744
211.33, 83744
211.331, 83744
211.333, 83744
211.334, 83744
211.336, 83744
211.337, 83744
211.339, 83744
211.34, 83744
211.341, 83744
211.342, 83744
211.344, 83744
211.345, 83744
211.346, 83744
211.347, 83744
211.348, 83744
211.35, 83744
211.351, 83744
211.352, 83744
211.353, 83744
211.354, 83744
211.355, 83744
211.356, 83744
211.358, 83744
211.359, 83744
211.36, 83744
211.362, 83528
211.363, 83528
211.364, 83528
211.365, 83528
211.367, 83528
211.368, 83528
211.369, 83528
211.37, 83744
211.371, 83744
211.372, 83744
211.374, 83744
211.375, 83744
211.376, 83744
211.378, 83744
211.379, 83528
211.381, 83528
211.382, 83528
211.384, 83528
211.385, 83528
211.386, 83528
211.388, 83744
211.389, 83744
211.391, 83744
211.392, 83744
211.393, 83744
211.395, 83744
211.396, 83744
211.397, 83744
211.398, 83744
211.399, 83744
211.4, 83744
211.401, 83744
211.403, 83744
211.404, 83744
211.405, 83744
211.406, 83744
211.407, 83744
211.409, 83744
211.41, 83744
211.411, 83744
211.413, 83744
211.414, 83744
211.415, 83744
211.417, 83744
211.418, 83744
211.419, 83744
211.42, 83744
211.421, 83744
211.422, 83960
211.424, 83960
211.425, 83960
211.426, 83960
211.427, 83960
211.428, 83960
211.429, 83960
211.43, 83960
211.432, 83960
211.433, 83960
211.434, 83960
211.435, 83960
211.436, 83960
211.438, 83960
211.439, 83744
211.441, 83744
211.442, 83744
211.443, 83744
211.444, 83744
211.446, 83744
211.447, 83744
211.448, 84176
211.449, 84176
211.45, 84176
211.452, 84176
211.453, 84176
211.454, 84176
211.456, 84176
211.457, 84176
211.458, 84176
211.46, 84176
211.461, 84176
211.462, 84176
211.463, 84176
211.464, 84176
211.465, 84176
211.467, 84176
211.468, 84176
211.469, 84176
211.471, 84176
211.472, 84176
211.473, 83960
211.474, 83960
211.475, 83960
211.476, 83960
211.478, 83960
211.479, 83960
211.48, 83960
211.481, 83960
211.483, 83960
211.484, 83960
211.486, 83960
211.487, 83960
211.488, 83960
211.489, 83960
211.49, 83960
211.491, 83960
211.493, 83960
211.494, 83960
211.495, 83960
211.496, 83960
211.498, 83960
211.499, 83960
211.5, 83960
211.502, 83960
211.503, 83960
211.504, 83960
211.506, 83960
211.507, 84176
211.508, 84176
211.509, 84176
211.51, 84176
211.511, 84176
211.513, 84176
211.514, 84176
211.516, 83960
211.517, 83960
211.518, 83960
211.52, 83960
211.521, 83960
211.522, 83960
211.523, 83960
211.524, 83960
211.525, 83960
211.527, 83960
211.528, 83960
211.529, 83960
211.53, 83960
211.532, 83960
211.533, 83960
211.534, 83960
211.535, 83960
211.536, 83960
211.538, 83960
211.539, 83960
211.54, 83960
211.541, 84176
211.542, 84176
211.544, 84176
211.545, 84176
211.546, 84176
211.547, 84176
211.548, 84176
211.55, 84176
211.551, 84176
211.552, 84176
211.553, 84176
211.555, 84176
211.556, 84176
211.557, 84176
211.558, 84176
211.559, 84176
211.56, 84176
211.562, 84176
211.563, 84176
211.564, 84176
211.565, 84176
211.566, 84176
211.568, 84176
211.569, 84176
211.57, 84176
211.571, 84176
211.572, 84176
211.573, 84176
211.574, 84176
211.576, 83960
211.577, 83960
211.578, 83960
211.579, 83960
211.58, 83960
211.582, 83960
211.583, 83960
211.584, 84176
211.585, 84176
211.587, 84176
211.588, 84176
211.589, 84176
211.59, 84176
211.591, 84176
211.593, 83960
211.594, 83960
211.595, 83960
211.596, 83960
211.597, 83960
211.598, 83960
211.6, 83960
211.601, 84176
211.602, 84176
211.603, 84176
211.605, 84176
211.606, 84176
211.607, 84176
211.608, 84176
211.609, 84176
211.61, 84176
211.611, 84176
211.613, 84176
211.614, 84176
211.615, 84176
211.616, 84176
211.618, 83960
211.619, 83960
211.62, 83960
211.621, 83960
211.622, 83960
211.624, 83960
211.625, 83960
211.626, 83960
211.627, 83960
211.628, 83960
211.63, 83960
211.631, 83960
211.632, 83960
211.633, 83960
211.635, 83960
211.636, 84176
211.637, 84176
211.638, 84176
211.639, 84176
211.64, 84176
211.641, 84176
211.643, 84176
211.644, 84176
211.645, 84176
211.647, 84176
211.648, 84176
211.649, 84176
211.65, 84176
211.651, 84176
211.653, 83960
211.654, 83960
211.655, 83960
211.656, 83960
211.657, 83960
211.659, 83960
211.66, 83960
211.661, 83960
211.662, 83960
211.663, 83960
211.664, 83960
211.666, 83960
211.667, 83960
211.668, 83960
211.669, 84176
211.67, 84176
211.671, 84176
211.673, 84176
211.674, 84176
211.676, 84176
211.677, 84176
211.678, 84176
211.679, 84176
211.681, 84176
211.682, 84176
211.683, 84176
211.684, 84176
211.685, 84176
211.687, 84176
211.688, 84176
211.689, 84176
211.69, 84176
211.691, 84176
211.692, 84176
211.694, 84176
211.695, 83960
211.696, 83960
211.697, 83960
211.698, 83960
211.699, 83960
211.701, 83960
211.702, 83960
211.703, 84176
211.704, 84176
211.705, 84176
211.706, 84176
211.708, 84176
211.709, 84176
211.71, 84176
211.711, 84176
211.713, 83960
211.714, 83960
211.715, 83960
211.716, 83960
211.717, 83960
211.718, 83960
211.72, 83960
211.721, 83960
211.723, 83960
211.724, 83960
211.726, 83960
211.727, 83960
211.729, 83960
211.73, 83960
211.731, 83960
211.732, 83960
211.733, 83960
211.734, 83960
211.736, 83960
211.737, 83960
211.738, 83960
211.739, 83960
211.74, 83960
211.742, 83960
211.743, 83960
211.744, 83960
211.745, 83960
211.746, 83960
211.747, 83960
211.748, 83960
211.75, 83960
211.751, 83960
211.752, 83960
211.754, 83960
211.755, 83960
211.756, 83960
211.758, 83960
211.759, 83960
211.76, 83960
211.761, 83960
211.762, 83960
211.763, 83960
211.765, 83960
211.766, 83960
211.767, 83960
211.768, 83960
211.77, 83960
211.771, 83960
211.772, 83960
211.773, 83960
211.774, 83960
211.775, 83960
211.777, 83960
211.778, 83960
211.779, 83960
211.78, 83960
211.782, 83960
211.783, 83960
211.784, 83960
211.785, 83960
211.787, 83960
211.788, 83960
211.789, 83960
211.79, 83960
211.792, 83960
211.793, 83960
211.794, 83960
211.795, 83960
211.796, 83960
211.798, 83744
211.799, 83744
211.8, 83744
211.801, 83744
211.802, 83744
211.804, 83744
211.805, 83744
211.806, 83744
211.807, 83744
211.809, 83744
211.81, 83744
211.811, 83744
211.812, 83744
211.813, 83744
211.815, 83744
211.816, 83744
211.817, 83744
211.818, 83744
211.82, 83744
211.821, 83744
211.822, 83744
211.824, 83744
211.825, 83744
211.826, 83744
211.827, 83744
211.828, 83744
211.83, 83744
211.831, 83744
211.832, 83744
211.833, 83744
211.834, 83744
211.836, 83744
211.837, 83744
211.838, 83744
211.839, 83744
211.84, 83744
211.842, 83744
211.843, 83744
211.844, 83744
211.845, 83744
211.846, 83744
211.848, 83744
211.849, 83744
211.85, 83744
211.851, 83744
211.852, 83744
211.853, 83744
211.855, 83744
211.856, 83744
211.857, 83528
211.858, 83528
211.859, 83528
211.861, 83528
211.862, 83528
211.863, 83528
211.864, 83528
211.866, 83312
211.867, 83312
211.868, 83312
211.869, 83312
211.87, 83312
211.872, 83312
211.873, 83312
211.875, 83312
211.876, 83312
211.877, 83312
211.879, 83312
211.88, 83312
211.882, 83312
211.883, 83528
211.884, 83528
211.886, 83528
211.887, 83528
211.888, 83528
211.889, 83528
211.89, 83528
211.891, 83528
211.893, 83528
211.894, 83528
211.895, 83528
211.896, 83528
211.897, 83528
211.898, 83528
211.9, 83096
211.901, 83096
211.902, 83096
211.903, 83096
211.905, 83096
211.906, 83096
211.907, 83096
211.909, 83312
211.91, 83312
211.911, 83312
211.912, 83312
211.913, 83312
211.915, 83312
211.916, 83312
211.917, 83312
211.918, 83312
211.919, 83312
211.92, 83312
211.921, 83312
211.923, 83312
211.924, 83312
211.925, 83096
211.926, 83096
211.927, 83096
211.928, 83096
211.93, 83096
211.931, 83096
211.932, 83096
211.933, 83096
211.934, 82880
211.935, 82880
211.937, 82880
211.938, 82880
211.939, 82880
211.941, 82880
211.942, 83096
211.943, 83096
211.944, 83096
211.946, 83096
211.947, 83096
211.948, 83096
211.949, 83096
211.95, 83096
211.951, 82880
211.952, 82880
211.954, 82880
211.955, 82880
211.956, 82880
211.957, 82880
211.959, 82880
211.96, 83096
211.961, 83096
211.963, 83096
211.964, 83096
211.965, 83096
211.966, 83096
211.968, 83312
211.969, 83312
211.97, 83312
211.971, 83312
211.972, 83312
211.974, 83312
211.975, 83312
211.976, 83312
211.977, 83312
211.978, 83312
211.979, 83312
211.98, 83312
211.981, 83312
211.983, 83312
211.984, 83312
211.985, 83096
211.986, 83096
211.988, 83096
211.989, 83096
211.99, 83096
211.991, 83096
211.992, 83096
211.994, 83312
211.995, 83312
211.996, 83312
211.997, 83312
211.998, 83312
211.999, 83312
212.001, 83312
212.002, 83096
212.003, 83096
212.005, 83096
212.006, 83096
212.007, 83096
212.009, 83096
212.01, 83096
212.011, 83312
212.013, 83312
212.014, 83312
212.015, 83312
212.016, 83312
212.017, 83312
212.019, 83312
212.02, 83528
212.021, 83528
212.022, 83528
212.023, 83528
212.024, 83528
212.025, 83528
212.027, 83528
212.028, 83312
212.029, 83312
212.03, 83312
212.031, 83312
212.033, 83312
212.034, 83312
212.036, 83312
212.037, 83312
212.038, 83312
212.04, 83312
212.041, 83312
212.042, 83312
212.043, 83312
212.045, 83528
212.046, 83528
212.047, 83528
212.048, 83528
212.049, 83528
212.05, 83528
212.051, 83528
212.053, 83528
212.054, 83744
212.055, 83744
212.056, 83744
212.057, 83744
212.058, 83744
212.06, 83744
212.061, 83744
212.062, 83744
212.063, 83744
212.064, 83744
212.066, 83744
212.067, 83744
212.068, 83744
212.069, 83744
212.07, 83744
212.072, 83744
212.073, 83744
212.074, 83744
212.075, 83744
212.076, 83744
212.077, 83744
212.079, 83744
212.08, 83744
212.081, 83744
212.082, 83744
212.084, 83744
212.085, 83744
212.086, 83744
212.087, 83744
212.089, 83744
212.09, 83744
212.091, 83744
212.092, 83744
212.093, 83744
212.095, 83744
212.096, 83744
212.097, 83744
212.098, 83744
212.099, 83744
212.1, 83744
212.102, 83744
212.103, 83744
212.104, 83744
212.105, 83744
212.106, 83744
212.108, 83744
212.109, 83744
212.11, 83744
212.111, 83744
212.112, 83744
212.114, 83960
212.115, 83960
212.116, 83960
212.118, 83960
212.119, 83960
212.12, 83960
212.121, 83744
212.122, 83744
212.123, 83744
212.125, 83744
212.126, 83744
212.127, 83744
212.128, 83744
212.129, 83744
212.131, 83960
212.132, 83960
212.133, 83960
212.134, 83960
212.135, 83960
212.137, 83960
212.138, 83960
212.139, 83960
212.14, 83960
212.141, 83960
212.142, 83960
212.143, 83960
212.145, 83960
212.146, 83960
212.147, 83960
212.149, 83960
212.15, 83960
212.151, 83960
212.153, 83960
212.154, 83960
212.155, 83960
212.156, 83744
212.157, 83744
212.158, 83744
212.16, 83744
212.161, 83744
212.162, 83744
212.163, 83744
212.164, 83960
212.166, 83960
212.167, 83960
212.168, 83960
212.169, 83960
212.17, 83960
212.172, 83960
212.173, 83960
212.174, 83960
212.175, 83960
212.176, 83960
212.178, 83960
212.179, 83960
212.18, 83960
212.181, 83960
212.182, 83960
212.184, 83960
212.185, 83960
212.186, 83960
212.187, 83960
212.188, 83960
212.19, 83960
212.191, 83960
212.192, 83960
212.193, 83960
212.194, 83960
212.195, 83960
212.197, 83960
212.198, 83960
212.199, 83960
212.2, 83960
212.201, 83960
212.202, 83960
212.204, 83960
212.205, 83960
212.206, 83960
212.207, 83960
212.208, 83960
212.209, 83960
212.21, 83960
212.212, 83960
212.213, 83960
212.214, 83960
212.215, 83960
212.217, 83960
212.218, 83960
212.219, 83960
212.22, 83960
212.221, 83960
212.223, 83960
212.224, 83960
212.225, 83960
212.226, 83960
212.227, 83960
212.228, 83960
212.23, 83960
212.231, 83960
212.232, 84176
212.233, 84176
212.234, 84176
212.236, 84176
212.237, 84176
212.238, 84176
212.239, 84176
212.24, 84176
212.241, 84176
212.242, 84176
212.244, 84176
212.245, 84176
212.246, 84176
212.247, 84176
212.249, 84176
212.25, 83960
212.251, 83960
212.252, 83960
212.253, 83960
212.254, 83960
212.256, 83960
212.257, 83960
212.258, 83960
212.259, 83960
212.26, 83960
212.262, 83960
212.263, 83960
212.264, 83960
212.265, 83960
212.266, 84176
212.268, 84176
212.269, 84176
212.27, 84176
212.271, 84176
212.272, 84176
212.274, 84176
212.275, 83960
212.276, 83960
212.277, 83960
212.278, 83960
212.279, 83960
212.281, 83960
212.282, 83960
212.283, 83960
212.284, 84176
212.285, 84176
212.287, 84176
212.288, 84176
212.289, 84176
212.29, 84176
212.291, 84176
212.292, 84176
212.293, 84176
212.295, 84176
212.296, 84176
212.297, 84176
212.298, 84176
212.299, 84176
212.301, 84176
212.302, 84176
212.303, 84176
212.305, 84176
212.306, 84176
212.307, 84176
212.309, 84176
212.31, 84176
212.311, 84176
212.312, 84176
212.313, 84176
212.314, 84176
212.316, 84176
212.317, 84176
212.318, 84176
212.319, 84176
212.32, 84176
212.321, 84176
212.323, 84176
212.324, 84176
212.325, 84176
212.326, 84176
212.327, 84176
212.328, 84176
212.329, 84176
212.331, 84176
212.332, 84176
212.333, 84176
212.334, 84176
212.335, 84176
212.337, 84176
212.338, 84176
212.339, 84176
212.34, 84176
212.341, 84176
212.342, 84176
212.344, 84176
212.345, 84176
212.346, 84176
212.347, 84176
212.348, 84176
212.35, 84176
212.351, 84176
212.352, 84176
212.354, 84176
212.355, 84176
212.356, 84176
212.357, 84176
212.359, 84176
212.36, 84176
212.361, 84176
212.362, 84176
212.363, 84176
212.364, 84176
212.366, 84176
212.367, 84176
212.368, 84176
212.369, 84176
212.37, 84176
212.371, 84176
212.373, 84176
212.374, 84176
212.375, 84176
212.376, 84176
212.378, 84176
212.379, 84176
212.381, 84176
212.382, 84176
212.383, 84176
212.385, 84176
212.386, 84176
212.387, 84176
212.388, 84176
212.389, 84176
212.391, 84176
212.392, 84176
212.393, 84176
212.394, 84176
212.395, 84176
212.396, 84176
212.398, 84176
212.399, 84176
212.4, 84176
212.401, 84176
212.402, 84176
212.404, 84176
212.405, 84176
212.406, 84176
212.407, 84176
212.408, 84176
212.409, 84176
212.411, 84176
212.412, 84176
212.413, 84176
212.415, 84176
212.416, 84176
212.417, 84176
212.419, 84176
212.42, 84176
212.421, 84176
212.422, 84176
212.423, 84176
212.425, 84176
212.426, 84176
212.427, 84176
212.428, 84176
212.429, 83960
212.43, 83960
212.431, 83960
212.433, 83960
212.434, 83960
212.435, 83960
212.436, 83960
212.437, 84176
212.439, 84176
212.44, 84176
212.441, 84176
212.442, 84176
212.444, 84176
212.445, 83960
212.447, 83960
212.448, 83960
212.449, 83960
212.45, 83960
212.452, 83960
212.453, 83960
212.454, 84176
212.455, 84176
212.456, 84176
212.458, 84176
212.459, 84176
212.46, 84176
212.461, 84176
212.462, 84176
212.464, 84176
212.465, 84176
212.466, 84176
212.467, 84176
212.469, 84176
212.47, 84176
212.471, 84176
212.472, 84176
212.474, 84176
212.475, 84176
212.476, 84176
212.477, 84176
212.478, 84176
212.48, 84176
212.481, 84176
212.482, 84176
212.483, 84176
212.485, 84176
212.486, 84176
212.487, 84176
212.488, 84176
212.489, 84176
212.491, 84176
212.492, 84176
212.493, 84176
212.494, 84176
212.495, 84176
212.497, 83960
212.498, 83960
212.499, 83960
212.501, 83960
212.502, 83960
212.503, 83960
212.504, 83960
212.505, 84176
212.507, 84176
212.508, 84176
212.509, 84176
212.51, 84176
212.512, 84176
212.513, 84176
212.514, 84176
212.515, 84176
212.516, 84176
212.518, 84176
212.519, 84176
212.52, 84176
212.521, 84176
212.523, 83960
212.524, 83960
212.525, 83960
212.526, 83960
212.528, 83960
212.529, 83960
212.53, 83960
212.531, 83960
212.532, 83960
212.534, 83960
212.535, 83960
212.536, 83960
212.537, 83960
212.539, 83960
212.54, 83960
212.541, 83960
212.542, 83960
212.543, 83960
212.545, 83960
212.546, 83960
212.547, 83960
212.548, 83744
212.55, 83744
212.551, 83744
212.552, 83744
212.553, 83744
212.554, 83744
212.556, 83744
212.557, 83744
212.558, 83744
212.559, 83744
212.56, 83744
212.562, 83744
212.563, 83744
212.564, 83744
212.565, 83744
212.567, 83744
212.568, 83744
212.569, 83744
212.57, 83744
212.572, 83744
212.573, 83744
212.574, 83744
212.575, 83744
212.577, 83744
212.578, 83744
212.579, 83744
212.58, 83744
212.582, 83744
212.583, 83528
212.584, 83528
212.585, 83528
212.587, 83528
212.588, 83528
212.589, 83528
212.59, 83312
212.592, 83312
212.593, 83312
212.594, 83312
212.595, 83312
212.597, 83312
212.598, 83312
212.599, 83312
212.6, 83312
212.601, 83312
212.603, 83312
212.604, 83312
212.605, 83312
212.606, 83312
212.608, 83096
212.609, 83096
212.61, 83096
212.611, 83096
212.613, 83096
212.614, 83096
212.615, 83096
212.616, 83312
212.617, 83312
212.619, 83312
212.62, 83312
212.621, 83312
212.622, 83312
212.624, 83312
212.625, 83528
212.626, 83528
212.627, 83528
212.629, 83528
212.63, 83528
212.631, 83528
212.632, 83528
212.633, 83744
212.635, 83744
212.636, 83744
212.637, 83744
212.638, 83744
212.64, 83744
212.641, 83744
212.642, 83528
212.643, 83528
212.644, 83528
212.646, 83528
212.647, 83528
212.648, 83528
212.649, 83528
212.651, 83096
212.652, 83096
212.653, 83096
212.654, 83096
212.656, 83096
212.658, 83096
212.659, 83312
212.661, 83312
212.662, 83312
212.663, 83312
212.665, 83312
212.666, 83312
212.67, 83528
212.672, 83528
212.674, 83528
212.676, 83744
212.679, 83744
212.681, 83744
212.687, 83960
212.689, 83960
212.692, 83960
212.695, 84176
212.697, 84176
212.698, 84176
212.699, 84176
212.7, 84176
212.702, 84176
212.703, 84176
212.704, 84176
212.705, 84176
212.706, 84176
212.708, 84176
212.709, 84176
212.71, 84176
212.711, 84176
212.713, 84176
212.714, 84176
212.715, 84176
212.716, 84176
212.717, 84176
212.718, 84176
212.719, 84176
212.721, 84176
212.722, 84176
212.724, 84176
212.725, 84176
212.727, 84176
212.728, 84176
212.73, 84176
212.731, 84176
212.732, 84176
212.733, 84176
212.734, 84176
212.736, 83960
212.737, 83960
212.738, 83960
212.739, 83960
212.74, 83960
212.742, 83960
212.743, 83960
212.744, 83960
212.745, 83960
212.746, 83960
212.748, 83960
212.749, 83960
212.75, 83960
212.751, 83960
212.752, 83960
212.754, 84176
212.755, 84176
212.756, 84176
212.757, 84176
212.758, 84176
212.76, 84176
212.761, 84176
212.762, 84176
212.764, 84176
212.765, 84176
212.766, 84176
212.767, 84176
212.768, 84176
212.77, 84176
212.771, 84176
212.772, 84176
212.773, 84176
212.774, 84176
212.775, 84176
212.777, 84176
212.778, 84176
212.779, 84176
212.78, 84176
212.781, 84176
212.783, 84176
212.784, 84176
212.785, 84176
212.786, 84176
212.787, 83960
212.789, 83960
212.79, 83960
212.791, 83960
212.792, 83960
212.793, 83960
212.795, 83960
212.796, 84176
212.797, 84176
212.798, 84176
212.799, 84176
212.801, 84176
212.802, 84176
212.803, 84176
212.804, 84176
212.805, 84176
212.807, 84176
212.808, 84176
212.809, 84176
212.81, 84176
212.811, 84176
212.812, 84176
212.814, 84176
212.815, 84176
212.816, 84176
212.817, 84176
212.818, 84176
212.82, 84176
212.821, 84176
212.822, 84176
212.823, 84176
212.824, 84176
212.825, 84176
212.826, 84176
212.828, 84176
212.829, 84176
212.83, 84392
212.831, 84392
212.832, 84392
212.833, 84392
212.834, 84392
212.836, 84392
212.837, 84392
212.838, 84392
212.839, 84392
212.841, 84392
212.842, 84392
212.843, 84392
212.844, 84392
212.845, 84392
212.847, 84392
212.848, 84392
212.849, 84392
212.85, 84392
212.852, 84392
212.853, 84392
212.854, 84392
212.855, 84392
212.856, 84392
212.858, 84392
212.859, 84392
212.86, 84392
212.861, 84392
212.862, 84392
212.863, 84392
212.864, 84392
212.866, 84392
212.867, 84392
212.868, 84392
212.869, 84392
212.87, 84392
212.872, 84392
212.873, 84392
212.874, 84392
212.875, 84392
212.876, 84392
212.878, 84392
212.879, 84392
212.88, 84392
212.881, 84392
212.882, 84392
212.884, 84392
212.885, 84392
212.886, 84392
212.887, 84392
212.888, 84392
212.889, 84392
212.891, 84392
212.892, 84392
212.893, 84392
212.894, 84392
212.896, 84392
212.897, 84392
212.898, 84392
212.899, 84392
212.9, 84392
212.901, 84392
212.903, 84392
212.904, 84392
212.905, 84392
212.906, 84392
212.907, 84392
212.908, 84392
212.91, 84392
212.911, 84392
212.912, 84392
212.913, 84392
212.914, 84392
212.915, 84392
212.917, 84392
212.918, 84392
212.919, 84392
212.92, 84392
212.922, 84392
212.923, 84392
212.924, 84392
212.926, 84392
212.927, 84392
212.928, 84392
212.929, 84392
212.931, 84392
212.932, 84392
212.933, 84392
212.934, 84392
212.935, 84392
212.936, 84392
212.938, 84392
212.939, 84392
212.94, 84392
212.941, 84392
212.942, 84392
212.943, 84392
212.945, 84392
212.946, 84392
212.947, 84392
212.948, 84392
212.949, 84608
212.95, 84608
212.951, 84608
212.953, 84608
212.954, 84608
212.955, 84608
212.956, 84608
212.957, 84608
212.959, 84608
212.96, 84608
212.961, 84608
212.962, 84608
212.963, 84608
212.964, 84608
212.966, 84608
212.967, 84392
212.968, 84392
212.969, 84392
212.971, 84392
212.972, 84392
212.973, 84392
212.975, 84608
212.976, 84608
212.977, 84608
212.978, 84608
212.979, 84608
212.98, 84608
212.982, 84608
212.983, 84608
212.984, 84392
212.985, 84392
212.986, 84392
212.988, 84392
212.989, 84392
212.99, 84392
212.991, 84392
212.992, 84392
212.993, 84392
212.994, 84392
212.996, 84392
212.997, 84392
212.998, 84392
213, 84392
213.001, 84392
213.003, 84392
213.004, 84392
213.005, 84392
213.007, 84392
213.008, 84392
213.009, 84608
213.011, 84608
213.012, 84608
213.013, 84608
213.015, 84608
213.016, 84608
213.017, 84608
213.018, 84608
213.02, 84608
213.021, 84608
213.022, 84608
213.023, 84608
213.025, 84608
213.026, 84608
213.027, 84608
213.029, 84608
213.03, 84608
213.031, 84608
213.032, 84608
213.034, 84608
213.035, 84608
213.036, 84608
213.037, 84608
213.038, 84608
213.039, 84608
213.041, 84608
213.042, 84608
213.043, 84608
213.044, 84608
213.046, 84608
213.047, 84608
213.048, 84608
213.049, 84608
213.05, 84608
213.051, 84608
213.053, 84608
213.054, 84608
213.056, 84608
213.057, 84608
213.059, 84608
213.06, 84608
213.061, 84608
213.062, 84608
213.064, 84608
213.065, 84608
213.066, 84608
213.067, 84608
213.068, 84608
213.069, 84608
213.071, 84608
213.072, 84608
213.073, 84608
213.074, 84608
213.076, 84608
213.077, 84608
213.078, 84608
213.08, 84608
213.081, 84608
213.082, 84608
213.083, 84608
213.085, 84608
213.086, 84608
213.087, 84608
213.089, 84608
213.09, 84608
213.091, 84608
213.093, 84608
213.094, 84176
213.095, 84176
213.097, 84176
213.098, 84176
213.099, 84176
213.1, 84176
213.101, 84176
213.103, 84176
213.104, 84176
213.105, 84176
213.106, 84176
213.108, 84176
213.109, 84176
213.111, 84176
213.112, 83960
213.113, 83960
213.115, 83960
213.116, 83960
213.117, 83960
213.119, 83960
213.12, 84176
213.121, 84176
213.123, 84176
213.124, 84176
213.126, 84176
213.127, 84176
213.128, 84176
213.129, 84176
213.131, 84176
213.132, 84176
213.133, 84176
213.134, 84176
213.135, 84176
213.137, 83744
213.138, 83744
213.139, 83744
213.14, 83744
213.142, 83744
213.143, 83744
213.145, 83744
213.146, 84176
213.147, 84176
213.148, 84176
213.149, 84176
213.151, 84176
213.152, 84176
213.153, 84176
213.154, 83960
213.155, 83960
213.156, 83960
213.158, 83960
213.159, 83960
213.16, 83960
213.161, 83960
213.162, 83528
213.163, 83528
213.165, 83528
213.166, 83528
213.167, 83528
213.168, 83528
213.169, 83528
213.17, 83528
213.171, 83528
213.173, 83528
213.174, 83528
213.175, 83528
213.177, 83528
213.178, 83528
213.179, 83528
213.18, 83744
213.181, 83744
213.182, 83744
213.184, 83744
213.185, 83744
213.186, 83744
213.187, 83744
213.188, 83528
213.189, 83528
213.191, 83528
213.192, 83528
213.193, 83528
213.195, 83528
213.197, 83744
213.198, 83744
213.2, 83744
213.201, 83744
213.203, 83744
213.204, 83744
213.205, 83960
213.207, 83960
213.208, 83960
213.209, 83960
213.211, 83960
213.212, 83960
213.213, 83960
213.214, 83960
213.215, 83960
213.216, 83960
213.218, 83960
213.219, 83960
213.22, 83960
213.221, 83960
213.222, 83528
213.223, 83528
213.225, 83528
213.226, 83528
213.228, 83528
213.229, 83528
213.23, 83528
213.231, 83744
213.232, 83744
213.233, 83744
213.235, 83744
213.236, 83744
213.237, 83744
213.238, 83744
213.239, 83744
213.24, 83744
213.241, 83744
213.243, 83744
213.244, 83744
213.246, 83744
213.247, 83744
213.249, 83744
213.25, 83744
213.252, 83744
213.253, 83744
213.254, 83744
213.256, 83744
213.257, 83960
213.258, 83960
213.259, 83960
213.26, 83960
213.262, 83960
213.263, 83960
213.264, 83960
213.265, 83960
213.266, 83960
213.267, 83960
213.269, 83960
213.27, 83960
213.271, 83960
213.272, 83960
213.273, 83744
213.275, 83744
213.276, 83744
213.277, 83744
213.279, 83744
213.28, 83744
213.282, 83960
213.283, 83960
213.285, 83960
213.286, 83960
213.287, 83960
213.288, 83960
213.289, 83960
213.29, 84176
213.292, 84176
213.293, 84176
213.294, 84176
213.295, 84176
213.296, 84176
213.297, 84176
213.299, 84176
213.3, 84392
213.301, 84392
213.302, 84392
213.303, 84392
213.304, 84392
213.306, 84392
213.307, 84392
213.308, 84176
213.309, 84176
213.311, 84176
213.312, 84176
213.313, 84176
213.314, 84176
213.316, 84608
213.317, 84608
213.319, 84608
213.32, 84608
213.322, 84608
213.323, 84608
213.324, 84608
213.326, 84608
213.327, 84608
213.329, 84608
213.33, 84608
213.331, 84608
213.332, 84608
213.333, 84608
213.334, 84608
213.336, 84608
213.337, 84608
213.338, 84608
213.34, 84608
213.341, 84608
213.342, 84608
213.344, 84608
213.345, 84608
213.346, 84608
213.348, 84608
213.349, 84608
213.35, 84608
213.352, 84608
213.353, 84608
213.354, 84608
213.356, 84608
213.357, 84608
213.358, 84392
213.36, 84392
213.361, 84392
213.362, 84392
213.364, 84392
213.365, 84392
213.366, 84392
213.368, 84392
213.369, 84392
213.37, 84392
213.371, 84392
213.373, 84392
213.374, 84392
213.375, 84392
213.376, 84176
213.377, 84176
213.378, 84176
213.38, 84176
213.381, 84176
213.382, 84176
213.383, 84176
213.385, 84392
213.386, 84392
213.387, 84392
213.388, 84392
213.389, 84392
213.39, 84392
213.392, 84392
213.393, 84392
213.394, 84392
213.395, 84392
213.397, 84392
213.398, 84392
213.4, 84392
213.401, 84392
213.402, 84176
213.403, 84176
213.405, 84176
213.406, 84176
213.407, 84176
213.408, 84176
213.41, 84176
213.411, 84176
213.412, 84176
213.414, 84176
213.415, 84176
213.416, 84176
213.417, 84176
213.418, 84176
213.42, 84176
213.421, 84176
213.422, 84176
213.423, 84176
213.425, 84176
213.426, 84176
213.427, 84176
213.428, 84176
213.43, 84176
213.431, 84176
213.432, 84176
213.433, 84176
213.435, 84176
213.436, 84176
213.437, 84176
213.438, 84176
213.439, 84176
213.444, 84176
213.446, 84176
213.447, 84176
213.448, 84176
213.45, 84176
213.451, 84176
213.452, 84176
213.454, 84176
213.455, 84176
213.457, 84176
213.458, 84176
213.46, 84176
213.461, 84176
213.463, 84176
213.464, 84176
213.466, 84176
213.467, 84176
213.468, 84176
213.47, 84176
213.471, 84176
213.472, 84176
213.473, 84176
213.475, 84176
213.476, 84176
213.477, 84176
213.478, 84608
213.48, 84608
213.481, 84608
213.482, 84608
213.483, 84608
213.485, 84608
213.486, 84608
213.487, 84608
213.489, 84608
213.49, 84608
213.491, 84608
213.492, 84608
213.493, 84608
213.495, 84608
213.496, 84608
213.497, 84608
213.498, 84608
213.499, 84608
213.501, 84608
213.502, 84608
213.503, 84608
213.505, 84824
213.506, 84824
213.508, 84824
213.509, 84824
213.51, 84824
213.512, 84824
213.513, 84824
213.515, 84824
213.516, 84824
213.517, 84824
213.518, 84824
213.52, 84824
213.521, 84608
213.522, 84608
213.523, 84608
213.524, 84608
213.525, 84608
213.527, 84608
213.528, 84608
213.529, 84608
213.531, 84608
213.532, 84608
213.533, 84608
213.535, 84608
213.536, 84608
213.538, 84824
213.539, 84824
213.54, 84824
213.542, 84824
213.543, 84824
213.544, 84824
213.546, 84824
213.547, 84824
213.549, 84824
213.55, 84824
213.552, 84824
213.553, 84824
213.554, 84824
213.555, 84824
213.557, 84824
213.558, 84824
213.56, 84824
213.561, 84824
213.563, 84824
213.564, 84824
213.565, 84824
213.567, 84824
213.568, 84824
213.57, 84824
213.572, 85040
213.573, 85040
213.574, 85040
213.576, 85040
213.578, 85040
213.579, 85040
213.581, 85040
213.582, 85040
213.584, 85040
213.585, 85040
213.587, 85040
213.588, 85040
213.59, 85040
213.591, 85040
213.592, 85040
213.593, 85040
213.594, 85040
213.596, 85040
213.597, 85040
213.599, 85040
213.6, 85040
213.601, 85040
213.603, 85040
213.604, 85040
213.605, 85040
213.606, 85040
213.607, 85040
213.609, 85040
213.61, 85040
213.612, 85040
213.613, 85040
213.615, 85040
213.616, 85040
213.617, 85040
213.619, 85040
213.62, 85040
213.621, 85040
213.622, 85040
213.624, 85040
213.625, 85040
213.626, 85040
213.627, 85040
213.629, 85040
213.63, 85040
213.632, 85040
213.633, 85040
213.634, 85040
213.635, 85040
213.637, 85040
213.638, 85040
213.639, 85040
213.64, 85040
213.642, 85040
213.643, 85040
213.645, 85040
213.646, 85040
213.647, 85040
213.648, 85040
213.65, 85040
213.651, 85040
213.653, 85040
213.654, 85040
213.656, 85040
213.657, 85040
213.659, 85040
213.66, 85040
213.662, 85040
213.663, 85040
213.665, 85040
213.666, 85040
213.667, 85040
213.669, 85040
213.67, 85040
213.671, 85040
213.672, 85040
213.673, 85040
213.675, 85040
213.676, 85040
213.678, 85040
213.679, 85040
213.68, 85040
213.682, 85040
213.683, 85040
213.684, 85040
213.685, 85040
213.687, 85040
213.688, 85040
213.69, 85040
213.691, 85040
213.693, 85040
213.694, 85040
213.696, 85040
213.697, 85040
213.698, 85040
213.7, 85040
213.701, 85040
213.703, 85040
213.704, 85040
213.706, 85040
213.707, 85040
213.708, 85040
213.709, 85040
213.711, 85040
213.712, 85040
213.713, 85040
213.714, 85040
213.716, 85040
213.717, 84608
213.718, 84608
213.72, 84608
213.721, 84608
213.722, 84608
213.723, 84608
213.724, 84608
213.725, 84608
213.727, 84608
213.728, 84608
213.729, 84608
213.731, 84608
213.732, 84608
213.733, 84608
213.734, 84824
213.736, 84824
213.737, 84824
213.738, 84824
213.74, 84824
213.741, 84824
213.742, 84824
213.743, 84824
213.744, 84824
213.746, 84824
213.747, 84824
213.748, 84824
213.749, 84824
213.75, 84824
213.751, 84608
213.753, 84608
213.754, 84608
213.755, 84608
213.756, 84608
213.758, 84608
213.759, 84608
213.761, 84392
213.762, 84392
213.764, 84392
213.765, 84392
213.766, 84392
213.767, 84392
213.768, 84608
213.77, 84608
213.771, 84608
213.772, 84608
213.773, 84608
213.774, 84608
213.775, 84608
213.777, 84824
213.778, 84824
213.779, 84824
213.78, 84824
213.781, 84824
213.782, 84824
213.783, 84824
213.785, 84824
213.786, 84824
213.787, 84824
213.788, 84824
213.789, 84824
213.791, 84824
213.792, 84824
213.793, 84824
213.794, 84824
213.795, 84824
213.796, 84824
213.798, 84824
213.799, 84824
213.801, 84824
213.802, 85040
213.803, 85040
213.804, 85040
213.806, 85040
213.807, 85040
213.808, 85040
213.809, 85040
213.81, 85040
213.811, 85256
213.813, 85256
213.814, 85256
213.815, 85256
213.817, 85256
213.819, 85256
213.82, 85040
213.822, 85040
213.823, 85040
213.824, 85040
213.827, 85040
213.83, 85040
213.832, 85040
213.833, 85040
213.841, 85040
213.843, 85040
213.844, 85040
213.845, 84608
213.847, 84608
213.848, 84608
213.85, 84608
213.852, 84608
213.853, 84608
213.854, 84824
213.855, 84824
213.857, 84824
213.858, 84824
213.859, 84824
213.86, 84824
213.861, 84824
213.863, 84608
213.872, 84608
213.874, 84608
213.879, 84824
213.88, 84824
213.882, 84824
213.883, 84824
213.884, 84824
213.885, 84824
213.886, 84824
213.887, 84824
213.889, 84824
213.89, 84824
213.891, 84824
213.892, 84824
213.893, 84824
213.895, 84824
213.896, 85040
213.901, 85040
213.914, 85256
213.918, 85256
213.92, 85256
213.921, 85256
213.926, 85256
213.929, 85256
213.931, 85256
213.932, 85256
213.934, 85256
213.936, 85256
213.937, 85256
213.94, 85472
213.942, 85472
213.943, 85472
213.944, 85472
213.946, 85472
213.955, 85256
213.957, 85256
213.958, 85256
213.959, 85256
213.961, 85256
213.962, 85256
213.963, 85256
213.965, 85256
213.966, 85256
213.967, 85256
213.969, 85256
213.97, 85256
213.971, 85256
213.972, 85256
213.974, 85040
213.975, 85040
213.976, 85040
213.978, 85040
213.979, 85040
213.981, 85040
213.982, 85040
213.983, 85040
213.985, 85040
213.986, 85040
213.987, 85040
213.989, 85040
213.993, 85040
213.995, 85040
213.998, 85040
214, 85040
214.001, 85040
214.003, 85040
214.004, 85040
214.005, 85040
214.007, 85040
214.008, 84824
214.009, 84824
214.01, 84824
214.012, 84824
214.013, 84824
214.014, 84824
214.015, 84824
214.017, 84824
214.018, 84824
214.019, 84824
214.021, 84824
214.022, 84824
214.024, 84824
214.025, 84824
214.027, 84824
214.028, 84824
214.029, 84824
214.031, 84824
214.032, 84824
214.041, 84824
214.042, 84824
214.043, 84824
214.045, 84824
214.046, 84824
214.047, 84824
214.048, 84824
214.05, 84824
214.051, 84824
214.052, 84824
214.053, 84824
214.054, 84824
214.056, 84824
214.057, 84824
214.058, 84824
214.059, 84824
214.061, 84824
214.062, 84824
214.063, 84824
214.065, 84824
214.066, 84824
214.068, 84824
214.07, 84824
214.071, 84824
214.073, 84824
214.074, 84824
214.075, 84608
214.077, 84608
214.078, 84608
214.081, 84608
214.083, 84608
214.084, 84608
214.085, 84608
214.087, 84608
214.088, 84608
214.089, 84608
214.091, 84608
214.092, 84608
214.093, 84608
214.095, 84608
214.097, 84608
214.099, 84608
214.101, 84608
214.102, 84608
214.104, 84608
214.106, 84608
214.107, 84608
214.109, 84608
214.11, 84608
214.111, 84608
214.113, 84608
214.114, 84608
214.115, 84608
214.117, 84608
214.118, 84608
214.119, 84608
214.121, 84608
214.122, 84608
214.123, 84608
214.125, 84608
214.127, 84608
214.128, 84608
214.13, 84608
214.131, 84608
214.133, 84608
214.134, 84608
214.135, 84608
214.136, 84608
214.138, 84608
214.14, 84608
214.141, 84608
214.142, 84608
214.144, 84608
214.145, 84608
214.146, 84608
214.15, 84608
214.158, 84608
214.159, 84608
214.161, 84608
214.162, 84608
214.163, 84608
214.164, 84608
214.166, 84608
214.167, 84608
214.168, 84608
214.169, 84824
214.17, 84824
214.172, 84824
214.173, 84824
214.174, 84824
214.175, 84824
214.176, 84824
214.178, 84824
214.179, 84824
214.18, 84824
214.181, 84824
214.182, 84824
214.184, 84824
214.185, 84824
214.186, 84608
214.187, 84608
214.189, 84608
214.19, 84608
214.192, 84608
214.198, 84608
214.199, 84608
214.201, 84608
214.202, 84608
214.203, 84608
214.204, 84608
214.206, 84608
214.207, 84608
214.208, 84608
214.209, 84608
214.21, 84608
214.212, 84608
214.213, 84608
214.214, 84608
214.215, 84608
214.216, 84608
214.218, 84608
214.219, 84608
214.22, 84608
214.221, 84608
214.223, 84608
214.224, 84608
214.226, 84608
214.228, 84608
214.229, 84608
214.231, 84608
214.232, 84608
214.233, 84608
214.234, 84608
214.236, 84608
214.237, 84608
214.238, 84392
214.239, 84392
214.24, 84392
214.241, 84392
214.243, 84392
214.244, 84392
214.245, 84392
214.246, 84608
214.248, 84608
214.249, 84608
214.25, 84608
214.251, 84608
214.252, 84608
214.254, 84608
214.255, 84608
214.257, 84608
214.258, 84608
214.259, 84608
214.261, 84608
214.262, 84608
214.263, 84608
214.264, 84608
214.266, 84608
214.267, 84608
214.268, 84608
214.269, 84608
214.27, 84608
214.272, 84608
214.273, 84608
214.274, 84608
214.275, 84608
214.277, 84608
214.278, 84608
214.279, 84608
214.28, 84608
214.282, 84608
214.283, 84608
214.284, 84608
214.286, 84608
214.287, 84608
214.288, 84608
214.29, 84608
214.291, 84608
214.293, 84608
214.294, 84608
214.295, 84608
214.297, 84608
214.298, 84608
214.299, 84608
214.301, 84608
214.302, 84608
214.303, 84608
214.304, 84608
214.306, 84608
214.307, 84608
214.308, 84608
214.309, 84608
214.31, 84608
214.312, 84608
214.313, 84608
214.314, 84608
214.315, 84608
214.316, 84608
214.318, 84608
214.319, 84608
214.32, 84608
214.322, 84608
214.323, 84392
214.324, 84392
214.325, 84392
214.326, 84392
214.327, 84392
214.329, 84392
214.33, 84392
214.331, 84392
214.332, 84176
214.334, 84176
214.335, 84176
214.336, 84176
214.337, 84176
214.338, 84176
214.34, 84176
214.341, 84176
214.342, 84176
214.343, 84176
214.345, 84176
214.346, 84176
214.348, 84176
214.349, 84176
214.35, 84176
214.352, 84176
214.353, 84176
214.354, 84176
214.355, 84176
214.357, 84392
214.358, 84392
214.359, 84392
214.36, 84392
214.362, 84392
214.363, 84392
214.364, 84392
214.365, 84392
214.366, 84176
214.367, 84176
214.368, 84176
214.37, 84176
214.371, 84176
214.372, 84176
214.373, 84176
214.375, 83960
214.376, 83960
214.377, 83960
214.379, 83960
214.38, 83960
214.381, 83960
214.383, 84176
214.384, 84176
214.385, 84176
214.386, 84176
214.387, 84176
214.388, 84176
214.39, 84176
214.391, 84176
214.392, 83960
214.393, 83960
214.394, 83960
214.395, 83960
214.396, 83960
214.398, 83960
214.399, 83960
214.4, 83960
214.401, 83960
214.402, 83960
214.403, 83960
214.405, 83960
214.406, 83960
214.407, 83960
214.408, 83744
214.41, 83744
214.411, 83744
214.412, 83744
214.414, 83744
214.415, 83744
214.416, 83744
214.417, 83960
214.419, 83960
214.42, 83960
214.421, 83960
214.422, 83960
214.423, 83960
214.424, 83960
214.426, 83960
214.427, 83960
214.429, 83960
214.43, 83960
214.432, 83960
214.433, 83960
214.434, 84176
214.436, 84176
214.437, 84176
214.438, 84176
214.44, 84176
214.441, 84176
214.442, 84392
214.443, 84392
214.445, 84392
214.446, 84392
214.447, 84392
214.449, 84392
214.45, 84392
214.451, 84608
214.452, 84608
214.454, 84608
214.455, 84608
214.456, 84608
214.457, 84608
214.459, 84608
214.46, 84608
214.462, 84608
214.464, 84608
214.466, 84608
214.468, 84608
214.469, 84608
214.47, 84608
214.472, 84608
214.473, 84608
214.474, 84608
214.475, 84608
214.476, 84176
214.478, 84176
214.48, 84176
214.482, 84176
214.485, 84176
214.487, 84176
214.49, 84176
214.492, 84176
214.494, 84176
214.5, 84176
214.506, 84176
214.508, 84176
214.511, 83960
214.513, 83960
214.516, 83960
214.519, 83744
214.525, 83744
214.534, 83744
214.536, 83960
214.537, 83960
214.539, 83960
214.54, 83960
214.541, 83960
214.542, 83960
214.543, 83960
214.545, 83960
214.546, 83960
214.547, 83960
214.549, 83960
214.551, 83960
214.555, 84176
214.562, 83960
214.565, 83960
214.566, 83960
214.569, 83960
214.571, 83960
214.579, 83960
214.584, 83960
214.587, 83960
214.596, 83744
214.598, 83744
214.611, 84176
214.615, 84176
214.624, 84176
214.632, 84176
214.635, 84176
214.638, 84176
214.643, 84392
214.651, 84176
214.653, 84176
214.654, 84176
214.656, 84176
214.657, 84176
214.661, 84176
214.663, 84176
214.666, 84176
214.671, 84176
214.673, 84176
214.678, 84176
214.685, 84176
214.687, 84176
214.689, 84176
214.692, 84176
214.706, 83960
214.713, 83960
214.725, 84176
214.729, 84176
214.737, 84176
214.742, 84176
214.744, 84176
214.745, 84176
214.747, 84176
214.749, 84176
214.759, 84176
214.768, 83960
214.772, 83960
214.774, 83960
214.776, 83960
214.786, 83960
214.789, 84176
214.804, 83960
214.806, 83960
214.81, 83960
214.815, 83960
214.818, 83960
214.821, 83960
214.824, 83960
214.826, 83960
214.828, 83960
214.83, 83960
214.836, 83960
214.84, 83960
214.843, 84176
214.847, 84176
214.85, 84176
214.852, 84176
214.866, 84176
214.872, 84392
214.877, 84176
214.881, 84176
214.883, 84176
214.884, 84176
214.886, 84176
214.888, 84176
214.89, 84176
214.892, 84176
214.893, 84176
214.895, 84176
214.897, 84176
214.909, 83960
214.916, 83960
214.922, 84176
214.924, 84176
214.925, 84176
214.927, 84176
214.939, 83960
214.941, 83960
214.942, 83960
214.944, 83960
214.952, 84176
214.954, 84176
214.955, 84392
214.956, 84392
214.958, 84392
214.959, 84392
214.961, 84392
214.962, 84392
214.964, 84392
214.965, 84392
214.969, 84392
214.97, 84392
214.972, 84392
214.973, 84392
214.975, 84392
214.976, 84392
214.98, 84608
214.983, 84608
214.984, 84608
214.986, 84608
214.995, 84608
214.997, 84608
214.998, 84608
214.999, 84608
215.001, 84608
215.002, 84608
215.003, 84608
215.004, 84608
215.006, 84824
215.007, 84824
215.008, 84824
215.009, 84824
215.01, 84824
215.012, 84824
215.013, 84824
215.014, 84824
215.016, 84824
215.017, 84824
215.018, 84824
215.019, 84824
215.021, 84824
215.022, 84824
215.023, 84824
215.024, 84824
215.026, 84824
215.027, 84824
215.029, 84824
215.03, 84824
215.032, 84824
215.033, 84824
215.034, 84824
215.035, 84824
215.036, 84824
215.037, 84824
215.039, 84824
215.04, 85040
215.041, 85040
215.043, 85040
215.044, 85040
215.045, 85040
215.047, 85040
215.048, 85040
215.049, 84824
215.05, 84824
215.051, 84824
215.053, 84824
215.054, 84824
215.055, 84824
215.057, 84824
215.058, 84824
215.06, 84824
215.061, 84824
215.062, 84824
215.064, 84824
215.065, 84824
215.066, 84824
215.067, 84824
215.068, 84824
215.07, 84824
215.071, 84824
215.072, 84824
215.073, 84824
215.075, 84608
215.076, 84608
215.077, 84608
215.078, 84608
215.08, 84608
215.081, 84608
215.082, 84608
215.083, 84608
215.085, 84608
215.086, 84608
215.087, 84608
215.088, 84608
215.089, 84608
215.091, 84392
215.092, 84392
215.093, 84392
215.094, 84392
215.095, 84392
215.097, 84392
215.098, 84392
215.1, 84608
215.101, 84608
215.102, 84608
215.104, 84608
215.105, 84608
215.108, 84392
215.11, 84392
215.112, 84392
215.113, 84392
215.115, 84392
215.116, 84176
215.118, 84176
215.119, 84176
215.12, 84176
215.121, 84176
215.123, 84176
215.125, 84176
215.133, 84176
215.144, 83960
215.146, 83960
215.158, 83960
215.163, 83960
215.17, 83744
215.183, 83528
215.185, 83744
215.186, 83744
215.189, 83744
215.193, 83744
215.202, 83744
215.205, 83744
215.207, 83744
215.209, 83744
215.212, 83744
215.213, 83744
215.214, 83744
215.216, 83744
215.22, 83528
215.221, 83528
215.222, 83528
215.225, 83528
215.231, 83744
215.234, 83744
215.237, 83744
215.242, 83744
215.248, 83528
215.262, 83528
215.264, 83528
215.266, 83528
215.267, 83528
215.271, 83528
215.276, 83528
215.284, 83528
215.29, 83528
215.293, 83528
215.3, 83312
215.304, 83744
215.313, 83744
215.319, 83528
215.323, 83528
215.33, 83960
215.333, 83960
215.337, 83960
215.34, 83960
215.341, 83960
215.343, 83960
215.344, 83960
215.345, 83960
215.348, 83744
215.353, 83744
215.354, 83744
215.356, 83528
215.357, 83528
215.358, 83528
215.36, 83528
215.361, 83528
215.363, 83528
215.364, 83528
215.366, 83528
215.367, 83528
215.369, 83528
215.381, 83960
215.382, 83960
215.383, 83960
215.385, 83960
215.386, 83960
215.387, 83960
215.389, 83960
215.409, 83960
215.416, 83960
215.426, 83960
215.433, 83744
215.44, 83744
215.441, 83744
215.444, 83744
215.449, 83744
215.452, 83744
215.456, 83744
215.459, 83744
215.462, 83744
215.465, 83744
215.469, 83528
215.47, 83528
215.471, 83528
215.474, 83528
215.475, 83528
215.477, 83528
215.479, 83528
215.487, 83528
215.491, 83528
215.494, 83528
215.496, 83528
215.498, 83528
215.503, 83744
215.509, 83744
215.51, 83744
215.512, 83744
215.513, 83744
215.517, 83528
215.523, 83528
215.525, 83528
215.526, 83528
215.528, 83528
215.53, 83528
215.535, 83528
215.541, 83528
215.547, 83528
215.551, 83528
215.557, 83528
215.559, 83528
215.561, 83528
215.568, 83744
215.575, 83744
215.577, 83744
215.578, 83744
215.579, 83744
215.581, 83744
215.582, 83744
215.583, 83744
215.584, 83744
215.585, 83744
215.586, 83528
215.587, 83528
215.589, 83528
215.591, 83528
215.594, 83528
215.596, 83528
215.601, 83528
215.602, 83528
215.607, 84176
215.614, 84392
215.615, 84392
215.617, 84392
215.624, 84608
215.626, 84608
215.627, 84608
215.629, 85040
215.633, 85040
215.634, 85040
215.635, 85040
215.637, 85040
215.638, 85040
215.639, 85040
215.64, 85040
215.641, 85040
215.646, 84608
215.647, 84608
215.649, 84608
215.65, 84608
215.651, 84608
215.652, 84608
215.654, 84608
215.655, 84824
215.656, 84824
215.658, 84824
215.659, 84824
215.66, 84824
215.662, 84824
215.663, 84608
215.671, 84608
215.676, 84608
215.678, 84608
215.679, 84392
215.685, 84392
215.689, 84176
215.706, 83960
215.71, 83960
215.711, 83960
215.713, 83960
215.715, 83960
215.716, 83960
215.72, 83960
215.727, 83960
215.731, 83744
215.735, 83744
215.737, 83744
215.738, 83744
215.739, 83744
215.741, 83744
215.743, 83744
215.759, 83744
215.763, 83744
215.767, 83528
215.769, 83528
215.772, 83528
215.773, 83528
215.775, 83528
215.778, 83528
215.783, 83744
215.788, 83744
215.797, 83744
215.799, 83744
215.803, 83744
215.808, 83744
215.813, 83744
215.82, 83960
215.827, 83960
215.829, 83960
215.832, 83960
215.834, 83960
215.835, 83960
215.839, 83960
215.843, 83960
215.848, 83960
215.855, 84176
215.858, 84176
215.86, 83960
215.861, 83960
215.863, 83960
215.865, 83960
215.879, 84176
215.886, 83960
215.892, 83960
215.895, 83960
215.898, 83960
215.901, 83960
215.903, 83960
215.905, 83960
215.907, 83960
215.91, 83960
215.912, 83960
215.915, 83960
215.92, 83960
215.923, 83960
215.925, 83960
215.927, 83960
215.929, 83960
215.931, 83960
215.933, 83960
215.935, 83960
215.937, 83744
215.939, 83744
215.946, 83960
215.95, 83960
215.953, 83960
215.955, 83960
215.957, 83960
215.975, 83960
215.979, 84176
215.987, 83960
215.995, 83960
216, 83960
216.004, 84176
216.006, 84176
216.008, 84176
216.016, 84176
216.019, 84176
216.031, 83744
216.035, 83744
216.037, 83744
216.038, 83744
216.041, 83744
216.046, 83960
216.051, 83960
216.063, 83960
216.066, 83960
216.068, 83960
216.069, 83960
216.071, 83960
216.072, 83960
216.075, 83960
216.083, 83744
216.096, 83744
216.098, 83960
216.1, 83960
216.103, 83960
216.107, 83960
216.109, 83960
216.111, 83960
216.113, 83960
216.115, 83744
216.116, 83744
216.119, 83744
216.124, 83528
216.129, 83528
216.132, 83744
216.14, 83744
216.142, 83960
216.144, 83960
216.15, 83960
216.152, 83960
216.16, 84176
216.164, 84176
216.166, 84176
216.167, 84392
216.168, 84392
216.174, 84392
216.176, 84608
216.178, 84608
216.18, 84608
216.181, 84608
216.188, 84608
216.189, 84608
216.191, 84608
216.192, 84608
216.193, 84608
216.195, 84608
216.196, 84608
216.197, 84608
216.199, 84608
216.201, 84608
216.202, 84608
216.203, 84608
216.204, 84608
216.206, 84608
216.207, 84608
216.208, 84608
216.209, 84608
216.219, 84392
216.23, 84608
216.232, 84608
216.233, 84608
216.238, 84608
216.239, 84608
216.241, 84608
216.242, 84608
216.244, 84176
216.245, 84176
216.247, 84176
216.248, 84176
216.249, 84176
216.25, 84176
216.251, 84176
216.253, 84176
216.254, 84176
216.255, 84176
216.256, 84176
216.258, 84176
216.26, 83960
216.261, 83960
216.266, 83960
216.267, 83960
216.27, 84176
216.279, 84176
216.28, 84176
216.282, 84176
216.283, 84176
216.284, 84176
216.285, 83960
216.287, 83960
216.295, 84176
216.297, 84176
216.298, 84176
216.299, 84176
216.3, 84176
216.302, 84176
216.303, 84392
216.304, 84392
216.305, 84392
216.306, 84392
216.307, 84392
216.309, 84392
216.31, 84392
216.311, 84392
216.312, 84176
216.313, 84176
216.314, 84176
216.315, 84176
216.316, 84176
216.318, 84176
216.319, 84176
216.32, 83960
216.321, 83960
216.322, 83960
216.323, 83960
216.325, 83960
216.326, 83960
216.327, 83960
216.331, 83960
216.332, 83960
216.334, 83960
216.335, 83960
216.336, 83960
216.337, 84392
216.338, 84392
216.339, 84392
216.34, 84392
216.342, 84392
216.343, 84392
216.346, 84176
216.352, 84176
216.354, 84608
216.358, 84608
216.359, 84608
216.36, 84608
216.361, 84608
216.362, 84824
216.364, 84824
216.365, 84824
216.366, 84824
216.367, 84824
216.368, 84824
216.369, 84824
216.37, 84824
216.372, 84608
216.373, 84608
216.374, 84608
216.376, 84608
216.377, 84608
216.378, 84608
216.379, 84608
216.38, 84608
216.382, 84608
216.383, 84608
216.384, 84608
216.385, 84608
216.386, 84608
216.387, 84608
216.388, 84392
216.39, 84392
216.391, 84392
216.393, 84392
216.394, 84392
216.396, 84392
216.397, 84608
216.399, 84608
216.4, 84608
216.401, 84608
216.403, 84608
216.404, 84608
216.405, 84608
216.406, 84608
216.408, 84608
216.409, 84608
216.41, 84608
216.411, 84608
216.412, 84608
216.413, 84608
216.415, 84608
216.416, 84608
216.417, 84608
216.418, 84608
216.419, 84608
216.42, 84608
216.422, 84392
216.423, 84392
216.425, 84392
216.426, 84392
216.428, 84392
216.429, 84392
216.43, 84608
216.432, 84608
216.433, 84608
216.434, 84608
216.436, 84608
216.437, 84608
216.438, 84608
216.439, 84824
216.44, 84824
216.441, 84824
216.443, 84824
216.444, 84824
216.445, 84824
216.446, 84824
216.447, 84824
216.448, 84824
216.45, 84824
216.451, 84824
216.452, 84824
216.453, 84824
216.455, 84824
216.456, 85040
216.457, 85040
216.458, 85040
216.46, 85040
216.461, 85040
216.462, 85040
216.464, 85040
216.465, 85040
216.466, 85040
216.468, 85040
216.469, 85040
216.47, 85040
216.471, 85040
216.473, 85040
216.474, 85040
216.475, 85040
216.476, 85040
216.477, 85040
216.479, 85040
216.48, 85040
216.481, 85040
216.482, 84824
216.484, 84824
216.485, 84824
216.487, 84824
216.488, 84824
216.489, 84824
216.49, 84824
216.492, 84824
216.493, 84824
216.494, 84824
216.495, 84824
216.497, 84824
216.498, 84824
216.5, 84824
216.501, 84824
216.503, 84824
216.504, 84824
216.506, 84824
216.507, 84824
216.508, 84608
216.51, 84608
216.511, 84608
216.512, 84608
216.514, 84608
216.515, 84608
216.516, 84608
216.518, 84608
216.519, 84608
216.52, 84608
216.521, 84608
216.523, 84608
216.524, 84608
216.525, 84608
216.526, 84608
216.528, 84608
216.529, 84608
216.531, 84608
216.532, 84608
216.533, 84392
216.534, 84392
216.536, 84392
216.537, 84392
216.538, 84392
216.539, 84392
216.541, 84392
216.542, 84392
216.543, 84392
216.544, 84392
216.546, 84392
216.547, 84392
216.548, 84392
216.549, 84392
216.55, 84392
216.552, 84392
216.553, 84392
216.554, 84392
216.556, 84392
216.557, 84392
216.558, 84392
216.559, 84392
216.561, 84392
216.562, 84392
216.563, 84392
216.565, 84392
216.566, 84392
216.567, 84392
216.568, 84392
216.57, 84392
216.571, 84392
216.572, 84392
216.573, 84392
216.575, 84392
216.576, 84392
216.577, 84392
216.578, 84392
216.58, 84392
216.581, 84392
216.582, 84392
216.583, 84392
216.585, 84392
216.586, 84392
216.587, 84392
216.588, 84392
216.59, 84392
216.591, 84392
216.592, 84392
216.594, 84392
216.6, 84392
216.601, 84176
216.603, 84176
216.604, 84176
216.605, 84176
216.606, 84176
216.608, 84176
216.609, 84176
216.61, 84176
216.611, 84176
216.613, 84176
216.614, 84176
216.615, 84176
216.616, 84176
216.618, 84176
216.619, 84392
216.627, 84176
216.629, 84176
216.63, 84176
216.632, 84176
216.633, 84176
216.635, 84176
216.636, 84176
216.638, 84176
216.639, 84176
216.64, 84176
216.642, 84176
216.643, 84176
216.644, 84176
216.645, 84176
216.647, 84176
216.648, 84176
216.649, 84176
216.65, 84176
216.652, 84176
216.653, 84176
216.654, 84176
216.656, 84176
216.657, 84176
216.658, 84176
216.659, 84176
216.661, 84176
216.662, 84176
216.663, 84176
216.664, 84176
216.666, 84176
216.667, 84176
216.668, 84176
216.67, 84176
216.671, 84176
216.673, 84176
216.674, 84176
216.68, 84176
216.682, 84176
216.684, 84176
216.685, 84176
216.686, 84176
216.687, 84176
216.689, 84176
216.69, 84176
216.691, 84176
216.692, 84176
216.694, 84176
216.695, 84176
216.696, 84176
216.698, 84176
216.699, 84176
216.7, 84176
216.704, 83960
216.714, 83960
216.717, 83960
216.718, 83960
216.72, 83960
216.721, 83960
216.723, 83960
216.724, 83960
216.725, 83960
216.726, 83960
216.728, 83960
216.729, 83960
216.73, 83960
216.731, 83960
216.733, 83960
216.734, 83960
216.735, 83960
216.737, 83960
216.738, 83960
216.739, 83960
216.74, 83960
216.742, 83960
216.743, 83960
216.744, 83960
216.746, 83960
216.748, 83960
216.749, 83960
216.75, 83960
216.752, 83960
216.753, 83960
216.754, 83960
216.755, 83960
216.757, 83960
216.758, 83960
216.765, 83960
216.767, 83960
216.768, 83960
216.77, 83960
216.771, 83960
216.772, 83960
216.773, 83960
216.775, 83960
216.776, 83960
216.777, 83960
216.778, 83960
216.78, 83960
216.781, 83960
216.782, 83960
216.783, 83960
216.785, 83960
216.786, 83960
216.787, 83960
216.789, 83960
216.79, 83960
216.792, 83960
216.794, 83960
216.796, 83960
216.798, 83960
216.799, 83960
216.801, 83960
216.803, 83960
216.804, 83960
216.805, 83960
216.806, 83960
216.808, 83960
216.809, 83960
216.81, 83960
216.811, 83960
216.813, 83960
216.814, 83960
216.818, 83960
216.826, 83960
216.828, 83960
216.829, 83960
216.831, 83960
216.832, 83960
216.833, 83960
216.834, 83960
216.836, 83960
216.837, 83960
216.838, 83960
216.839, 83960
216.841, 83528
216.842, 83528
216.843, 83528
216.845, 83528
216.846, 83528
216.847, 83528
216.849, 83528
216.85, 83528
216.851, 83528
216.852, 83528
216.854, 83528
216.855, 83528
216.856, 83528
216.858, 83312
216.859, 83312
216.86, 83312
216.862, 83312
216.863, 83312
216.864, 83312
216.865, 83312
216.867, 83744
216.868, 83744
216.869, 83744
216.871, 83744
216.872, 83744
216.874, 83744
216.875, 83528
216.876, 83528
216.877, 83528
216.878, 83528
216.879, 83528
216.881, 83528
216.882, 83528
216.883, 83312
216.885, 83312
216.886, 83312
216.887, 83312
216.889, 83312
216.89, 83312
216.891, 83528
216.892, 83528
216.893, 83528
216.895, 83528
216.896, 83528
216.897, 83528
216.898, 83528
216.899, 83528
216.9, 83312
216.901, 83312
216.903, 83312
216.904, 83312
216.905, 83312
216.906, 83312
216.907, 83312
216.908, 83096
216.909, 83096
216.911, 83096
216.912, 83096
216.913, 83096
216.914, 83096
216.915, 83096
216.921, 82880
216.922, 82880
216.923, 82880
216.924, 82880
216.926, 83312
216.927, 83312
216.928, 83312
216.929, 83312
216.93, 83312
216.931, 83312
216.932, 83312
216.934, 83312
216.935, 82880
216.936, 82880
216.938, 82880
216.939, 82880
216.941, 82880
216.942, 82880
216.943, 83312
216.944, 83312
216.946, 83312
216.947, 83312
216.948, 83312
216.949, 83312
216.951, 83312
216.952, 83528
216.953, 83528
216.954, 83528
216.955, 83528
216.956, 83528
216.957, 83528
216.959, 83528
216.96, 83096
216.961, 83096
216.962, 83096
216.963, 83096
216.965, 83096
216.966, 83096
216.967, 83096
216.968, 83096
216.97, 83096
216.971, 83096
216.972, 83096
216.973, 83096
216.974, 83096
216.975, 83096
216.976, 83096
216.978, 83096
216.979, 83096
216.98, 83096
216.981, 83096
216.983, 83096
216.984, 83096
216.985, 83096
216.987, 83096
216.988, 83096
216.989, 83096
216.991, 83096
216.992, 83096
216.993, 83096
216.994, 83312
216.996, 83312
216.997, 83312
216.998, 83312
216.999, 83312
217, 83312
217.001, 83312
217.003, 83312
217.004, 83312
217.005, 83312
217.006, 83312
217.007, 83312
217.008, 83312
217.01, 83312
217.011, 83096
217.012, 83096
217.014, 83096
217.015, 83096
217.016, 83096
217.017, 83096
217.019, 83096
217.02, 83528
217.021, 83528
217.022, 83528
217.023, 83528
217.024, 83528
217.025, 83528
217.027, 83528
217.028, 83744
217.029, 83744
217.03, 83744
217.031, 83744
217.032, 83744
217.034, 83744
217.035, 83744
217.036, 83744
217.037, 83744
217.038, 83744
217.039, 83744
217.041, 83744
217.042, 83744
217.043, 83744
217.044, 83744
217.045, 83960
217.047, 83960
217.048, 83960
217.049, 83960
217.05, 83960
217.051, 83960
217.053, 83960
217.054, 83960
217.055, 83960
217.057, 83960
217.058, 83960
217.059, 83960
217.06, 83960
217.062, 83960
217.063, 83960
217.064, 83960
217.065, 83960
217.066, 83960
217.068, 83960
217.069, 83960
217.07, 83960
217.071, 83960
217.073, 83960
217.074, 83960
217.075, 83960
217.076, 83960
217.078, 83960
217.079, 83960
217.08, 83960
217.081, 83960
217.083, 83960
217.084, 83960
217.086, 83960
217.087, 83960
217.088, 83960
217.09, 83960
217.091, 83960
217.092, 83960
217.093, 83960
217.094, 83960
217.095, 83960
217.097, 83960
217.098, 83960
217.099, 83960
217.1, 83960
217.101, 83960
217.103, 83960
217.104, 83960
217.105, 83960
217.107, 83960
217.108, 83960
217.109, 83960
217.11, 83960
217.111, 83960
217.112, 83960
217.114, 84176
217.115, 84176
217.116, 84176
217.118, 84176
217.119, 84176
217.12, 84176
217.122, 84176
217.123, 84176
217.124, 84176
217.125, 84176
217.126, 84176
217.128, 84176
217.129, 84176
217.13, 84176
217.131, 83960
217.132, 83960
217.134, 83960
217.135, 83960
217.136, 83960
217.137, 83960
217.138, 83960
217.14, 83960
217.141, 83960
217.142, 83960
217.143, 83960
217.145, 83960
217.146, 83960
217.147, 83960
217.148, 84176
217.149, 84176
217.151, 84176
217.152, 84176
217.153, 84176
217.154, 84176
217.155, 84176
217.157, 84176
217.158, 84176
217.159, 84176
217.161, 84176
217.162, 84176
217.163, 84176
217.164, 84176
217.166, 84176
217.167, 84176
217.168, 84176
217.169, 84176
217.17, 84176
217.171, 84176
217.173, 84176
217.174, 83960
217.175, 83960
217.176, 83960
217.177, 83960
217.178, 83960
217.18, 83960
217.181, 83960
217.182, 83744
217.183, 83744
217.184, 83744
217.185, 83744
217.187, 83744
217.188, 83744
217.189, 83744
217.19, 83960
217.191, 83960
217.192, 83960
217.194, 83960
217.195, 83960
217.196, 83960
217.197, 83960
217.198, 83960
217.2, 83960
217.201, 83960
217.202, 83960
217.204, 83960
217.205, 83960
217.206, 83960
217.207, 83744
217.209, 83744
217.21, 83744
217.211, 83744
217.212, 83744
217.214, 83744
217.215, 83744
217.216, 83960
217.217, 83960
217.219, 83960
217.22, 83960
217.221, 83960
217.222, 83960
217.223, 83960
217.224, 83960
217.226, 83960
217.227, 83960
217.228, 83960
217.229, 83960
217.231, 83960
217.232, 83960
217.233, 83744
217.234, 83744
217.235, 83744
217.237, 83744
217.238, 83744
217.239, 83744
217.24, 83744
217.242, 83960
217.243, 83960
217.244, 83960
217.246, 83960
217.247, 83960
217.249, 83960
217.25, 83960
217.251, 83960
217.252, 83960
217.254, 83960
217.255, 83960
217.256, 83960
217.257, 83960
217.258, 83960
217.26, 83960
217.261, 83960
217.262, 83960
217.263, 83960
217.264, 83960
217.266, 83960
217.267, 83960
217.268, 83960
217.269, 83960
217.27, 83960
217.272, 83960
217.273, 83960
217.274, 83960
217.275, 83960
217.276, 83960
217.278, 83960
217.279, 83960
217.28, 83960
217.281, 83960
217.282, 83960
217.284, 83960
217.285, 83960
217.286, 83960
217.287, 83960
217.289, 83960
217.29, 83960
217.291, 83960
217.293, 83960
217.294, 83960
217.295, 83960
217.296, 83960
217.298, 83960
217.299, 83960
217.3, 83960
217.301, 83960
217.302, 83960
217.303, 83960
217.305, 83960
217.306, 83960
217.307, 83960
217.308, 83960
217.309, 83960
217.31, 83960
217.312, 83960
217.313, 83960
217.314, 83960
217.315, 83960
217.316, 83960
217.317, 83960
217.319, 83960
217.32, 83960
217.321, 83960
217.322, 83960
217.324, 83960
217.325, 83960
217.326, 83960
217.327, 83960
217.329, 83960
217.33, 83960
217.331, 83960
217.332, 83960
217.333, 83960
217.335, 83960
217.336, 83960
217.338, 83960
217.339, 83960
217.34, 83960
217.342, 83960
217.343, 83960
217.344, 83960
217.345, 83960
217.347, 83960
217.348, 83960
217.349, 83960
217.35, 83960
217.351, 83960
217.352, 83744
217.354, 83744
217.355, 83744
217.356, 83744
217.358, 83744
217.359, 83744
217.36, 83744
217.361, 83960
217.362, 83960
217.363, 83960
217.365, 83960
217.366, 83960
217.368, 83960
217.369, 83960
217.371, 83960
217.372, 83960
217.373, 83960
217.374, 83960
217.376, 83960
217.377, 83960
217.378, 83960
217.379, 83960
217.38, 83960
217.381, 83960
217.383, 83960
217.384, 83960
217.385, 83960
217.386, 83960
217.388, 83960
217.389, 83960
217.39, 83960
217.392, 83960
217.393, 83960
217.394, 83960
217.395, 83960
217.397, 83960
217.398, 83960
217.4, 83960
217.401, 83960
217.402, 83960
217.403, 83960
217.405, 83960
217.406, 83960
217.407, 83960
217.408, 83960
217.41, 83960
217.411, 83960
217.412, 83960
217.413, 83960
217.415, 83960
217.416, 83960
217.417, 83960
217.418, 83960
217.419, 83960
217.421, 83960
217.422, 83960
217.423, 83960
217.425, 83960
217.426, 83960
217.427, 83960
217.429, 83960
217.43, 83960
217.431, 83960
217.432, 83960
217.434, 83960
217.435, 83960
217.436, 83960
217.437, 83960
217.438, 83960
217.439, 83960
217.441, 83960
217.442, 83960
217.444, 83960
217.445, 83960
217.446, 83960
217.447, 83960
217.448, 83960
217.449, 83960
217.451, 83960
217.452, 83960
217.454, 83960
217.455, 83960
217.456, 83960
217.457, 83960
217.458, 83960
217.46, 83960
217.461, 83960
217.462, 83960
217.463, 83528
217.464, 83528
217.466, 83528
217.467, 83528
217.468, 83528
217.469, 83528
217.471, 83528
217.472, 83312
217.473, 83312
217.474, 83312
217.476, 83312
217.477, 83312
217.479, 83312
217.48, 83312
217.482, 83312
217.483, 83312
217.484, 83312
217.486, 83312
217.487, 83312
217.488, 83312
217.49, 83744
217.491, 83744
217.492, 83744
217.493, 83744
217.494, 83744
217.495, 83744
217.497, 83744
217.498, 83744
217.499, 83744
217.5, 83744
217.501, 83744
217.502, 83744
217.504, 83744
217.505, 83744
217.506, 83744
217.508, 83744
217.509, 83744
217.511, 83744
217.512, 83744
217.514, 83744
217.515, 83744
217.516, 83744
217.517, 83744
217.518, 83744
217.519, 83744
217.521, 83744
217.522, 83744
217.523, 83744
217.524, 83744
217.525, 83744
217.526, 83744
217.527, 83744
217.529, 83744
217.53, 83744
217.531, 83744
217.532, 83744
217.533, 83744
217.534, 83744
217.535, 83744
217.537, 83744
217.538, 83744
217.539, 83744
217.54, 83528
217.541, 83528
217.543, 83528
217.544, 83528
217.545, 83528
217.546, 83528
217.548, 83528
217.549, 83744
217.55, 83744
217.551, 83744
217.552, 83744
217.553, 83744
217.555, 83744
217.556, 83744
217.557, 83744
217.559, 83744
217.56, 83744
217.562, 83744
217.563, 83744
217.565, 83744
217.566, 83528
217.568, 83528
217.569, 83528
217.57, 83528
217.571, 83528
217.573, 83528
217.574, 83528
217.575, 83528
217.577, 83528
217.578, 83528
217.579, 83528
217.58, 83528
217.581, 83528
217.582, 83528
217.583, 83744
217.585, 83744
217.586, 83744
217.587, 83744
217.588, 83744
217.589, 83744
217.59, 83744
217.592, 83528
217.593, 83528
217.594, 83528
217.595, 83528
217.596, 83528
217.597, 83528
217.598, 83528
217.6, 83096
217.601, 83096
217.602, 83096
217.603, 83096
217.604, 83096
217.606, 83096
217.607, 83096
217.608, 83096
217.609, 83096
217.611, 83096
217.612, 83096
217.613, 83096
217.614, 83096
217.615, 83096
217.616, 83096
217.617, 83096
217.619, 83096
217.62, 83096
217.621, 83096
217.622, 83096
217.624, 83096
217.625, 83096
217.626, 83096
217.628, 83096
217.629, 83096
217.63, 83096
217.631, 83096
217.633, 83096
217.634, 83528
217.635, 83528
217.636, 83528
217.638, 83528
217.639, 83528
217.64, 83528
217.641, 83528
217.642, 83528
217.643, 83528
217.644, 83528
217.646, 83528
217.647, 83528
217.648, 83528
217.649, 83528
217.65, 83528
217.652, 83744
217.653, 83744
217.654, 83744
217.655, 83744
217.656, 83744
217.657, 83744
217.659, 83744
217.66, 83528
217.661, 83528
217.662, 83528
217.663, 83528
217.664, 83528
217.665, 83528
217.667, 83528
217.668, 83528
217.669, 83528
217.67, 83528
217.671, 83528
217.672, 83528
217.673, 83528
217.675, 83528
217.676, 83528
217.677, 83528
217.678, 83528
217.679, 83528
217.68, 83528
217.681, 83528
217.683, 83528
217.684, 83528
217.685, 83312
217.686, 83312
217.687, 83312
217.688, 83312
217.689, 83312
217.691, 83312
217.692, 83312
217.693, 83312
217.694, 83312
217.695, 83312
217.696, 83312
217.697, 83312
217.699, 83312
217.7, 83312
217.701, 83312
217.702, 83312
217.703, 83312
217.704, 83312
217.705, 83312
217.706, 83312
217.708, 83312
217.709, 83312
217.71, 83312
217.711, 83312
217.712, 83312
217.713, 83312
217.714, 83312
217.716, 83312
217.717, 83312
217.718, 83312
217.719, 83312
217.72, 83312
217.721, 83312
217.723, 83312
217.724, 83312
217.725, 83312
217.726, 83312
217.727, 83312
217.728, 83312
217.729, 83312
217.73, 83312
217.732, 83312
217.733, 83312
217.734, 83312
217.735, 83312
217.736, 83312
217.737, 83312
217.739, 83312
217.74, 83312
217.741, 83312
217.742, 83312
217.743, 83312
217.744, 83312
217.745, 83312
217.747, 83312
217.748, 83312
217.749, 83312
217.75, 83312
217.751, 83312
217.752, 83312
217.753, 83312
217.755, 83312
217.756, 83312
217.757, 83312
217.758, 83312
217.759, 83312
217.76, 83312
217.761, 83312
217.763, 83312
217.764, 83312
217.765, 83312
217.766, 83312
217.767, 83312
217.768, 83312
217.769, 83312
217.771, 83312
217.772, 83312
217.773, 83312
217.774, 83312
217.775, 83312
217.776, 83312
217.777, 83312
217.779, 83312
217.78, 83312
217.781, 83312
217.782, 83312
217.783, 83312
217.784, 83312
217.785, 83312
217.787, 83312
217.788, 83312
217.789, 83312
217.79, 83312
217.791, 83312
217.792, 83312
217.794, 83312
217.795, 83312
217.796, 83312
217.797, 83312
217.798, 83312
217.8, 83312
217.801, 83312
217.802, 83312
217.803, 83312
217.804, 83312
217.806, 83312
217.807, 83312
217.808, 83312
217.809, 83312
217.81, 83312
217.812, 83312
217.813, 83312
217.814, 83312
217.815, 83312
217.817, 83312
217.818, 83312
217.819, 83312
217.82, 83312
217.821, 83312
217.822, 83096
217.823, 83096
217.825, 83096
217.826, 83096
217.827, 83096
217.828, 83096
217.829, 83096
217.83, 83096
217.832, 83096
217.833, 83096
217.834, 83096
217.835, 83096
217.836, 83096
217.837, 83096
217.839, 83096
217.84, 83096
217.841, 83096
217.842, 83096
217.843, 83096
217.844, 83096
217.845, 83096
217.847, 83096
217.848, 83096
217.849, 83096
217.85, 83096
217.851, 83096
217.853, 83096
217.854, 83096
217.855, 83096
217.856, 83096
217.858, 83096
217.86, 83096
217.861, 83096
217.863, 83096
217.864, 83096
217.865, 83096
217.866, 83096
217.867, 83096
217.869, 83096
217.87, 83096
217.873, 83096
217.874, 83096
217.875, 83096
217.876, 83096
217.877, 83096
217.879, 83096
217.88, 83096
217.881, 83096
217.883, 83096
217.885, 83096
217.886, 83096
217.888, 83096
217.889, 83096
217.89, 83096
217.892, 83096
217.893, 83096
217.894, 83096
217.895, 83096
217.896, 83096
217.898, 83096
217.899, 83096
217.9, 83096
217.901, 83096
217.902, 83096
217.903, 83096
217.905, 83096
217.906, 83096
217.907, 82880
217.908, 82880
217.909, 82880
217.91, 82880
217.911, 82880
217.913, 82880
217.914, 82880
217.915, 82880
217.916, 82664
217.917, 82664
217.918, 82664
217.919, 82664
217.921, 82664
217.922, 82664
217.923, 82664
217.924, 82448
217.925, 82448
217.926, 82448
217.927, 82448
217.929, 82448
217.93, 82448
217.931, 82448
217.932, 82448
217.933, 82448
217.934, 82448
217.935, 82448
217.937, 82448
217.938, 82448
217.939, 82448
217.94, 82448
217.941, 82448
217.942, 82448
217.943, 82448
217.945, 82448
217.946, 82448
217.947, 82448
217.948, 82448
217.949, 82448
217.95, 82448
217.951, 82448
217.953, 82448
217.954, 82448
217.955, 82448
217.956, 82448
217.957, 82448
217.958, 82232
217.959, 82232
217.961, 82232
217.962, 82232
217.963, 82232
217.964, 82232
217.965, 82232
217.966, 82232
217.967, 82232
217.969, 82232
217.97, 82232
217.971, 82232
217.972, 82232
217.973, 82232
217.974, 82232
217.975, 82232
217.977, 82232
217.978, 82232
217.979, 82232
217.98, 82232
217.981, 82232
217.982, 82232
217.986, 82232
217.99, 82232
217.995, 82448
217.996, 82448
218, 82448
218.002, 82448
218.003, 82448
218.005, 82448
218.006, 82448
218.007, 82448
218.009, 82448
218.01, 82448
218.011, 82448
218.012, 82448
218.014, 82448
218.015, 82448
218.016, 82448
218.017, 82448
218.018, 82448
218.019, 82448
218.021, 82448
218.022, 82448
218.023, 82448
218.024, 82448
218.025, 82448
218.026, 82232
218.027, 82232
218.029, 82232
218.03, 82232
218.031, 82232
218.032, 82232
218.033, 82232
218.034, 82232
218.035, 82232
218.037, 82232
218.038, 82232
218.039, 82232
218.04, 82232
218.041, 82232
218.042, 82232
218.044, 82232
218.045, 82232
218.046, 82232
218.047, 82232
218.048, 82232
218.049, 82232
218.05, 82232
218.052, 82232
218.053, 82016
218.054, 82016
218.055, 82016
218.056, 82016
218.058, 82016
218.059, 82016
218.06, 82016
218.061, 82016
218.062, 82016
218.063, 82016
218.064, 82016
218.066, 82016
218.067, 82016
218.068, 82016
218.069, 82016
218.07, 82016
218.071, 82016
218.073, 82016
218.074, 82016
218.075, 82016
218.076, 82016
218.077, 82016
218.078, 81800
218.079, 81800
218.081, 81800
218.082, 81800
218.083, 81800
218.084, 81800
218.085, 81800
218.086, 81800
218.087, 81800
218.089, 81800
218.09, 81800
218.091, 81800
218.092, 81800
218.093, 81800
218.094, 81800
218.096, 81800
218.097, 81800
218.098, 81800
218.099, 81800
218.103, 81800
218.108, 81800
218.109, 81800
218.111, 81800
218.112, 82016
218.113, 82016
218.114, 82016
218.116, 82016
218.117, 82016
218.118, 82016
218.119, 82016
218.12, 82232
218.122, 82232
218.123, 82232
218.124, 82232
218.125, 82232
218.126, 82232
218.127, 82232
218.129, 82016
218.13, 82016
218.131, 82016
218.132, 82016
218.133, 82016
218.134, 82016
218.135, 82016
218.137, 82016
218.138, 82016
218.139, 82016
218.14, 82016
218.141, 82016
218.142, 82016
218.143, 82016
218.145, 82016
218.146, 81800
218.147, 81800
218.148, 81800
218.149, 81800
218.15, 81800
218.151, 81800
218.153, 81800
218.154, 81800
218.155, 81800
218.156, 81800
218.157, 81800
218.158, 81800
218.159, 81800
218.161, 81800
218.162, 81800
218.163, 81800
218.164, 81800
218.165, 81800
218.166, 81800
218.167, 81800
218.169, 81800
218.17, 81800
218.171, 81800
218.172, 81800
218.173, 81800
218.174, 81800
218.175, 81800
218.177, 81800
218.178, 81800
218.179, 81800
218.18, 81800
218.181, 81800
218.182, 81800
218.183, 81800
218.185, 81800
218.186, 81800
218.187, 81800
218.188, 81800
218.189, 81800
218.19, 81800
218.191, 81800
218.193, 81800
218.194, 81800
218.195, 81800
218.196, 81800
218.197, 81584
218.198, 81584
218.2, 81584
218.201, 81584
218.205, 81800
218.21, 81800
218.211, 81800
218.212, 81800
218.214, 81800
218.215, 82232
218.216, 82232
218.218, 82232
218.219, 82232
218.22, 82232
218.221, 82232
218.222, 82448
218.224, 82448
218.225, 82448
218.226, 82448
218.227, 82448
218.228, 82448
218.229, 82448
218.23, 82448
218.232, 82232
218.233, 82232
218.234, 82232
218.235, 82232
218.236, 82232
218.237, 82232
218.239, 82232
218.24, 82448
218.241, 82448
218.242, 82448
218.243, 82448
218.244, 82448
218.245, 82448
218.247, 82448
218.248, 82448
218.249, 82232
218.25, 82232
218.251, 82232
218.252, 82232
218.253, 82232
218.255, 82232
218.256, 82232
218.257, 82232
218.258, 82232
218.259, 82232
218.26, 82232
218.261, 82232
218.263, 82232
218.264, 82232
218.265, 82232
218.266, 82232
218.267, 82232
218.268, 82232
218.269, 82232
218.271, 82232
218.272, 82232
218.273, 82232
218.274, 82016
218.275, 82016
218.276, 82016
218.277, 82016
218.279, 82016
218.28, 82016
218.281, 82016
218.282, 82016
218.283, 82232
218.284, 82232
218.286, 82232
218.287, 82232
218.288, 82232
218.289, 82232
218.29, 82232
218.291, 82016
218.292, 82016
218.294, 82016
218.295, 82016
218.296, 82016
218.297, 82016
218.298, 82016
218.299, 82016
218.3, 82016
218.302, 82016
218.303, 82016
218.304, 82016
218.305, 82016
218.306, 82016
218.31, 82016
218.312, 82016
218.315, 82016
218.316, 82232
218.318, 82232
218.319, 82232
218.32, 82232
218.321, 82232
218.323, 82232
218.324, 82232
218.325, 82232
218.326, 82232
218.328, 82232
218.329, 82232
218.33, 82232
218.331, 82232
218.332, 82232
218.333, 82232
218.334, 82232
218.336, 82232
218.337, 82232
218.338, 82232
218.339, 82232
218.34, 82232
218.341, 82232
218.342, 82016
218.344, 82016
218.345, 82016
218.346, 82016
218.347, 82016
218.348, 82016
218.349, 82016
218.351, 82016
218.352, 82016
218.353, 82016
218.354, 82016
218.355, 82016
218.356, 82016
218.358, 82016
218.359, 82016
218.36, 82016
218.361, 82016
218.362, 82016
218.363, 82016
218.365, 82016
218.366, 82016
218.367, 82016
218.369, 82016
218.37, 82016
218.371, 82016
218.372, 82016
218.373, 82016
218.374, 82016
218.376, 82016
218.377, 82232
218.378, 82232
218.379, 82232
218.38, 82232
218.381, 82232
218.382, 82232
218.384, 82232
218.385, 82232
218.386, 82232
218.387, 82232
218.388, 82232
218.389, 82232
218.391, 82232
218.392, 82232
218.393, 82232
218.394, 82016
218.395, 82016
218.396, 82016
218.398, 82016
218.399, 82016
218.4, 82016
218.401, 82016
218.402, 81800
218.403, 81800
218.405, 81800
218.406, 81800
218.407, 81800
218.408, 81800
218.409, 81800
218.41, 81800
218.411, 81800
218.413, 81800
218.414, 81800
218.415, 81800
218.419, 81800
218.424, 81800
218.432, 82016
218.434, 82016
218.435, 82016
218.436, 82232
218.438, 82232
218.439, 82232
218.441, 82232
218.442, 82232
218.45, 82232
218.451, 82232
218.452, 82232
218.454, 82448
218.455, 82448
218.457, 82448
218.458, 82448
218.459, 82448
218.46, 82448
218.462, 82448
218.463, 82448
218.464, 82448
218.466, 82448
218.467, 82448
218.468, 82448
218.47, 82448
218.471, 82448
218.472, 82448
218.474, 82448
218.475, 82448
218.476, 82448
218.478, 82448
218.479, 82664
218.48, 82664
218.481, 82664
218.483, 82664
218.484, 82664
218.485, 82664
218.486, 82664
218.488, 82448
218.49, 82448
218.491, 82448
218.492, 82448
218.493, 82448
218.495, 82448
218.496, 82664
218.497, 82664
218.498, 82664
218.5, 82664
218.501, 82664
218.502, 82664
218.504, 82664
218.505, 82664
218.506, 82664
218.507, 82664
218.509, 82664
218.51, 82664
218.511, 82664
218.513, 82664
218.514, 82664
218.515, 82664
218.516, 82664
218.518, 82664
218.519, 82664
218.52, 82664
218.521, 82664
218.523, 82664
218.524, 82664
218.525, 82664
218.526, 82664
218.528, 82664
218.529, 82664
218.53, 82664
218.531, 82664
218.533, 82664
218.534, 82664
218.535, 82664
218.536, 82664
218.537, 82664
218.538, 82664
218.539, 82664
218.541, 82664
218.542, 82664
218.543, 82664
218.544, 82664
218.545, 82664
218.546, 82664
218.547, 82664
218.548, 82664
218.55, 82664
218.551, 82664
218.552, 82664
218.553, 82664
218.554, 82664
218.555, 82664
218.556, 82664
218.558, 82664
218.559, 82664
218.56, 82664
218.561, 82664
218.562, 82664
218.563, 82664
218.565, 82448
218.566, 82448
218.567, 82448
218.568, 82448
218.569, 82448
218.57, 82448
218.571, 82448
218.573, 82448
218.574, 82448
218.575, 82448
218.576, 82448
218.577, 82448
218.578, 82448
218.579, 82448
218.581, 82448
218.582, 82448
218.583, 82448
218.584, 82448
218.585, 82448
218.586, 82448
218.588, 82448
218.589, 82448
218.59, 82232
218.591, 82232
218.592, 82232
218.593, 82232
218.595, 82232
218.596, 82232
218.597, 82232
218.598, 82232
218.599, 82232
218.6, 82232
218.601, 82232
218.603, 82232
218.604, 82232
218.605, 82232
218.606, 82232
218.607, 82232
218.608, 82232
218.609, 82232
218.611, 82232
218.612, 82232
218.613, 82232
218.614, 82232
218.615, 82232
218.616, 82232
218.618, 82232
218.619, 82232
218.62, 82232
218.621, 82232
218.622, 82232
218.623, 82232
218.624, 82016
218.626, 82016
218.627, 82016
218.628, 82016
218.629, 82016
218.63, 82016
218.631, 82016
218.632, 82232
218.634, 82232
218.635, 82232
218.636, 82232
218.637, 82232
218.638, 82232
218.639, 82232
218.641, 82232
218.642, 82232
218.643, 82232
218.644, 82232
218.645, 82232
218.646, 82232
218.648, 82232
218.649, 82232
218.65, 82016
218.651, 82016
218.652, 82016
218.653, 82016
218.654, 82016
218.656, 82016
218.657, 82016
218.658, 82016
218.659, 82016
218.66, 82016
218.661, 82016
218.662, 82016
218.664, 82016
218.665, 82016
218.666, 82016
218.667, 82016
218.668, 82016
218.669, 82016
218.67, 82016
218.672, 82016
218.673, 82016
218.674, 82016
218.675, 82016
218.676, 82016
218.677, 82016
218.678, 82016
218.68, 82016
218.681, 82016
218.682, 82016
218.683, 82016
218.684, 82016
218.685, 82016
218.686, 82016
218.688, 82016
218.689, 82016
218.69, 82016
218.691, 82016
218.692, 82016
218.693, 82016
218.694, 82016
218.696, 82016
218.697, 82016
218.698, 82016
218.699, 82016
218.7, 82016
218.701, 82016
218.703, 82016
218.704, 82016
218.705, 82016
218.706, 82016
218.707, 82016
218.708, 82016
218.709, 82016
218.711, 82016
218.712, 82016
218.713, 82016
218.714, 82016
218.715, 82016
218.716, 82016
218.717, 82016
218.719, 82016
218.72, 82016
218.721, 82016
218.722, 82016
218.723, 82016
218.724, 82016
218.725, 82016
218.727, 82016
218.728, 82016
218.729, 82016
218.73, 82016
218.731, 82016
218.732, 82016
218.733, 82016
218.735, 82016
218.736, 82016
218.737, 82016
218.738, 82016
218.739, 82016
218.74, 82016
218.742, 82016
218.743, 82016
218.744, 81800
218.745, 81800
218.746, 81800
218.747, 81800
218.748, 81800
218.75, 81800
218.751, 81800
218.752, 81800
218.753, 81800
218.754, 81800
218.755, 81800
218.757, 81800
218.758, 81800
218.759, 81800
218.76, 81800
218.761, 81800
218.762, 81800
218.763, 81800
218.765, 81800
218.766, 81800
218.767, 81800
218.768, 81800
218.769, 81800
218.77, 81800
218.772, 81800
218.773, 81800
218.774, 81800
218.775, 81800
218.776, 81800
218.777, 81800
218.778, 81800
218.78, 81800
218.781, 81800
218.782, 81800
218.783, 81800
218.784, 81800
218.785, 81800
218.786, 81800
218.788, 81800
218.789, 81800
218.79, 81800
218.791, 81800
218.792, 81800
218.793, 81800
218.794, 81800
218.796, 81800
218.797, 81800
218.798, 81800
218.799, 81800
218.8, 81800
218.801, 81800
218.802, 81800
218.804, 81800
218.805, 81800
218.806, 81800
218.807, 81800
218.808, 81800
218.809, 81800
218.811, 81800
218.812, 81800
218.813, 81800
218.814, 81800
218.815, 81800
218.816, 81800
218.818, 81800
218.819, 81800
218.82, 81800
218.821, 81800
218.822, 81800
218.824, 81800
218.825, 81800
218.826, 81800
218.827, 81800
218.828, 81800
218.829, 81800
218.831, 81800
218.832, 81800
218.833, 81800
218.834, 81800
218.835, 81800
218.836, 81800
218.838, 81800
218.839, 81800
218.84, 81800
218.841, 81800
218.842, 81800
218.843, 81800
218.845, 81800
218.846, 81800
218.847, 81800
218.848, 81800
218.849, 81800
218.85, 81800
218.852, 81800
218.853, 81800
218.854, 81800
218.855, 81800
218.856, 81800
218.857, 81800
218.858, 81800
218.86, 81800
218.861, 81800
218.862, 81800
218.863, 81800
218.883, 81800
218.885, 81800
218.886, 81800
218.887, 81800
218.888, 82016
218.889, 82016
218.891, 82016
218.892, 82016
218.893, 82016
218.894, 82016
218.895, 82016
218.897, 82016
218.898, 82016
218.899, 82016
218.9, 82016
218.902, 82016
218.906, 82232
218.908, 82232
218.909, 82232
218.91, 82232
218.911, 82232
218.913, 82232
218.914, 82232
218.915, 82232
218.916, 82232
218.917, 82232
218.919, 82232
218.92, 82232
218.921, 82232
218.922, 82232
218.924, 82232
218.925, 82232
218.926, 82232
218.927, 82232
218.928, 82232
218.93, 82232
218.931, 82448
218.932, 82448
218.933, 82448
218.934, 82448
218.936, 82448
218.937, 82448
218.938, 82448
218.94, 82448
218.941, 82448
218.942, 82448
218.943, 82448
218.944, 82448
218.946, 82448
218.947, 82448
218.948, 82664
218.949, 82664
218.95, 82664
218.951, 82664
218.953, 82664
218.954, 82664
218.955, 82664
218.956, 82664
218.957, 82448
218.958, 82448
218.96, 82448
218.961, 82448
218.962, 82448
218.964, 82448
218.965, 82448
218.966, 82448
218.968, 82448
218.969, 82448
218.971, 82448
218.972, 82448
218.973, 82664
218.975, 82664
218.976, 82664
218.978, 82664
218.979, 82664
218.981, 82664
218.982, 82664
218.983, 82664
218.984, 82664
218.985, 82664
218.987, 82664
218.988, 82664
218.989, 82664
218.99, 82664
218.992, 82664
218.993, 82664
218.994, 82664
218.995, 82664
218.997, 82664
218.998, 82664
218.999, 82664
219.001, 82664
219.002, 82664
219.003, 82664
219.005, 82664
219.006, 82664
219.007, 82664
219.008, 82664
219.01, 82664
219.011, 82664
219.012, 82664
219.013, 82664
219.015, 82664
219.016, 82664
219.017, 82664
219.018, 82664
219.02, 82664
219.021, 82664
219.022, 82664
219.023, 82664
219.025, 82664
219.026, 82664
219.027, 82664
219.029, 82664
219.03, 82664
219.031, 82664
219.032, 82664
219.034, 82664
219.035, 82664
219.036, 82664
219.037, 82664
219.038, 82664
219.04, 82664
219.041, 82664
219.042, 82664
219.043, 82664
219.045, 82664
219.046, 82664
219.047, 82664
219.049, 82664
219.05, 82664
219.051, 82664
219.052, 82664
219.054, 82664
219.055, 82664
219.056, 82664
219.057, 82664
219.059, 82664
219.06, 82664
219.061, 82664
219.062, 82664
219.064, 82664
219.065, 82664
219.066, 82664
219.067, 82664
219.068, 82664
219.07, 82664
219.071, 82664
219.072, 82664
219.073, 82664
219.074, 82664
219.075, 82664
219.077, 82448
219.078, 82448
219.079, 82448
219.08, 82448
219.081, 82448
219.082, 82448
219.083, 82448
219.085, 82448
219.086, 82448
219.087, 82448
219.088, 82448
219.089, 82448
219.09, 82448
219.091, 82448
219.092, 82448
219.094, 82448
219.095, 82448
219.096, 82448
219.097, 82448
219.098, 82448
219.099, 82448
219.1, 82448
219.102, 82232
219.103, 82232
219.104, 82232
219.105, 82232
219.106, 82232
219.107, 82232
219.109, 82232
219.11, 82232
219.111, 82232
219.112, 82232
219.113, 82232
219.114, 82232
219.115, 82232
219.117, 82232
219.118, 82232
219.119, 82016
219.12, 82016
219.121, 82016
219.122, 82016
219.123, 82016
219.124, 82016
219.126, 82016
219.127, 82016
219.128, 82016
219.129, 82016
219.13, 82016
219.131, 82016
219.132, 82016
219.134, 82016
219.135, 82016
219.136, 82016
219.137, 82016
219.138, 82016
219.139, 82016
219.141, 82016
219.142, 82016
219.143, 82016
219.144, 82016
219.145, 82016
219.146, 82016
219.147, 82016
219.148, 82016
219.15, 82016
219.151, 82016
219.152, 82016
219.153, 82016
219.154, 82016
219.155, 82016
219.156, 82016
219.158, 82016
219.159, 82016
219.16, 82016
219.161, 82016
219.162, 81800
219.163, 81800
219.164, 81800
219.166, 81800
219.167, 81800
219.168, 81800
219.169, 81800
219.17, 81800
219.171, 81800
219.172, 81800
219.174, 81800
219.175, 81800
219.176, 81800
219.177, 81800
219.178, 81800
219.179, 81800
219.18, 81800
219.182, 81800
219.183, 81800
219.184, 81800
219.185, 81800
219.186, 81800
219.187, 81800
219.188, 81800
219.19, 81800
219.191, 81800
219.192, 81800
219.193, 81800
219.194, 81800
219.195, 81800
219.196, 81800
219.198, 81800
219.199, 81800
219.2, 81800
219.201, 81800
219.202, 81800
219.203, 81800
219.204, 81800
219.206, 81800
219.207, 81800
219.208, 81800
219.209, 81800
219.21, 81800
219.211, 81800
219.212, 81800
219.213, 81800
219.215, 81800
219.216, 81800
219.217, 81800
219.218, 81800
219.219, 81800
219.22, 81800
219.221, 81584
219.223, 81584
219.224, 81584
219.225, 81584
219.226, 81584
219.227, 81584
219.228, 81584
219.229, 81800
219.231, 81800
219.232, 81800
219.233, 81800
219.234, 81800
219.235, 81800
219.236, 81800
219.237, 81800
219.239, 81584
219.24, 81584
219.241, 81584
219.242, 81584
219.243, 81584
219.244, 81584
219.245, 81584
219.247, 81584
219.248, 81584
219.249, 81584
219.25, 81584
219.251, 81584
219.252, 81584
219.253, 81584
219.255, 81584
219.256, 81584
219.257, 81584
219.258, 81584
219.259, 81584
219.26, 81584
219.262, 81584
219.263, 81584
219.264, 81584
219.265, 81584
219.266, 81584
219.267, 81584
219.268, 81584
219.269, 81584
219.271, 81584
219.272, 81584
219.273, 81584
219.274, 81584
219.275, 81584
219.276, 81584
219.277, 81584
219.279, 81584
219.28, 81584
219.281, 81584
219.282, 81584
219.283, 81584
219.284, 81584
219.285, 81584
219.287, 81584
219.288, 81584
219.289, 81584
219.29, 81584
219.291, 81584
219.292, 81584
219.293, 81584
219.294, 81584
219.296, 81584
219.297, 81584
219.298, 81584
219.299, 81584
219.3, 81584
219.301, 81584
219.303, 81584
219.304, 81584
219.305, 81584
219.306, 81584
219.307, 81584
219.308, 81584
219.309, 81584
219.311, 81584
219.312, 81584
219.313, 81584
219.314, 81584
219.315, 81584
219.316, 81584
219.317, 81584
219.319, 81584
219.32, 81584
219.321, 81584
219.322, 81584
219.323, 81584
219.324, 81368
219.325, 81368
219.327, 81368
219.328, 81368
219.329, 81368
219.33, 81368
219.331, 81368
219.332, 81368
219.333, 81368
219.335, 81368
219.336, 81368
219.337, 81368
219.338, 81368
219.339, 81368
219.34, 81368
219.341, 81368
219.343, 81368
219.344, 81368
219.345, 81368
219.346, 81368
219.347, 81368
219.348, 81368
219.35, 81368
219.351, 81368
219.352, 81368
219.353, 81368
219.354, 81368
219.355, 81368
219.356, 81368
219.357, 81368
219.359, 81368
219.36, 81368
219.361, 81368
219.362, 81368
219.363, 81368
219.364, 81368
219.365, 81368
219.367, 81368
219.368, 81368
219.369, 81368
219.37, 81368
219.371, 81368
219.372, 81368
219.373, 81368
219.375, 81368
219.376, 81368
219.377, 81368
219.378, 81368
219.379, 81368
219.38, 81368
219.381, 81368
219.383, 81368
219.384, 81368
219.385, 81368
219.386, 81368
219.387, 81368
219.388, 81368
219.389, 81368
219.391, 81368
219.392, 81368
219.393, 81368
219.394, 81368
219.395, 81368
219.396, 81368
219.397, 81368
219.399, 81368
219.4, 81368
219.401, 81368
219.402, 81368
219.403, 81368
219.404, 81368
219.405, 81368
219.407, 81368
219.408, 81368
219.409, 81368
219.41, 81368
219.411, 81368
219.412, 81368
219.413, 81368
219.415, 81368
219.416, 81368
219.417, 81368
219.418, 81368
219.419, 81368
219.42, 81368
219.421, 81368
219.423, 81368
219.424, 81368
219.425, 81368
219.426, 81368
219.427, 81368
219.428, 81368
219.429, 81368
219.431, 81368
219.432, 81368
219.433, 81368
219.434, 81368
219.435, 81368
219.436, 81368
219.437, 81368
219.439, 81368
219.44, 81368
219.441, 81368
219.442, 81368
219.443, 81368
219.444, 81368
219.445, 81368
219.447, 81368
219.448, 81368
219.449, 81368
219.45, 81368
219.451, 81368
219.452, 81368
219.454, 81368
219.455, 81368
219.456, 81368
219.457, 81368
219.458, 81368
219.459, 81368
219.46, 81368
219.462, 81368
219.463, 81368
219.464, 81368
219.465, 81368
219.466, 81368
219.467, 81368
219.469, 81368
219.47, 81368
219.471, 81368
219.472, 81368
219.473, 81368
219.486, 81584
219.488, 81584
219.489, 81584
219.49, 81584
219.491, 81584
219.494, 81584
219.496, 81584
219.498, 81584
219.499, 81584
219.501, 81584
219.502, 81584
219.503, 81800
219.504, 81800
219.505, 81800
219.506, 81800
219.508, 81800
219.509, 81800
219.518, 81800
219.52, 82016
219.521, 82016
219.523, 82016
219.524, 82016
219.525, 82016
219.527, 82016
219.528, 82016
219.53, 82016
219.531, 82016
219.532, 82016
219.533, 82016
219.534, 82016
219.536, 82016
219.537, 82232
219.538, 82232
219.539, 82232
219.541, 82232
219.542, 82232
219.543, 82232
219.545, 82232
219.546, 81800
219.547, 81800
219.548, 81800
219.55, 81800
219.551, 81800
219.552, 81800
219.554, 81800
219.555, 82016
219.556, 82016
219.557, 82016
219.559, 82016
219.56, 82016
219.561, 82016
219.563, 82016
219.564, 82016
219.565, 82016
219.566, 82016
219.568, 82016
219.569, 82016
219.57, 82016
219.572, 82016
219.573, 82016
219.574, 82016
219.575, 82016
219.576, 82016
219.578, 82016
219.579, 82016
219.58, 82016
219.581, 82016
219.583, 82016
219.584, 82016
219.585, 82016
219.586, 82016
219.588, 82016
219.589, 82016
219.59, 82016
219.592, 82016
219.593, 82016
219.594, 82016
219.595, 82016
219.597, 82016
219.598, 82016
219.599, 82016
219.6, 82016
219.602, 82016
219.603, 82016
219.604, 82016
219.605, 82016
219.607, 82016
219.608, 82016
219.609, 82016
219.61, 82016
219.612, 82016
219.613, 82016
219.614, 82016
219.615, 82016
219.617, 82016
219.618, 82016
219.619, 82016
219.62, 82016
219.622, 82016
219.623, 82232
219.624, 82232
219.625, 82232
219.626, 82232
219.627, 82232
219.629, 82232
219.63, 82232
219.631, 82232
219.632, 82232
219.633, 82232
219.634, 82232
219.635, 82232
219.636, 82232
219.638, 82232
219.639, 82232
219.64, 82016
219.641, 82016
219.642, 82016
219.643, 82016
219.644, 82016
219.646, 82016
219.647, 82016
219.648, 82016
219.649, 82016
219.65, 82016
219.651, 82016
219.652, 82016
219.654, 82016
219.655, 82016
219.656, 82016
219.657, 82016
219.658, 82016
219.659, 82016
219.66, 82016
219.662, 82016
219.663, 82016
219.664, 82016
219.665, 81800
219.666, 81800
219.667, 81800
219.669, 81800
219.67, 81800
219.671, 81800
219.672, 81800
219.673, 81800
219.674, 81800
219.675, 81800
219.677, 81800
219.678, 81800
219.679, 81800
219.68, 81800
219.681, 81800
219.682, 81800
219.683, 81800
219.685, 81800
219.686, 81800
219.687, 81800
219.688, 81800
219.689, 81800
219.69, 81800
219.691, 81800
219.693, 81800
219.694, 81800
219.695, 81800
219.696, 81800
219.697, 81800
219.698, 81800
219.699, 81800
219.701, 81800
219.702, 81800
219.703, 81800
219.704, 81800
219.705, 81800
219.706, 81800
219.707, 81584
219.709, 81584
219.71, 81584
219.711, 81584
219.712, 81584
219.713, 81584
219.714, 81584
219.715, 81584
219.716, 81584
219.718, 81584
219.719, 81584
219.72, 81584
219.721, 81584
219.722, 81584
219.723, 81584
219.725, 81584
219.726, 81584
219.727, 81584
219.728, 81584
219.729, 81584
219.73, 81584
219.732, 81584
219.733, 81584
219.734, 81584
219.735, 81584
219.736, 81584
219.737, 81584
219.738, 81584
219.74, 81584
219.741, 81584
219.742, 81584
219.743, 81584
219.744, 81584
219.745, 81584
219.747, 81584
219.748, 81584
219.749, 81584
219.75, 81584
219.751, 81584
219.752, 81584
219.753, 81584
219.755, 81584
219.756, 81584
219.757, 81584
219.758, 81584
219.759, 81584
219.76, 81584
219.761, 81584
219.763, 81584
219.764, 81584
219.765, 81584
219.766, 81584
219.767, 81584
219.768, 81584
219.769, 81584
219.771, 81584
219.772, 81584
219.773, 81584
219.774, 81584
219.775, 81584
219.776, 81368
219.777, 81368
219.779, 81368
219.78, 81368
219.781, 81368
219.782, 81368
219.783, 81368
219.784, 81584
219.785, 81584
219.786, 81584
219.788, 81584
219.789, 81584
219.79, 81584
219.791, 81584
219.792, 81584
219.793, 81368
219.795, 81368
219.796, 81368
219.797, 81368
219.798, 81368
219.799, 81368
219.8, 81368
219.801, 81368
219.803, 81368
219.804, 81368
219.805, 81368
219.806, 81368
219.807, 81368
219.808, 81368
219.809, 81368
219.811, 81368
219.812, 81368
219.813, 81368
219.814, 81368
219.815, 81368
219.816, 81368
219.817, 81368
219.819, 81368
219.82, 81368
219.821, 81368
219.822, 81368
219.823, 81368
219.824, 81368
219.825, 81368
219.827, 81368
219.828, 81368
219.829, 81368
219.83, 81368
219.831, 81368
219.832, 81368
219.833, 81368
219.835, 81368
219.836, 81368
219.837, 81368
219.838, 81368
219.839, 81368
219.84, 81368
219.841, 81368
219.843, 81368
219.844, 81368
219.845, 81368
219.846, 81368
219.847, 81368
219.848, 81368
219.85, 81368
219.851, 81368
219.852, 81368
219.853, 81368
219.854, 81368
219.855, 81368
219.856, 81368
219.858, 81368
219.859, 81368
219.86, 81368
219.861, 81368
219.862, 81368
219.863, 81368
219.864, 81368
219.866, 81368
219.867, 81368
219.868, 81368
219.869, 81368
219.87, 81368
219.871, 81368
219.872, 81368
219.874, 81368
219.875, 81368
219.876, 81368
219.877, 81368
219.878, 81368
219.879, 81368
219.88, 81368
219.882, 81368
219.883, 81368
219.884, 81368
219.885, 81368
219.886, 81368
219.887, 81368
219.889, 81368
219.89, 81368
219.891, 81368
219.892, 81368
219.893, 81368
219.894, 81368
219.895, 81368
219.897, 81368
219.898, 81368
219.899, 81368
219.9, 81368
219.901, 81368
219.902, 81368
219.903, 81368
219.905, 81368
219.906, 81368
219.907, 81368
219.908, 81368
219.909, 81368
219.91, 81368
219.911, 81368
219.913, 81368
219.914, 81368
219.915, 81368
219.916, 81368
219.917, 81368
219.918, 81368
219.92, 81368
219.921, 81368
219.922, 81368
219.923, 81368
219.924, 81368
219.925, 81368
219.926, 81368
219.928, 81368
219.929, 81368
219.93, 81152
219.931, 81152
219.932, 81152
219.933, 81152
219.934, 81152
219.936, 81152
219.937, 81152
219.938, 81152
219.939, 81152
219.94, 81152
219.941, 81152
219.943, 81152
219.944, 81152
219.945, 81152
219.946, 81152
219.947, 81368
219.948, 81368
219.949, 81368
219.951, 81368
219.952, 81368
219.953, 81368
219.954, 81368
219.955, 81152
219.956, 81152
219.957, 81152
219.959, 81152
219.96, 81152
219.961, 81152
219.962, 81152
219.963, 81152
219.964, 81152
219.965, 81152
219.967, 81152
219.968, 81152
219.969, 81152
219.97, 81152
219.971, 81152
219.972, 81152
219.974, 81152
219.975, 81152
219.976, 81152
219.977, 81152
219.978, 81152
219.979, 81152
219.98, 81368
219.982, 81368
219.983, 81368
219.984, 81368
219.985, 81368
219.986, 81368
219.987, 81368
219.989, 81368
219.99, 81152
219.991, 81152
219.992, 81152
219.993, 81152
219.994, 81152
219.995, 81152
219.997, 81152
219.998, 81368
219.999, 81368
220, 81368
220.001, 81368
220.003, 81368
220.004, 81368
220.005, 81368
220.006, 81368
220.007, 81368
220.008, 81368
220.009, 81368
220.026, 81584
220.027, 81584
220.029, 81584
220.03, 81584
220.031, 81584
220.032, 81584
220.033, 81584
220.035, 81584
220.036, 81584
220.037, 81584
220.038, 81584
220.039, 81584
220.041, 81800
220.042, 81800
220.043, 81800
220.044, 81800
220.045, 81800
220.047, 81800
220.048, 81800
220.049, 81800
220.05, 81800
220.052, 81800
220.053, 81800
220.054, 81800
220.056, 81800
220.057, 81800
220.058, 82016
220.059, 82016
220.061, 82016
220.062, 82016
220.063, 82016
220.065, 82016
220.066, 82232
220.067, 82232
220.068, 82232
220.07, 82232
220.071, 82232
220.072, 82232
220.074, 82232
220.075, 82232
220.076, 82232
220.077, 82232
220.078, 82232
220.079, 82232
220.081, 82232
220.082, 82232
220.083, 82016
220.084, 82016
220.085, 82016
220.086, 82016
220.087, 82016
220.089, 82016
220.09, 82016
220.091, 82016
220.092, 82016
220.095, 82016
220.096, 82016
220.098, 82016
220.099, 82016
220.1, 82232
220.101, 82232
220.103, 82232
220.104, 82232
220.105, 82232
220.106, 82232
220.107, 82232
220.108, 82664
220.11, 82664
220.111, 82664
220.112, 82664
220.113, 82664
220.114, 82664
220.115, 82664
220.116, 82664
220.118, 82880
220.119, 82880
220.12, 82880
220.121, 82880
220.122, 82880
220.124, 82880
220.125, 82880
220.126, 83096
220.127, 83096
220.128, 83096
220.129, 83096
220.131, 83096
220.132, 83096
220.133, 83096
220.135, 83096
220.136, 83096
220.137, 83096
220.139, 83096
220.14, 83096
220.141, 83096
220.143, 83312
220.144, 83312
220.145, 83312
220.146, 83312
220.148, 83312
220.149, 83312
220.15, 83312
220.151, 83312
220.153, 83312
220.154, 83312
220.155, 83312
220.156, 83312
220.157, 83312
220.159, 83312
220.16, 83312
220.161, 83312
220.162, 83312
220.164, 83312
220.165, 83312
220.166, 83312
220.168, 83312
220.169, 83312
220.17, 83312
220.172, 83312
220.173, 83312
220.174, 83312
220.175, 83312
220.176, 83312
220.178, 83312
220.179, 83312
220.18, 83312
220.181, 83312
220.182, 83312
220.184, 83312
220.185, 83312
220.186, 83312
220.187, 83312
220.189, 83312
220.19, 83312
220.191, 83312
220.192, 83312
220.193, 83312
220.195, 83312
220.196, 83312
220.197, 83312
220.199, 83312
220.2, 83312
220.202, 83312
220.203, 83312
220.204, 83312
220.205, 83312
220.207, 83312
220.208, 83312
220.209, 83312
220.211, 83312
220.212, 83312
220.213, 83312
220.214, 83312
220.216, 83312
220.217, 83312
220.218, 83312
220.219, 83312
220.22, 83312
220.221, 83312
220.223, 83312
220.224, 83312
220.225, 83312
220.226, 83312
220.228, 83312
220.229, 83528
220.23, 83528
220.231, 83528
220.232, 83528
220.234, 83528
220.235, 83528
220.236, 83528
220.237, 83528
220.238, 83528
220.24, 83528
220.241, 83528
220.242, 83528
220.243, 83528
220.244, 83528
220.245, 83528
220.247, 83528
220.248, 83528
220.249, 83528
220.251, 83528
220.252, 83528
220.253, 83528
220.254, 83744
220.255, 83744
220.256, 83744
220.258, 83744
220.262, 83744
220.264, 83744
220.265, 83744
220.266, 83744
220.267, 83744
220.268, 83744
220.269, 83744
220.271, 83528
220.272, 83528
220.273, 83528
220.275, 83528
220.276, 83528
220.277, 83528
220.278, 83528
220.279, 83528
220.281, 83528
220.282, 83528
220.284, 83528
220.285, 83528
220.287, 83528
220.288, 83744
220.289, 83744
220.291, 83744
220.292, 83744
220.293, 83744
220.294, 83744
220.296, 83744
220.297, 83528
220.298, 83528
220.3, 83528
220.301, 83528
220.302, 83528
220.303, 83528
220.305, 83528
220.306, 83528
220.308, 83528
220.309, 83528
220.31, 83528
220.311, 83528
220.313, 83528
220.314, 83528
220.315, 83528
220.316, 83528
220.318, 83528
220.319, 83528
220.32, 83528
220.322, 83528
220.323, 83528
220.325, 83528
220.326, 83528
220.328, 83528
220.329, 83528
220.331, 83744
220.332, 83744
220.334, 83744
220.335, 83744
220.336, 83744
220.338, 83744
220.339, 83744
220.34, 83744
220.341, 83744
220.343, 83744
220.344, 83744
220.345, 83744
220.346, 83744
220.348, 83744
220.349, 83744
220.35, 83744
220.351, 83744
220.352, 83744
220.354, 83744
220.355, 83744
220.356, 83744
220.357, 83744
220.359, 83744
220.36, 83744
220.361, 83744
220.362, 83744
220.364, 83744
220.365, 83744
220.366, 83744
220.367, 83744
220.369, 83744
220.37, 83744
220.371, 83744
220.372, 83744
220.374, 83744
220.375, 83744
220.376, 83744
220.378, 83744
220.38, 83744
220.381, 83744
220.383, 83744
220.384, 83744
220.385, 83744
220.386, 83744
220.388, 83744
220.389, 83744
220.39, 83744
220.391, 83744
220.393, 83744
220.394, 83744
220.395, 83744
220.396, 83744
220.398, 83744
220.399, 83744
220.4, 83744
220.401, 83744
220.403, 83744
220.404, 83744
220.406, 83744
220.407, 83744
220.409, 83744
220.41, 83744
220.411, 83744
220.413, 83744
220.414, 83744
220.415, 83744
220.417, 83744
220.418, 83744
220.419, 83744
220.421, 83744
220.422, 83744
220.423, 83744
220.424, 83744
220.426, 83744
220.427, 83744
220.428, 83744
220.429, 83744
220.431, 83744
220.432, 83744
220.433, 83960
220.434, 83960
220.436, 83960
220.437, 83960
220.438, 83960
220.439, 83960
220.44, 83960
220.442, 83744
220.443, 83744
220.444, 83744
220.445, 83744
220.447, 83744
220.448, 83744
220.449, 83744
220.45, 83744
220.452, 83744
220.453, 83744
220.458, 83744
220.46, 83744
220.461, 83744
220.463, 83744
220.464, 83744
220.466, 83744
220.467, 83744
220.468, 83744
220.47, 83744
220.471, 83744
220.472, 83744
220.473, 83744
220.475, 83744
220.476, 83744
220.477, 83744
220.478, 83744
220.48, 83744
220.481, 83744
220.482, 83744
220.484, 83744
220.485, 83744
220.494, 83744
220.497, 83744
220.499, 83744
220.5, 83744
220.501, 83744
220.502, 83744
220.504, 83744
220.505, 83744
220.506, 83744
220.508, 83744
220.509, 83744
220.51, 83744
220.511, 83744
220.512, 83744
220.513, 83744
220.515, 83744
220.516, 83744
220.517, 83744
220.518, 83744
220.52, 83744
220.521, 83744
220.522, 83744
220.523, 83744
220.525, 83744
220.526, 83744
220.527, 83744
220.528, 83744
220.53, 83744
220.531, 83744
220.532, 83744
220.533, 83744
220.535, 83744
220.536, 83528
220.537, 83528
220.539, 83528
220.54, 83528
220.541, 83528
220.548, 83528
220.55, 83528
220.551, 83528
220.553, 83312
220.554, 83312
220.555, 83312
220.556, 83312
220.558, 83312
220.559, 83312
220.56, 83312
220.561, 82880
220.563, 82880
220.564, 82880
220.565, 82880
220.566, 82880
220.568, 82880
220.569, 82880
220.57, 83312
220.571, 83312
220.572, 83312
220.574, 83312
220.575, 83312
220.576, 83312
220.577, 83312
220.578, 83096
220.579, 83096
220.581, 83096
220.582, 83096
220.583, 83096
220.584, 83096
220.585, 83096
220.586, 83096
220.587, 83096
220.589, 83096
220.59, 83096
220.591, 83096
220.592, 83096
220.593, 83096
220.599, 82880
220.6, 82880
220.601, 82880
220.603, 82880
220.604, 83096
220.605, 83096
220.607, 83096
220.608, 83096
220.609, 83096
220.61, 83096
220.611, 83096
220.62, 83096
220.622, 83096
220.623, 83096
220.624, 83096
220.626, 83096
220.627, 83096
220.628, 83096
220.63, 83312
220.631, 83312
220.632, 83312
220.634, 83312
220.635, 83312
220.636, 83312
220.637, 83096
220.639, 83096
220.64, 83096
220.641, 83096
220.642, 83096
220.643, 83096
220.644, 83096
220.646, 82880
220.648, 82880
220.649, 82880
220.65, 82880
220.651, 82880
220.652, 82880
220.654, 82880
220.655, 82880
220.656, 82880
220.658, 82880
220.659, 82880
220.66, 82880
220.661, 82880
220.663, 82664
220.665, 82664
220.667, 82664
220.67, 82664
220.672, 83312
220.674, 83312
220.676, 83312
220.679, 83312
220.68, 83312
220.684, 83312
220.686, 83096
220.697, 83312
220.698, 83312
220.7, 83312
220.701, 83312
220.702, 83312
220.703, 83312
220.707, 84176
220.708, 84176
220.71, 84176
220.711, 84176
220.713, 84176
220.714, 84176
220.715, 84824
220.716, 84824
220.717, 84824
220.718, 84824
220.719, 84824
220.721, 84824
220.722, 84824
220.723, 84176
220.724, 84176
220.725, 84176
220.737, 84176
220.738, 84176
220.739, 84176
220.74, 84392
220.742, 84392
220.744, 84392
220.745, 84392
220.75, 84392
220.751, 84392
220.753, 84392
220.754, 84392
220.755, 84392
220.756, 84392
220.758, 84392
220.759, 84392
220.761, 84392
220.762, 84392
220.764, 84392
220.765, 84392
220.766, 84176
220.767, 84176
220.769, 84176
220.77, 84176
220.771, 84176
220.772, 84176
220.774, 84176
220.775, 84392
220.776, 84392
220.777, 84392
220.779, 84392
220.78, 84392
220.781, 84392
220.782, 84392
220.784, 84392
220.785, 84392
220.786, 84392
220.787, 84392
220.789, 84392
220.79, 84392
220.792, 84392
220.793, 84392
220.794, 84392
220.796, 84392
220.797, 84392
220.798, 84392
220.799, 84392
220.8, 84392
220.801, 84392
220.802, 84392
220.804, 84392
220.805, 84392
220.806, 84392
220.808, 84392
220.809, 84608
220.81, 84608
220.812, 84608
220.813, 84608
220.814, 84608
220.816, 84608
220.817, 84608
220.818, 84608
220.819, 84608
220.821, 84608
220.822, 84608
220.824, 84608
220.825, 84608
220.827, 84608
220.828, 84608
220.829, 84608
220.831, 84608
220.832, 84608
220.833, 84608
220.834, 84608
220.836, 84608
220.837, 84608
220.838, 84608
220.839, 84608
220.84, 84608
220.842, 84608
220.843, 84608
220.845, 84608
220.846, 84608
220.847, 84608
220.849, 84608
220.85, 84608
220.851, 84608
220.853, 84608
220.854, 84608
220.856, 84608
220.857, 84608
220.859, 84608
220.86, 84824
220.862, 84824
220.863, 84824
220.864, 84824
220.866, 84824
220.867, 84824
220.869, 84824
220.87, 84824
220.871, 84824
220.873, 84824
220.874, 84824
220.876, 84824
220.877, 84824
220.879, 84824
220.88, 84824
220.881, 84824
220.883, 84824
220.884, 84824
220.886, 84824
220.887, 84824
220.889, 84824
220.89, 84824
220.891, 84824
220.893, 84824
220.894, 84824
220.895, 84824
220.897, 84824
220.898, 84824
220.899, 84824
220.901, 84824
220.902, 84824
220.904, 84824
220.905, 84824
220.906, 84824
220.908, 84824
220.909, 84824
220.911, 85040
220.912, 85040
220.913, 85040
220.914, 85040
220.916, 85040
220.917, 85040
220.918, 85040
220.92, 85040
220.921, 85040
220.922, 85040
220.924, 85040
220.925, 85040
220.926, 85040
220.927, 85040
220.929, 85040
220.93, 85040
220.932, 85040
220.933, 85040
220.934, 85040
220.936, 84824
220.937, 84824
220.939, 84824
220.94, 84824
220.941, 84824
220.942, 84824
220.944, 84824
220.945, 84824
220.947, 84824
220.948, 84824
220.95, 84824
220.951, 84824
220.953, 84824
220.955, 84824
220.956, 84824
220.958, 84824
220.959, 84824
220.96, 84824
220.962, 84824
220.963, 84824
220.965, 84824
220.966, 84824
220.967, 84824
220.968, 84824
220.97, 84824
220.971, 84824
220.972, 84824
220.974, 84824
220.975, 84824
220.976, 84824
220.978, 84824
220.979, 84824
220.981, 84824
220.982, 84824
220.983, 84824
220.985, 84824
220.987, 84824
220.988, 84824
220.99, 84824
220.991, 84824
220.992, 84824
220.994, 84824
220.996, 84824
220.997, 84824
220.998, 84824
221, 84824
221.002, 84824
221.003, 84824
221.005, 84824
221.006, 84824
221.008, 84824
221.01, 84824
221.011, 84824
221.013, 84824
221.016, 84824
221.018, 84824
221.019, 84824
221.02, 84824
221.022, 84824
221.023, 84824
221.025, 84824
221.026, 84824
221.028, 84824
221.029, 84824
221.031, 84824
221.032, 84824
221.033, 84824
221.035, 84824
221.036, 84824
221.038, 84824
221.04, 84824
221.041, 84824
221.043, 84824
221.044, 84824
221.046, 84824
221.047, 84824
221.048, 84824
221.05, 84824
221.052, 84824
221.053, 84824
221.054, 84824
221.056, 84824
221.057, 84824
221.059, 84824
221.06, 84824
221.062, 84824
221.063, 84824
221.064, 84824
221.066, 84824
221.068, 84824
221.069, 84824
221.071, 84824
221.072, 84824
221.074, 84824
221.075, 84824
221.077, 84824
221.078, 84824
221.08, 84824
221.081, 84824
221.083, 84824
221.085, 84824
221.086, 84824
221.088, 84824
221.089, 84824
221.094, 84824
221.096, 84824
221.097, 84824
221.099, 84608
221.1, 84608
221.101, 84608
221.102, 84608
221.104, 84608
221.105, 84608
221.106, 84608
221.107, 84824
221.109, 84824
221.11, 84824
221.111, 84824
221.112, 84824
221.114, 84824
221.115, 84824
221.116, 84608
221.117, 84608
221.119, 84608
221.12, 84608
221.122, 84608
221.123, 84608
221.124, 84608
221.125, 84608
221.126, 84608
221.127, 84608
221.129, 84608
221.13, 84608
221.131, 84608
221.133, 84176
221.134, 84176
221.135, 84176
221.137, 84176
221.138, 84176
221.14, 84176
221.141, 84176
221.142, 84176
221.143, 84176
221.145, 84176
221.146, 84176
221.147, 84176
221.149, 84176
221.15, 84176
221.151, 84176
221.153, 84176
221.154, 84176
221.155, 84176
221.157, 84176
221.158, 84392
221.159, 84392
221.161, 84392
221.162, 84392
221.163, 84392
221.164, 84392
221.165, 84392
221.166, 84392
221.167, 84176
221.169, 84176
221.17, 84176
221.171, 84176
221.18, 83960
221.182, 83960
221.183, 83960
221.184, 84392
221.186, 84392
221.187, 84392
221.188, 84392
221.189, 84392
221.19, 84392
221.192, 84392
221.193, 84176
221.194, 84176
221.195, 84176
221.196, 84176
221.197, 84176
221.199, 84176
221.2, 84176
221.201, 83960
221.202, 83960
221.203, 83960
221.204, 83960
221.206, 83960
221.207, 83960
221.208, 83960
221.213, 83960
221.215, 83960
221.216, 83960
221.217, 83960
221.218, 84176
221.219, 84176
221.22, 84176
221.222, 84176
221.223, 84176
221.224, 84176
221.225, 84176
221.226, 83744
221.228, 83744
221.23, 83744
221.231, 83744
221.235, 84176
221.236, 84176
221.238, 84176
221.239, 84176
221.24, 84176
221.242, 84176
221.243, 84392
221.244, 84392
221.245, 84392
221.247, 84392
221.248, 84392
221.249, 84392
221.25, 84392
221.251, 84392
221.252, 83960
221.253, 83960
221.255, 83960
221.256, 83960
221.257, 83960
221.259, 83960
221.26, 84176
221.262, 84176
221.263, 84176
221.264, 84176
221.266, 84176
221.267, 84176
221.268, 84176
221.27, 83960
221.271, 83960
221.272, 83960
221.278, 83744
221.28, 83744
221.281, 83744
221.282, 83744
221.284, 83744
221.285, 83744
221.286, 84392
221.288, 84392
221.289, 84392
221.29, 84392
221.292, 84392
221.293, 84392
221.294, 84392
221.295, 84608
221.297, 84608
221.298, 84608
221.299, 84608
221.3, 84608
221.301, 84608
221.302, 84608
221.305, 84608
221.307, 84608
221.309, 84608
221.311, 84608
221.313, 84392
221.314, 84392
221.32, 84608
221.322, 84608
221.323, 84608
221.325, 84608
221.326, 84608
221.327, 84608
221.329, 84608
221.33, 84608
221.331, 84608
221.333, 84608
221.337, 84608
221.338, 84608
221.339, 84608
221.341, 84608
221.342, 84608
221.344, 84608
221.346, 85040
221.348, 85040
221.349, 85040
221.351, 85040
221.352, 85040
221.362, 85040
221.364, 85040
221.365, 85040
221.366, 85040
221.368, 85040
221.369, 85040
221.37, 85040
221.371, 85040
221.372, 85040
221.374, 85040
221.375, 85040
221.377, 85040
221.378, 85040
221.379, 85040
221.38, 85040
221.382, 85040
221.383, 85040
221.384, 85040
221.385, 85040
221.386, 85040
221.388, 85040
221.389, 84824
221.39, 84824
221.391, 84824
221.392, 84824
221.394, 84824
221.395, 84824
221.396, 84824
221.397, 84824
221.399, 84824
221.4, 84824
221.401, 84824
221.402, 84824
221.403, 84824
221.405, 84824
221.406, 84824
221.407, 84824
221.409, 84824
221.41, 84824
221.411, 84824
221.413, 84824
221.414, 84824
221.415, 84824
221.416, 84824
221.417, 84824
221.418, 84824
221.42, 84824
221.421, 84824
221.423, 84824
221.425, 84824
221.426, 84824
221.428, 84824
221.429, 84824
221.43, 84824
221.432, 84824
221.433, 84824
221.434, 84824
221.435, 84824
221.437, 84824
221.438, 84824
221.44, 84824
221.441, 84824
221.443, 84824
221.444, 84824
221.446, 84824
221.447, 84824
221.449, 84824
221.45, 84824
221.452, 84824
221.453, 84824
221.454, 84824
221.456, 84824
221.457, 84608
221.458, 84608
221.459, 84608
221.461, 84608
221.462, 84608
221.463, 84608
221.464, 84608
221.465, 84824
221.466, 84824
221.468, 84824
221.469, 84824
221.47, 84824
221.471, 84824
221.473, 84824
221.474, 84608
221.476, 84608
221.477, 84608
221.478, 84608
221.479, 84608
221.48, 84608
221.482, 84608
221.483, 84608
221.484, 84608
221.485, 84608
221.487, 84608
221.488, 84608
221.489, 84608
221.49, 84608
221.492, 84824
221.493, 84824
221.494, 84824
221.495, 84824
221.496, 84824
221.497, 84824
221.499, 84824
221.5, 84608
221.501, 84608
221.502, 84608
221.504, 84608
221.505, 84608
221.506, 84608
221.507, 84608
221.508, 84608
221.509, 84608
221.511, 84608
221.512, 84608
221.513, 84608
221.514, 84608
221.516, 84608
221.517, 84824
221.518, 84824
221.519, 84824
221.521, 84824
221.522, 84824
221.523, 84824
221.525, 84824
221.526, 84608
221.527, 84608
221.528, 84608
221.53, 84608
221.531, 84608
221.532, 84608
221.534, 84608
221.535, 84608
221.537, 84608
221.538, 84608
221.539, 84608
221.54, 84608
221.542, 84608
221.543, 84608
221.544, 84608
221.546, 84608
221.547, 84608
221.548, 84608
221.549, 84608
221.55, 84392
221.552, 84392
221.553, 84392
221.554, 84392
221.555, 84392
221.556, 84392
221.558, 84392
221.559, 84392
221.56, 84392
221.562, 84392
221.563, 84392
221.564, 84392
221.566, 84392
221.567, 84392
221.569, 84392
221.57, 84392
221.571, 84392
221.572, 84392
221.574, 84392
221.575, 84392
221.577, 84392
221.578, 84392
221.579, 84392
221.58, 84392
221.582, 84392
221.583, 84392
221.584, 84392
221.585, 84392
221.587, 84392
221.588, 84392
221.589, 84392
221.59, 84392
221.592, 84392
221.593, 84392
221.594, 84392
221.595, 84392
221.596, 84392
221.598, 84392
221.599, 84392
221.601, 84392
221.602, 84392
221.603, 84392
221.604, 84392
221.606, 84392
221.607, 84392
221.608, 84392
221.609, 84392
221.611, 84176
221.612, 84176
221.613, 84176
221.614, 84176
221.616, 84176
221.618, 84176
221.62, 83744
221.622, 83744
221.624, 83744
221.627, 83744
221.629, 83744
221.634, 83528
221.641, 83528
221.648, 83744
221.65, 83744
221.652, 83744
221.656, 83528
221.66, 83744
221.673, 83528
221.691, 83744
221.696, 83744
221.703, 83744
221.707, 83528
221.714, 83744
221.715, 83744
221.718, 83744
221.729, 83960
221.736, 83960
221.745, 83744
221.751, 83744
221.757, 83744
221.761, 83744
221.764, 83744
221.769, 83744
221.772, 83744
221.774, 83744
221.777, 83744
221.793, 83960
221.807, 83960
221.812, 83960
221.814, 83960
221.818, 83744
221.825, 83744
221.827, 83744
221.828, 83744
221.829, 83744
221.831, 83744
221.832, 83960
221.833, 83960
221.84, 83960
221.842, 83960
221.844, 83960
221.845, 83960
221.849, 83960
221.855, 83960
221.859, 83744
221.86, 83744
221.861, 83744
221.863, 83528
221.872, 83528
221.875, 83528
221.879, 83528
221.882, 83528
221.883, 83528
221.884, 83528
221.885, 83528
221.887, 83528
221.898, 83528
221.903, 83528
221.904, 83528
221.915, 83528
221.919, 83528
221.922, 83528
221.929, 83528
221.935, 83528
221.938, 83528
221.944, 83528
221.947, 83528
221.949, 83528
221.95, 83528
221.951, 83528
221.952, 83744
221.953, 83744
221.955, 83744
221.956, 83744
221.957, 83744
221.958, 83744
221.96, 83744
221.961, 83744
221.967, 83744
221.979, 83744
221.981, 83744
221.982, 83744
221.984, 83744
221.985, 83744
221.986, 83960
221.987, 83960
221.989, 83960
221.99, 83960
221.992, 83960
221.993, 83960
221.994, 83960
221.996, 83960
221.997, 83960
221.998, 83960
222, 83960
222.001, 83960
222.002, 83960
222.003, 83960
222.005, 83960
222.006, 83960
222.007, 83960
222.008, 83960
222.01, 83960
222.011, 83960
222.012, 83960
222.014, 83960
222.016, 83960
222.031, 83744
222.036, 83744
222.039, 83744
222.04, 83744
222.041, 83744
222.043, 83744
222.045, 83744
222.048, 83744
222.05, 83744
222.051, 83744
222.052, 83744
222.055, 83744
222.063, 83744
222.067, 83744
222.07, 83744
222.086, 83528
222.089, 83312
222.09, 83312
222.092, 83312
222.093, 83312
222.095, 83312
222.096, 83312
222.097, 83744
222.099, 83744
222.1, 83744
222.101, 83744
222.103, 83744
222.104, 83744
222.105, 83528
222.106, 83528
222.108, 83528
222.109, 83528
222.11, 83528
222.111, 83528
222.115, 83312
222.116, 83312
222.118, 83312
222.119, 83312
222.12, 83312
222.121, 83312
222.122, 83528
222.123, 83528
222.124, 83528
222.126, 83528
222.127, 83528
222.136, 83312
222.138, 83312
222.139, 83312
222.14, 83744
222.142, 83744
222.143, 83744
222.144, 83744
222.146, 83744
222.147, 83744
222.148, 83744
222.149, 83744
222.15, 83744
222.151, 83744
222.152, 83744
222.154, 83744
222.155, 83744
222.156, 83744
222.157, 83528
222.158, 83528
222.16, 83528
222.161, 83528
222.163, 83528
222.167, 83528
222.168, 83528
222.17, 83528
222.171, 83528
222.172, 83528
222.176, 83744
222.177, 83744
222.179, 83744
222.18, 83744
222.181, 83744
222.182, 83960
222.184, 83960
222.185, 83960
222.187, 83960
222.188, 83960
222.189, 83960
222.191, 84176
222.192, 84176
222.194, 84176
222.195, 84176
222.197, 84176
222.198, 84176
222.2, 84392
222.201, 84392
222.205, 84392
222.207, 84392
222.208, 84392
222.21, 84392
222.211, 84392
222.213, 84392
222.215, 84392
222.218, 84392
222.221, 84392
222.223, 84392
222.23, 84392
222.233, 84392
222.236, 84392
222.24, 84392
222.241, 84392
222.246, 84608
222.247, 84608
222.251, 84608
222.253, 84608
222.254, 84608
222.255, 84608
222.257, 84608
222.258, 84608
222.262, 84608
222.267, 84608
222.269, 84608
222.27, 84608
222.273, 84608
222.275, 84608
222.277, 84392
222.28, 84392
222.292, 84392
222.295, 84392
222.297, 84392
222.305, 84176
222.31, 84392
222.315, 84392
222.318, 84176
222.32, 84176
222.322, 84176
222.325, 83960
222.329, 83960
222.333, 83960
222.336, 83960
222.341, 83960
222.345, 83960
222.348, 83960
222.354, 83960
222.356, 83960
222.357, 83960
222.358, 83960
222.36, 83960
222.362, 83960
222.366, 83960
222.379, 83960
222.383, 83960
222.386, 83960
222.388, 83960
222.397, 83744
222.408, 83744
222.413, 83744
222.416, 83744
222.417, 83744
222.419, 83744
222.421, 83744
222.423, 83744
222.424, 83744
222.426, 83744
222.429, 83744
222.43, 83744
222.432, 83744
222.433, 83744
222.434, 83744
222.436, 83744
222.439, 83744
222.442, 83744
222.446, 83744
222.455, 83528
222.461, 83528
222.469, 83744
222.474, 83744
222.48, 83744
222.483, 83744
222.489, 83744
222.507, 83744
222.511, 83744
222.52, 83960
222.532, 83960
222.537, 83960
222.539, 83960
222.541, 83960
222.545, 83960
222.551, 83960
222.563, 83744
222.565, 83744
222.573, 83960
222.579, 83960
222.582, 83960
222.584, 83960
222.586, 83960
222.599, 83960
222.605, 83960
222.608, 84176
222.612, 84176
222.617, 83960
222.623, 83960
222.639, 83960
222.644, 83960
222.652, 83744
222.654, 83744
222.656, 83744
222.664, 83960
222.673, 83960
222.685, 83960
222.687, 83960
222.689, 83960
222.694, 83960
222.7, 83960
222.704, 83744
222.709, 83744
222.713, 83744
222.715, 83744
222.722, 83528
222.726, 83528
222.732, 83744
222.745, 83744
222.747, 83744
222.749, 83744
222.76, 83744
222.762, 83744
222.764, 83744
222.765, 83744
222.772, 83960
222.773, 83960
222.774, 83960
222.782, 83960
222.784, 83960
222.785, 83960
222.791, 84392
222.793, 84392
222.801, 84392
222.802, 84392
222.804, 84392
222.805, 84392
222.806, 84392
222.808, 84392
222.809, 84392
222.81, 84392
222.811, 84392
222.813, 84392
222.814, 84608
222.815, 84608
222.816, 84608
222.818, 84608
222.819, 84608
222.82, 84608
222.822, 84608
222.823, 84392
222.824, 84392
222.825, 84392
222.827, 84392
222.828, 84392
222.829, 84392
222.83, 84392
222.832, 84392
222.833, 84392
222.834, 84392
222.835, 84392
222.837, 84392
222.838, 84392
222.839, 84176
222.841, 84176
222.842, 84176
222.843, 84176
222.844, 84176
222.849, 84176
222.851, 84176
222.853, 84176
222.855, 84176
222.856, 83960
222.858, 83960
222.874, 83960
222.88, 83744
222.885, 83744
222.887, 83744
222.888, 83744
222.889, 83744
222.891, 83528
222.898, 83960
222.903, 83960
222.906, 83960
222.907, 83960
222.908, 83744
222.91, 83744
222.911, 83744
222.912, 83744
222.913, 83744
222.915, 83744
222.916, 83960
222.918, 83960
222.92, 83960
222.921, 83960
222.924, 83960
222.936, 83960
222.938, 83960
222.94, 83960
222.942, 83960
222.944, 83960
222.948, 83960
222.95, 83960
222.951, 83744
222.952, 83744
222.953, 83744
222.955, 83744
222.956, 83744
222.957, 83744
222.958, 83744
222.96, 83960
222.961, 83960
222.962, 83960
222.964, 83960
222.965, 83960
222.966, 83960
222.968, 83960
222.969, 83960
222.97, 83960
222.972, 83960
222.974, 83960
222.982, 83960
222.984, 83744
222.985, 83744
222.987, 83744
222.988, 83744
222.989, 83744
222.991, 83744
222.992, 83744
222.993, 83528
222.994, 83528
222.996, 83528
222.997, 83528
223.001, 83528
223.018, 83528
223.023, 83528
223.026, 83528
223.029, 83528
223.038, 83312
223.042, 83312
223.044, 83312
223.046, 83312
223.047, 83312
223.049, 83312
223.051, 83312
223.052, 83528
223.055, 83528
223.057, 83528
223.058, 83528
223.06, 83528
223.061, 83096
223.062, 83096
223.063, 83096
223.065, 83096
223.066, 83096
223.067, 83096
223.068, 83096
223.07, 83096
223.072, 83096
223.074, 83096
223.076, 83096
223.078, 83312
223.081, 83312
223.083, 83312
223.084, 83312
223.085, 83312
223.087, 83096
223.088, 83096
223.089, 83096
223.091, 83096
223.112, 83312
223.117, 83312
223.119, 83312
223.121, 83312
223.122, 83312
223.124, 83312
223.126, 83312
223.128, 83312
223.129, 83096
223.132, 83096
223.134, 83096
223.136, 83096
223.139, 83096
223.148, 82880
223.157, 83096
223.161, 83096
223.162, 83096
223.164, 82880
223.166, 82880
223.169, 82880
223.172, 83096
223.174, 83096
223.176, 83096
223.177, 83096
223.179, 83096
223.18, 83096
223.184, 83096
223.189, 83096
223.203, 83096
223.209, 83096
223.217, 83312
223.221, 83312
223.223, 83312
223.225, 83312
223.227, 83312
223.228, 83312
223.239, 83528
223.241, 83528
223.243, 83528
223.245, 83528
223.246, 83528
223.248, 83744
223.25, 83744
223.256, 83744
223.26, 83744
223.263, 83744
223.267, 83960
223.27, 83960
223.287, 83744
223.302, 83960
223.308, 83960
223.312, 83960
223.324, 83960
223.327, 84176
223.331, 84176
223.333, 84176
223.335, 83744
223.336, 83744
223.339, 83744
223.341, 83744
223.342, 83744
223.343, 83960
223.345, 83960
223.346, 83960
223.348, 83960
223.349, 83960
223.351, 83960
223.352, 83960
223.353, 83960
223.354, 83960
223.355, 83960
223.356, 83960
223.358, 83960
223.359, 83960
223.36, 84176
223.361, 84176
223.362, 84176
223.363, 84176
223.364, 84176
223.365, 84176
223.366, 84176
223.368, 84176
223.369, 84176
223.37, 84176
223.371, 84176
223.372, 84176
223.373, 84176
223.374, 84176
223.375, 84176
223.377, 84392
223.378, 84392
223.379, 84392
223.38, 84392
223.381, 84392
223.382, 84392
223.383, 84392
223.384, 84392
223.385, 84392
223.387, 84392
223.388, 84392
223.389, 84392
223.39, 84392
223.391, 84392
223.392, 84392
223.393, 84392
223.394, 84392
223.396, 84392
223.397, 84392
223.398, 84392
223.399, 84392
223.4, 84392
223.401, 84392
223.402, 84608
223.403, 84608
223.405, 84608
223.406, 84608
223.407, 84608
223.408, 84608
223.409, 84608
223.41, 84608
223.411, 84608
223.412, 84608
223.413, 84608
223.415, 84608
223.416, 84608
223.417, 84608
223.418, 84608
223.419, 84608
223.42, 84608
223.421, 84608
223.422, 84608
223.423, 84608
223.425, 84608
223.426, 84608
223.427, 84608
223.428, 84608
223.429, 84608
223.43, 84608
223.431, 84608
223.432, 84608
223.433, 84608
223.435, 84608
223.436, 84608
223.437, 84608
223.438, 84608
223.439, 84608
223.44, 84608
223.441, 84608
223.443, 84608
223.444, 84608
223.445, 84608
223.446, 84608
223.447, 84608
223.448, 84608
223.449, 84608
223.45, 84608
223.452, 84608
223.453, 84608
223.454, 84608
223.455, 84608
223.456, 84608
223.458, 84608
223.46, 84608
223.461, 84608
223.463, 84824
223.464, 84824
223.466, 84824
223.467, 84824
223.469, 84824
223.47, 84824
223.472, 84824
223.473, 84824
223.482, 84824
223.483, 84824
223.485, 84824
223.486, 84824
223.487, 84824
223.489, 84824
223.49, 84824
223.491, 84824
223.493, 84824
223.494, 84824
223.495, 84824
223.496, 84824
223.498, 84824
223.499, 84824
223.5, 84824
223.501, 84824
223.502, 84824
223.504, 84824
223.505, 84824
223.506, 84824
223.507, 84824
223.509, 84824
223.51, 84824
223.512, 84824
223.513, 84824
223.514, 84608
223.516, 84608
223.517, 84608
223.518, 84608
223.519, 84608
223.521, 84608
223.522, 84824
223.523, 84824
223.524, 84824
223.525, 84824
223.527, 84824
223.528, 84824
223.529, 84824
223.531, 84824
223.532, 84824
223.533, 84824
223.534, 84824
223.535, 84824
223.537, 84824
223.538, 84824
223.539, 84824
223.541, 84824
223.542, 84824
223.543, 84824
223.545, 84824
223.546, 84824
223.547, 84608
223.549, 84608
223.55, 84608
223.551, 84608
223.553, 84608
223.554, 84608
223.555, 84608
223.557, 84824
223.558, 84824
223.559, 84824
223.561, 84824
223.562, 84824
223.563, 84824
223.564, 84824
223.566, 84824
223.567, 84824
223.568, 84824
223.569, 84824
223.571, 84824
223.572, 84824
223.573, 84608
223.574, 84608
223.575, 84608
223.577, 84608
223.578, 84608
223.579, 84608
223.58, 84608
223.582, 84824
223.583, 84824
223.585, 84824
223.586, 84824
223.587, 84824
223.589, 84824
223.59, 84608
223.591, 84608
223.592, 84608
223.593, 84608
223.595, 84608
223.596, 84608
223.597, 84608
223.599, 84608
223.6, 84608
223.601, 84608
223.602, 84608
223.604, 84608
223.605, 84608
223.606, 84608
223.608, 84824
223.609, 84824
223.61, 84824
223.611, 84824
223.613, 84824
223.614, 84824
223.615, 84824
223.616, 84824
223.617, 84824
223.619, 84824
223.62, 84824
223.621, 84824
223.622, 84824
223.624, 84824
223.625, 84824
223.626, 84824
223.627, 84824
223.629, 84824
223.63, 84824
223.631, 84824
223.633, 84608
223.634, 84608
223.635, 84608
223.637, 84608
223.638, 84608
223.639, 84608
223.641, 84608
223.642, 84608
223.643, 84608
223.644, 84608
223.646, 84608
223.647, 84608
223.648, 84608
223.649, 84608
223.65, 84608
223.651, 84608
223.653, 84608
223.654, 84608
223.655, 84608
223.656, 84608
223.658, 84608
223.659, 84608
223.66, 84608
223.661, 84608
223.663, 84608
223.664, 84608
223.666, 84608
223.667, 84608
223.668, 84608
223.67, 84608
223.671, 84608
223.673, 84608
223.674, 84608
223.676, 84176
223.677, 84176
223.678, 84176
223.679, 84176
223.681, 84176
223.682, 84176
223.683, 84176
223.684, 83960
223.685, 83960
223.686, 83960
223.688, 83960
223.689, 83960
223.69, 83960
223.692, 83960
223.693, 83744
223.695, 83744
223.696, 83744
223.697, 83744
223.699, 83744
223.7, 83744
223.701, 83960
223.703, 83960
223.704, 83960
223.705, 83960
223.706, 83960
223.708, 83960
223.709, 83960
223.71, 83960
223.711, 83960
223.712, 83960
223.713, 83960
223.714, 83960
223.716, 83960
223.717, 83960
223.718, 83528
223.719, 83528
223.721, 83528
223.722, 83528
223.723, 83528
223.725, 83528
223.726, 83960
223.728, 83960
223.729, 83960
223.73, 83960
223.731, 83960
223.732, 83960
223.733, 83960
223.735, 83960
223.736, 83744
223.737, 83744
223.738, 83744
223.739, 83744
223.74, 83744
223.741, 83744
223.743, 83744
223.744, 83528
223.745, 83528
223.746, 83528
223.747, 83528
223.748, 83528
223.749, 83528
223.751, 83528
223.752, 83528
223.753, 83312
223.754, 83312
223.755, 83312
223.757, 83312
223.758, 83312
223.76, 83312
223.761, 83528
223.762, 83528
223.763, 83528
223.764, 83528
223.766, 83528
223.767, 83528
223.768, 83528
223.769, 83528
223.77, 83312
223.771, 83312
223.773, 83312
223.774, 83312
223.775, 83312
223.776, 83312
223.777, 83312
223.779, 83528
223.78, 83528
223.781, 83528
223.782, 83528
223.783, 83528
223.784, 83528
223.785, 83528
223.787, 83960
223.788, 83960
223.789, 83960
223.79, 83960
223.791, 83960
223.793, 83960
223.794, 83960
223.795, 83960
223.796, 83960
223.797, 83960
223.798, 83960
223.799, 83960
223.8, 83960
223.802, 83960
223.803, 83960
223.804, 83960
223.806, 83960
223.807, 83960
223.808, 83960
223.809, 83960
223.811, 83960
223.812, 84176
223.813, 84176
223.814, 84176
223.815, 84176
223.816, 84176
223.817, 84176
223.819, 84176
223.828, 84176
223.83, 83960
223.831, 83960
223.833, 83960
223.835, 83960
223.836, 83960
223.837, 83960
223.839, 83960
223.84, 83960
223.841, 83960
223.843, 83960
223.844, 83960
223.846, 83960
223.847, 83960
223.848, 83960
223.849, 83960
223.851, 83960
223.852, 83960
223.853, 83960
223.854, 83960
223.855, 83744
223.856, 83744
223.858, 83744
223.859, 83744
223.861, 83744
223.862, 83744
223.864, 83960
223.865, 83960
223.867, 83960
223.868, 83960
223.869, 83960
223.87, 83960
223.871, 84176
223.873, 84176
223.874, 84176
223.875, 84176
223.877, 84176
223.878, 84176
223.879, 84176
223.881, 84392
223.882, 84392
223.883, 84392
223.884, 84392
223.885, 84392
223.887, 84392
223.888, 84392
223.889, 84176
223.89, 84176
223.892, 84176
223.893, 84176
223.894, 84176
223.895, 84176
223.896, 84176
223.898, 84392
223.899, 84392
223.9, 84392
223.901, 84392
223.902, 84392
223.904, 84392
223.905, 84392
223.906, 84608
223.907, 84608
223.908, 84608
223.91, 84608
223.911, 84608
223.912, 84608
223.913, 84608
223.915, 84392
223.916, 84392
223.917, 84392
223.918, 84392
223.92, 84392
223.921, 84392
223.922, 84392
223.923, 84392
223.924, 84392
223.926, 84392
223.927, 84392
223.928, 84392
223.929, 84392
223.932, 84608
223.933, 84608
223.935, 84608
223.937, 84608
223.938, 84608
223.939, 84608
223.941, 84176
223.942, 84176
223.943, 84176
223.944, 84176
223.946, 84176
223.947, 84176
223.948, 84176
223.949, 84392
223.951, 84392
223.952, 84392
223.953, 84392
223.954, 84392
223.956, 84392
223.957, 84392
223.958, 84392
223.959, 84392
223.96, 84392
223.962, 84392
223.963, 84392
223.964, 84392
223.965, 84392
223.966, 84392
223.968, 84392
223.97, 84392
223.971, 84392
223.973, 84392
223.974, 84392
223.975, 84392
223.976, 84392
223.978, 84392
223.979, 84392
223.98, 84392
223.981, 84392
223.982, 84392
223.984, 84392
223.985, 84392
223.986, 84392
223.988, 84392
223.989, 84392
223.99, 84392
223.991, 84608
223.992, 84608
223.994, 84608
223.995, 84608
223.996, 84608
223.997, 84608
223.999, 84608
224, 84392
224.001, 84392
224.002, 84392
224.004, 84392
224.005, 84392
224.006, 84392
224.008, 84392
224.009, 84608
224.01, 84608
224.012, 84608
224.013, 84608
224.014, 84608
224.015, 84608
224.016, 84608
224.018, 84608
224.019, 84608
224.02, 84608
224.021, 84608
224.023, 84608
224.024, 84608
224.025, 84608
224.026, 84608
224.027, 84608
224.029, 84608
224.03, 84608
224.031, 84608
224.032, 84608
224.033, 84608
224.035, 84608
224.036, 84608
224.037, 84608
224.039, 84608
224.04, 84608
224.041, 84608
224.042, 84608
224.043, 84608
224.045, 84608
224.046, 84608
224.047, 84608
224.048, 84608
224.05, 84608
224.051, 84608
224.052, 84608
224.053, 84608
224.055, 84608
224.056, 84608
224.057, 84608
224.059, 84608
224.06, 84608
224.061, 84608
224.063, 84608
224.064, 84608
224.065, 84608
224.067, 84608
224.068, 84608
224.069, 84608
224.07, 84608
224.072, 84608
224.073, 84608
224.074, 84608
224.075, 84608
224.076, 84608
224.078, 84608
224.079, 84608
224.08, 84608
224.081, 84608
224.083, 84608
224.084, 84608
224.085, 84608
224.086, 84608
224.087, 84608
224.089, 84608
224.09, 84608
224.091, 84608
224.092, 84608
224.094, 84608
224.095, 84608
224.097, 84608
224.098, 84608
224.1, 84608
224.101, 84608
224.103, 84392
224.104, 84392
224.106, 84392
224.107, 84392
224.109, 84392
224.11, 84392
224.111, 84392
224.113, 84392
224.114, 84392
224.115, 84392
224.117, 84392
224.118, 84392
224.119, 84608
224.12, 84608
224.122, 84608
224.123, 84608
224.136, 84608
224.138, 84608
224.139, 84608
224.14, 84608
224.141, 84608
224.143, 84608
224.144, 84608
224.145, 84608
224.146, 84608
224.147, 84608
224.148, 84608
224.15, 84608
224.151, 84608
224.152, 84608
224.153, 84608
224.154, 84608
224.155, 84608
224.157, 84608
224.158, 84608
224.159, 84608
224.161, 84608
224.162, 84392
224.164, 84392
224.167, 84392
224.169, 84392
224.17, 84176
224.172, 84176
224.174, 84176
224.175, 84176
224.176, 84176
224.178, 84176
224.179, 84392
224.18, 84392
224.181, 84392
224.182, 84392
224.184, 84392
224.185, 84392
224.186, 84392
224.188, 84392
224.189, 84392
224.19, 84392
224.191, 84392
224.192, 84392
224.194, 84392
224.195, 84392
224.196, 84392
224.198, 84392
224.199, 84392
224.2, 84392
224.202, 84392
224.203, 84392
224.204, 84392
224.205, 84392
224.207, 84392
224.208, 84392
224.209, 84392
224.21, 84392
224.211, 84392
224.213, 84392
224.214, 84392
224.215, 84392
224.216, 84392
224.218, 84392
224.219, 84392
224.22, 84392
224.221, 84392
224.223, 84392
224.224, 84392
224.225, 84392
224.227, 84392
224.228, 84392
224.229, 84392
224.231, 84608
224.232, 84608
224.233, 84608
224.235, 84608
224.236, 84608
224.237, 84608
224.238, 84608
224.24, 84608
224.241, 84608
224.242, 84608
224.243, 84608
224.245, 84608
224.246, 84608
224.247, 84608
224.248, 84608
224.25, 84608
224.251, 84608
224.252, 84608
224.254, 84608
224.255, 84608
224.257, 84608
224.258, 84608
224.259, 84608
224.26, 84608
224.262, 84608
224.263, 84608
224.264, 84608
224.265, 84608
224.266, 84608
224.268, 84608
224.269, 84608
224.27, 84608
224.271, 84608
224.273, 84608
224.274, 84608
224.275, 84608
224.276, 84608
224.277, 84608
224.279, 84608
224.28, 84608
224.281, 84608
224.282, 84608
224.283, 84608
224.285, 84608
224.286, 84608
224.287, 84608
224.288, 84608
224.289, 84608
224.29, 84176
224.291, 84176
224.293, 84176
224.294, 84176
224.295, 84176
224.296, 84176
224.298, 84176
224.299, 83960
224.3, 83960
224.301, 83960
224.302, 83960
224.304, 83960
224.305, 83960
224.307, 83960
224.308, 83960
224.31, 83960
224.311, 83960
224.312, 83960
224.314, 83960
224.315, 84176
224.317, 84176
224.318, 84176
224.319, 84176
224.32, 84176
224.322, 84176
224.323, 84176
224.324, 84176
224.325, 84176
224.326, 84176
224.327, 84176
224.328, 84176
224.329, 84176
224.331, 84176
224.332, 84176
224.333, 83960
224.334, 83960
224.335, 83960
224.337, 83960
224.338, 83960
224.339, 83960
224.341, 83960
224.342, 83960
224.344, 83960
224.345, 83960
224.346, 83960
224.347, 83960
224.349, 83960
224.35, 84176
224.351, 84176
224.352, 84176
224.353, 84176
224.354, 84176
224.355, 84176
224.357, 84176
224.358, 84176
224.359, 83744
224.36, 83744
224.361, 83744
224.362, 83744
224.363, 83744
224.364, 83744
224.366, 83744
224.367, 83744
224.368, 83744
224.369, 83744
224.37, 83744
224.372, 83744
224.373, 83744
224.374, 83744
224.376, 83744
224.377, 83744
224.378, 83744
224.379, 83744
224.38, 83744
224.382, 83744
224.383, 83744
224.384, 83960
224.385, 83960
224.386, 83960
224.387, 83960
224.389, 83960
224.39, 83960
224.391, 83960
224.393, 83960
224.394, 83960
224.395, 83960
224.397, 83960
224.398, 83960
224.399, 83960
224.401, 84392
224.402, 84392
224.403, 84392
224.405, 84392
224.406, 84392
224.407, 84392
224.408, 84392
224.409, 84392
224.41, 84392
224.411, 84392
224.413, 84392
224.414, 84392
224.415, 84392
224.416, 84392
224.417, 84392
224.418, 84176
224.42, 84176
224.421, 84176
224.423, 84176
224.424, 84176
224.425, 84176
224.426, 84176
224.428, 84176
224.429, 84176
224.43, 84176
224.431, 84176
224.432, 84176
224.433, 84176
224.434, 84176
224.436, 84176
224.437, 84176
224.439, 84176
224.44, 84176
224.442, 84176
224.443, 84392
224.445, 84392
224.446, 84392
224.447, 84392
224.449, 84392
224.45, 84392
224.451, 84392
224.452, 84608
224.454, 84608
224.455, 84608
224.456, 84608
224.457, 84608
224.458, 84608
224.459, 84608
224.46, 84392
224.462, 84392
224.463, 84392
224.464, 84392
224.465, 84392
224.466, 84392
224.468, 84392
224.47, 84176
224.471, 84176
224.472, 84176
224.474, 84176
224.475, 84176
224.476, 84176
224.478, 84608
224.479, 84608
224.48, 84608
224.481, 84608
224.482, 84608
224.483, 84608
224.485, 84608
224.486, 84824
224.487, 84824
224.488, 84824
224.489, 84824
224.491, 84824
224.492, 84824
224.493, 84824
224.494, 84824
224.496, 85040
224.497, 85040
224.498, 85040
224.5, 85040
224.501, 85040
224.503, 85040
224.504, 85040
224.505, 85040
224.507, 85040
224.508, 85040
224.509, 85040
224.511, 85040
224.512, 85256
224.514, 85256
224.515, 85256
224.517, 85256
224.518, 85256
224.519, 85256
224.521, 85040
224.522, 85040
224.523, 85040
224.525, 85040
224.526, 85040
224.528, 85040
224.529, 85040
224.53, 85040
224.532, 85040
224.533, 85040
224.534, 85040
224.536, 85040
224.537, 84824
224.539, 84824
224.54, 84824
224.542, 84824
224.543, 84824
224.544, 84824
224.545, 84824
224.547, 84824
224.548, 84824
224.549, 84824
224.55, 84824
224.552, 84824
224.553, 84824
224.554, 84824
224.555, 84824
224.557, 84824
224.558, 84824
224.56, 84824
224.562, 84824
224.563, 84608
224.565, 84608
224.566, 84608
224.568, 84608
224.569, 84608
224.57, 84608
224.572, 84608
224.573, 84608
224.574, 84608
224.575, 84608
224.577, 84608
224.578, 84608
224.579, 84608
224.58, 84608
224.582, 84608
224.583, 84608
224.584, 84608
224.585, 84608
224.587, 84608
224.588, 84608
224.589, 84608
224.59, 84608
224.592, 84608
224.593, 84608
224.594, 84608
224.595, 84608
224.597, 84608
224.598, 84608
224.599, 84608
224.6, 84608
224.602, 84608
224.603, 84608
224.604, 84608
224.605, 84392
224.607, 84392
224.608, 84392
224.609, 84392
224.61, 84392
224.612, 84392
224.613, 84392
224.618, 84392
224.62, 84392
224.622, 84392
224.623, 84392
224.624, 84392
224.625, 84392
224.627, 84392
224.628, 84392
224.629, 84392
224.63, 84392
224.632, 84392
224.633, 84392
224.634, 84392
224.636, 84392
224.637, 84392
224.638, 84392
224.64, 84392
224.641, 84392
224.642, 84392
224.644, 84392
224.645, 84392
224.647, 84392
224.648, 84392
224.65, 84392
224.651, 84392
224.653, 84392
224.654, 84392
224.656, 84392
224.658, 84176
224.659, 84176
224.661, 84176
224.662, 84176
224.664, 84176
224.665, 84392
224.667, 84392
224.668, 84392
224.669, 84392
224.67, 84392
224.672, 84392
224.673, 84392
224.674, 84176
224.675, 84176
224.677, 84176
224.678, 84176
224.679, 84176
224.68, 84176
224.682, 84176
224.683, 84392
224.684, 84392
224.685, 84392
224.687, 84392
224.688, 84392
224.689, 84392
224.69, 84392
224.692, 84176
224.693, 84176
224.695, 84176
224.697, 84176
224.698, 84176
224.7, 84176
224.701, 84176
224.703, 84176
224.705, 84176
224.706, 84176
224.708, 84176
224.709, 84176
224.711, 84176
224.712, 84176
224.713, 84176
224.714, 84176
224.716, 84176
224.717, 84176
224.718, 84176
224.719, 84176
224.721, 84176
224.722, 84176
224.734, 84176
224.739, 84176
224.74, 84176
224.741, 84176
224.743, 84176
224.744, 84176
224.745, 84176
224.746, 84176
224.748, 84176
224.749, 84176
224.75, 84176
224.751, 84176
224.753, 84176
224.754, 84176
224.755, 84176
224.756, 84176
224.758, 84176
224.759, 83960
224.76, 83960
224.761, 83960
224.763, 83960
224.764, 83960
224.765, 83960
224.766, 83960
224.768, 83960
224.769, 83960
224.77, 83960
224.772, 83960
224.773, 83960
224.774, 83960
224.776, 83960
224.777, 83960
224.778, 83960
224.779, 83960
224.781, 83960
224.788, 83960
224.79, 83960
224.791, 83960
224.792, 83960
224.794, 83960
224.795, 83960
224.796, 83960
224.798, 83960
224.799, 83960
224.8, 83960
224.802, 83960
224.803, 83960
224.804, 83960
224.806, 83960
224.807, 83960
224.808, 83960
224.81, 83960
224.818, 83960
224.819, 83960
224.821, 83960
224.822, 83960
224.824, 83960
224.825, 83960
224.827, 83960
224.828, 83960
224.83, 83960
224.831, 83960
224.832, 83960
224.833, 83960
224.835, 83960
224.836, 83960
224.837, 83960
224.838, 83960
224.842, 83960
224.854, 83960
224.856, 83960
224.857, 83960
224.858, 83960
224.86, 83960
224.861, 83960
224.862, 83960
224.863, 83960
224.865, 83960
224.866, 83960
224.867, 83960
224.868, 83960
224.869, 83960
224.871, 83960
224.872, 83960
224.873, 83960
224.874, 83960
224.876, 83960
224.877, 83960
224.878, 83960
224.879, 83528
224.881, 83528
224.882, 83528
224.883, 83528
224.884, 83528
224.886, 83528
224.887, 83528
224.888, 83312
224.889, 83312
224.891, 83312
224.892, 83312
224.893, 83312
224.894, 83312
224.896, 83096
224.897, 83096
224.898, 83096
224.899, 83096
224.902, 83096
224.903, 83096
224.905, 83312
224.907, 83312
224.909, 83312
224.91, 83312
224.912, 83312
224.913, 83528
224.915, 83528
224.916, 83528
224.918, 83528
224.919, 83528
224.92, 83528
224.921, 83312
224.922, 83312
224.923, 83312
224.925, 83312
224.926, 83312
224.927, 83312
224.933, 83096
224.937, 83096
224.938, 83528
224.94, 83528
224.941, 83528
224.942, 83528
224.943, 83528
224.944, 83528
224.945, 83528
224.946, 83528
224.948, 83312
224.949, 83312
224.95, 83312
224.951, 83312
224.952, 83312
224.953, 83312
224.954, 83312
224.956, 83096
224.957, 83096
224.958, 83096
224.959, 83096
224.96, 83096
224.961, 83096
224.963, 83096
224.968, 83096
224.969, 83096
224.971, 83096
224.972, 83096
224.973, 83528
224.974, 83528
224.975, 83528
224.976, 83528
224.977, 83528
224.979, 83528
224.98, 83528
224.981, 83528
224.982, 83528
224.984, 83528
224.985, 83528
224.987, 83528
224.988, 83528
224.989, 83744
224.991, 83744
224.992, 83744
224.993, 83744
224.995, 83744
224.996, 83744
224.997, 83744
224.999, 84176
225, 84176
225.001, 84176
225.002, 84176
225.003, 84176
225.004, 84176
225.006, 84176
225.007, 83960
225.008, 83960
225.009, 83960
225.01, 83960
225.011, 83960
225.012, 83960
225.014, 83960
225.015, 83960
225.016, 83960
225.017, 83960
225.019, 83960
225.02, 83960
225.021, 83960
225.022, 83960
225.023, 83960
225.024, 84176
225.026, 84176
225.027, 84176
225.028, 84176
225.029, 84176
225.03, 84176
225.031, 84176
225.033, 84176
225.034, 84176
225.035, 84176
225.037, 84176
225.038, 84176
225.039, 84176
225.041, 84608
225.042, 84608
225.043, 84608
225.044, 84608
225.045, 84608
225.047, 84608
225.048, 84608
225.049, 84608
225.05, 84824
225.051, 84824
225.052, 84824
225.053, 84824
225.055, 84824
225.056, 84824
225.057, 84824
225.058, 85040
225.059, 85040
225.061, 85040
225.062, 85040
225.063, 85040
225.065, 85040
225.066, 85040
225.067, 85040
225.069, 85040
225.07, 85040
225.071, 85040
225.072, 85040
225.073, 85040
225.075, 85040
225.076, 85040
225.077, 85040
225.078, 85040
225.079, 85040
225.08, 85040
225.082, 85040
225.083, 85040
225.084, 85256
225.085, 85256
225.086, 85256
225.087, 85256
225.088, 85256
225.09, 85256
225.091, 85256
225.092, 85040
225.093, 85040
225.094, 85040
225.096, 85040
225.097, 85040
225.098, 85040
225.099, 85040
225.101, 85256
225.102, 85256
225.103, 85256
225.104, 85256
225.105, 85256
225.107, 85256
225.108, 85256
225.109, 85256
225.11, 85256
225.112, 85256
225.113, 85256
225.114, 85256
225.115, 85256
225.116, 85256
225.118, 85256
225.119, 85256
225.12, 85256
225.121, 85256
225.122, 85256
225.124, 85256
225.125, 85256
225.126, 85040
225.127, 85040
225.128, 85040
225.129, 85040
225.131, 85040
225.132, 85040
225.134, 84824
225.136, 84824
225.137, 84824
225.138, 84824
225.14, 84824
225.141, 84824
225.142, 84824
225.143, 84824
225.145, 84824
225.146, 84824
225.147, 84824
225.148, 84824
225.15, 84824
225.151, 84824
225.152, 84608
225.153, 84608
225.154, 84608
225.156, 84608
225.157, 84608
225.158, 84608
225.159, 84608
225.16, 84608
225.161, 84608
225.163, 84608
225.164, 84608
225.165, 84608
225.167, 84608
225.168, 84608
225.17, 84608
225.171, 84608
225.173, 84608
225.174, 84608
225.175, 84608
225.177, 84608
225.178, 84608
225.179, 84608
225.181, 84608
225.182, 84608
225.183, 84608
225.185, 84608
225.186, 84608
225.187, 84608
225.188, 84608
225.19, 84608
225.191, 84608
225.192, 84608
225.193, 84608
225.194, 84608
225.196, 84608
225.197, 84608
225.198, 84608
225.199, 84608
225.2, 84608
225.202, 84608
225.203, 84608
225.204, 84608
225.205, 84608
225.207, 84608
225.208, 84608
225.209, 84608
225.21, 84608
225.212, 84392
225.213, 84392
225.214, 84392
225.216, 84392
225.217, 84392
225.219, 84392
225.22, 84392
225.221, 84392
225.222, 84392
225.223, 84392
225.225, 84392
225.226, 84392
225.227, 84392
225.228, 84392
225.23, 84392
225.231, 84392
225.232, 84392
225.233, 84392
225.234, 84392
225.236, 84392
225.237, 84392
225.238, 84392
225.239, 84392
225.241, 84392
225.242, 84392
225.243, 84392
225.244, 84392
225.245, 84392
225.247, 84392
225.248, 84392
225.249, 84392
225.25, 84392
225.252, 84392
225.253, 84392
225.254, 84392
225.255, 84392
225.257, 84392
225.258, 84392
225.259, 84392
225.26, 84392
225.261, 84392
225.263, 84392
225.265, 84392
225.267, 84392
225.268, 84392
225.269, 84392
225.271, 84392
225.272, 84176
225.273, 84176
225.274, 84176
225.276, 84176
225.277, 84176
225.278, 84176
225.279, 84176
225.281, 84176
225.282, 84176
225.283, 84176
225.285, 84176
225.286, 84176
225.287, 84176
225.289, 84176
225.29, 84176
225.291, 84176
225.292, 84176
225.294, 84176
225.295, 84176
225.296, 84176
225.298, 84176
225.299, 84176
225.3, 84176
225.301, 84176
225.302, 84176
225.304, 84176
225.305, 84176
225.306, 84176
225.307, 84176
225.308, 84176
225.31, 84176
225.311, 84176
225.312, 84176
225.313, 84176
225.314, 84176
225.315, 84176
225.317, 84176
225.318, 84176
225.319, 84176
225.32, 84176
225.322, 84176
225.323, 84176
225.325, 84176
225.326, 84176
225.327, 84176
225.329, 84176
225.331, 84176
225.332, 84176
225.333, 84176
225.334, 84176
225.336, 84176
225.337, 84176
225.338, 84176
225.339, 84176
225.34, 84176
225.341, 84176
225.343, 84176
225.344, 84176
225.345, 84176
225.347, 84176
225.348, 84176
225.349, 84176
225.35, 84176
225.352, 84176
225.353, 84176
225.354, 84176
225.355, 84176
225.356, 84176
225.358, 84176
225.359, 84176
225.361, 84176
225.362, 84176
225.363, 84176
225.364, 84176
225.365, 84176
225.367, 84176
225.368, 84176
225.369, 84176
225.37, 84176
225.372, 84176
225.374, 84176
225.375, 84176
225.377, 84176
225.378, 84176
225.379, 84176
225.381, 84176
225.382, 84176
225.383, 83960
225.384, 83960
225.386, 83960
225.387, 83960
225.388, 83960
225.389, 83960
225.391, 84176
225.392, 84176
225.393, 84176
225.394, 84176
225.396, 84176
225.397, 84176
225.398, 84176
225.399, 83960
225.401, 83960
225.402, 83960
225.404, 83960
225.405, 83960
225.407, 83960
225.408, 83960
225.409, 83960
225.41, 83960
225.412, 83960
225.413, 83960
225.414, 83960
225.415, 83960
225.416, 83960
225.418, 83960
225.419, 83960
225.42, 83960
225.421, 83960
225.423, 83960
225.424, 83960
225.425, 83960
225.426, 83960
225.427, 83960
225.428, 83960
225.43, 83960
225.431, 83960
225.433, 83960
225.434, 83960
225.436, 83960
225.437, 83960
225.438, 83960
225.439, 83960
225.441, 83960
225.442, 83960
225.443, 83960
225.445, 83960
225.446, 83960
225.447, 83960
225.448, 83960
225.45, 83960
225.451, 83960
225.452, 83960
225.453, 83960
225.454, 83960
225.455, 83960
225.457, 83960
225.458, 83960
225.459, 83312
225.46, 83312
225.461, 83312
225.463, 83312
225.464, 83312
225.465, 83312
225.467, 83312
225.468, 83312
225.469, 83312
225.47, 83312
225.471, 83312
225.473, 83312
225.474, 83312
225.475, 83312
225.477, 83744
225.478, 83744
225.479, 83744
225.481, 83744
225.482, 83744
225.484, 83744
225.485, 83744
225.486, 83744
225.488, 83744
225.489, 83744
225.491, 83744
225.492, 83744
225.493, 83744
225.495, 83744
225.496, 83744
225.498, 83744
225.499, 83744
225.5, 83744
225.501, 83960
225.503, 83960
225.504, 83960
225.505, 83960
225.507, 83960
225.508, 83960
225.509, 83960
225.51, 83528
225.512, 83528
225.513, 83528
225.516, 83528
225.518, 83528
225.519, 83528
225.521, 83528
225.522, 83528
225.523, 83528
225.53, 83312
225.532, 83312
225.533, 83312
225.535, 83312
225.536, 83744
225.537, 83744
225.538, 83744
225.54, 83744
225.541, 83744
225.542, 83744
225.543, 83744
225.545, 83960
225.546, 83960
225.547, 83960
225.548, 83960
225.549, 83960
225.551, 83960
225.552, 83960
225.553, 83960
225.554, 83960
225.557, 83960
225.561, 83960
225.563, 83960
225.564, 83960
225.565, 83960
225.567, 83960
225.568, 83960
225.57, 84176
225.571, 84176
225.572, 84176
225.574, 84176
225.576, 84176
225.577, 84176
225.578, 84176
225.579, 84176
225.581, 84176
225.582, 84176
225.583, 84176
225.584, 84176
225.585, 84176
225.586, 84176
225.587, 84176
225.589, 84176
225.59, 84176
225.591, 84176
225.594, 84176
225.596, 84176
225.597, 84176
225.598, 84176
225.599, 84176
225.6, 84176
225.601, 84176
225.602, 84176
225.604, 84176
225.605, 84392
225.606, 84392
225.607, 84392
225.609, 84392
225.61, 84392
225.612, 84392
225.616, 84392
225.618, 84392
225.619, 84392
225.62, 84392
225.622, 84392
225.623, 84392
225.624, 84392
225.625, 84392
225.627, 84392
225.628, 84392
225.629, 84392
225.63, 84608
225.631, 84608
225.632, 84608
225.634, 84608
225.635, 84608
225.637, 84608
225.638, 84824
225.64, 84824
225.641, 84824
225.642, 84824
225.644, 84824
225.645, 84824
225.646, 84824
225.647, 84824
225.648, 84824
225.649, 84824
225.65, 84824
225.652, 84824
225.66, 85040
225.662, 85040
225.663, 85040
225.664, 85040
225.666, 85040
225.667, 85040
225.668, 85040
225.669, 85040
225.671, 85040
225.672, 85040
225.673, 84824
225.674, 84824
225.675, 84824
225.676, 84824
225.677, 84824
225.679, 84824
225.68, 84824
225.681, 84392
225.682, 84392
225.683, 84392
225.685, 84392
225.686, 84392
225.687, 84392
225.689, 84392
225.69, 84608
225.691, 84608
225.692, 84608
225.694, 84608
225.695, 84608
225.696, 84608
225.697, 84608
225.698, 84824
225.699, 84824
225.7, 84824
225.702, 84824
225.703, 84824
225.704, 84824
225.705, 84824
225.706, 85040
225.707, 85040
225.708, 85040
225.71, 85040
225.711, 85040
225.712, 85040
225.713, 85040
225.715, 85256
225.716, 85256
225.717, 85256
225.719, 85256
225.72, 85256
225.721, 85256
225.723, 85256
225.724, 85256
225.726, 85256
225.727, 85256
225.728, 85256
225.73, 85256
225.731, 85256
225.732, 85256
225.734, 85256
225.735, 85256
225.736, 85256
225.738, 85256
225.739, 85256
225.74, 85256
225.742, 85256
225.743, 85256
225.745, 85256
225.746, 85256
225.747, 85256
225.748, 85256
225.75, 85040
225.752, 85040
225.753, 85040
225.755, 85040
225.756, 85040
225.757, 85040
225.759, 85040
225.76, 85040
225.761, 85040
225.763, 85040
225.764, 85040
225.765, 85040
225.766, 85040
225.768, 85040
225.769, 85040
225.77, 85040
225.772, 85040
225.773, 85040
225.774, 85040
225.775, 84824
225.777, 84824
225.778, 84824
225.779, 84824
225.78, 84824
225.782, 84824
225.783, 84824
225.785, 84824
225.786, 84824
225.788, 84824
225.789, 84824
225.79, 84824
225.792, 84608
225.793, 84608
225.794, 84608
225.796, 84608
225.797, 84608
225.798, 84608
225.799, 84608
225.801, 84608
225.802, 84608
225.803, 84608
225.804, 84608
225.806, 84608
225.807, 84608
225.808, 84608
225.81, 84608
225.811, 84608
225.813, 84608
225.814, 84608
225.815, 84608
225.817, 84608
225.818, 84608
225.819, 84608
225.821, 84608
225.822, 84608
225.823, 84608
225.825, 84608
225.826, 84608
225.827, 84608
225.828, 84608
225.829, 84608
225.831, 84608
225.832, 84608
225.833, 84608
225.834, 84608
225.835, 84608
225.837, 84608
225.838, 84608
225.839, 84608
225.84, 84608
225.841, 84608
225.842, 84608
225.844, 84608
225.845, 84608
225.846, 84608
225.847, 84608
225.848, 84608
225.849, 84608
225.851, 84608
225.852, 84392
225.853, 84392
225.855, 84392
225.856, 84392
225.857, 84392
225.858, 84392
225.859, 84392
225.861, 84392
225.862, 84392
225.863, 84392
225.864, 84392
225.866, 84392
225.867, 84392
225.868, 84392
225.87, 84392
225.871, 84392
225.872, 84392
225.873, 84392
225.875, 84392
225.876, 84392
225.878, 84392
225.879, 84392
225.88, 84392
225.882, 84392
225.883, 84392
225.884, 84392
225.885, 84392
225.886, 84392
225.888, 84392
225.889, 84392
225.89, 84392
225.891, 84392
225.892, 84392
225.894, 84392
225.895, 84176
225.896, 84176
225.898, 84176
225.899, 84176
225.9, 84176
225.901, 84176
225.902, 84176
225.904, 84176
225.905, 84176
225.906, 84176
225.907, 84176
225.908, 84176
225.91, 84176
225.911, 84176
225.912, 84176
225.914, 84176
225.915, 84176
225.916, 84176
225.917, 84176
225.918, 84176
225.92, 84176
225.921, 84176
225.922, 84176
225.924, 84176
225.925, 84176
225.926, 84176
225.927, 84176
225.929, 84176
225.93, 84176
225.931, 84176
225.932, 84176
225.933, 84176
225.935, 84176
225.936, 84176
225.937, 84176
225.938, 84176
225.939, 84176
225.941, 84176
225.942, 84176
225.943, 84176
225.945, 84176
225.946, 84176
225.948, 84176
225.949, 84176
225.95, 84176
225.951, 84176
225.952, 84176
225.954, 84176
225.955, 84176
225.956, 84176
225.957, 84176
225.958, 84176
225.96, 84176
225.961, 84176
225.962, 84176
225.963, 84176
225.965, 84176
225.966, 84176
225.967, 84176
225.969, 84176
225.97, 84176
225.971, 84176
225.973, 84176
225.974, 84176
225.975, 84176
225.976, 84176
225.978, 84176
225.979, 84176
225.98, 84176
225.981, 84176
225.983, 84176
225.984, 84176
225.985, 84176
225.986, 84176
225.987, 84176
225.989, 84176
225.99, 84176
225.992, 84176
225.993, 84176
225.994, 84176
225.996, 84176
225.997, 84176
225.998, 84176
225.999, 84176
226, 84176
226.002, 84176
226.003, 84176
226.004, 84176
226.005, 83960
226.006, 83960
226.008, 83960
226.009, 83960
226.01, 83960
226.011, 83960
226.013, 83960
226.014, 83960
226.015, 83960
226.016, 83960
226.017, 83960
226.019, 83960
226.02, 83960
226.022, 84176
226.023, 84176
226.025, 84176
226.026, 84176
226.027, 84176
226.029, 84176
226.03, 84176
226.031, 83960
226.032, 83960
226.033, 83960
226.034, 83960
226.036, 83960
226.037, 83960
226.038, 83960
226.039, 83960
226.041, 83960
226.042, 83960
226.043, 83960
226.044, 83960
226.046, 83960
226.047, 83960
226.048, 83960
226.049, 83960
226.051, 83960
226.052, 83960
226.054, 83960
226.055, 83960
226.056, 83960
226.058, 83960
226.059, 83960
226.061, 83960
226.062, 83960
226.063, 83960
226.064, 83960
226.066, 83960
226.067, 83960
226.068, 83960
226.069, 83960
226.071, 83960
226.072, 83960
226.073, 83960
226.074, 83960
226.076, 83960
226.077, 83960
226.078, 83960
226.079, 83960
226.081, 83960
226.083, 83960
226.084, 83960
226.085, 83960
226.087, 83960
226.088, 83960
226.09, 83960
226.091, 83960
226.092, 83960
226.093, 83960
226.095, 83960
226.096, 83960
226.097, 83960
226.098, 83960
226.099, 83960
226.1, 83960
226.102, 83960
226.103, 83960
226.104, 83960
226.105, 83960
226.106, 83960
226.108, 83744
226.109, 83744
226.11, 83744
226.111, 83744
226.113, 83744
226.114, 83744
226.115, 83744
226.116, 83744
226.117, 83744
226.119, 83744
226.12, 83744
226.121, 83744
226.123, 83744
226.124, 83744
226.125, 83744
226.126, 83744
226.127, 83744
226.128, 83744
226.13, 83744
226.131, 83744
226.132, 83744
226.133, 83312
226.134, 83312
226.136, 83312
226.137, 83312
226.138, 83312
226.139, 83312
226.141, 83312
226.142, 83312
226.143, 83312
226.144, 83312
226.146, 83312
226.147, 83312
226.149, 83312
226.15, 83312
226.151, 83312
226.152, 83312
226.154, 83312
226.155, 83312
226.156, 83312
226.157, 83312
226.158, 83744
226.16, 83744
226.161, 83744
226.162, 83744
226.163, 83744
226.164, 83744
226.165, 83744
226.166, 83744
226.168, 83312
226.169, 83312
226.17, 83312
226.171, 83312
226.172, 83312
226.174, 83312
226.175, 83312
226.176, 83312
226.177, 83312
226.179, 83312
226.18, 83312
226.182, 83312
226.183, 83312
226.184, 83312
226.185, 83744
226.186, 83744
226.187, 83744
226.189, 83744
226.19, 83744
226.191, 83744
226.192, 83744
226.193, 83528
226.194, 83528
226.195, 83528
226.197, 83528
226.198, 83528
226.199, 83528
226.2, 83528
226.201, 83312
226.202, 83312
226.203, 83312
226.205, 83312
226.206, 83312
226.207, 83312
226.208, 83312
226.21, 83528
226.211, 83528
226.213, 83528
226.214, 83528
226.215, 83528
226.216, 83528
226.217, 83528
226.218, 83744
226.219, 83744
226.221, 83744
226.222, 83744
226.223, 83744
226.224, 83744
226.226, 83744
226.227, 83528
226.229, 83528
226.23, 83528
226.232, 83528
226.233, 83528
226.235, 83528
226.236, 83960
226.237, 83960
226.239, 83960
226.24, 83960
226.241, 83960
226.243, 83960
226.244, 84176
226.245, 84176
226.246, 84176
226.248, 84176
226.249, 84176
226.25, 84176
226.252, 84176
226.253, 84176
226.254, 84176
226.256, 84176
226.257, 84176
226.259, 84176
226.26, 84176
226.261, 84392
226.262, 84392
226.264, 84392
226.265, 84392
226.266, 84392
226.267, 84392
226.268, 84392
226.269, 84392
226.27, 84392
226.272, 84392
226.273, 84392
226.275, 84392
226.276, 84392
226.277, 84392
226.279, 84392
226.28, 84392
226.281, 84392
226.283, 84392
226.284, 84392
226.285, 84392
226.287, 84392
226.288, 84392
226.289, 84392
226.291, 84392
226.292, 84392
226.293, 84392
226.294, 84392
226.295, 84608
226.296, 84608
226.297, 84608
226.299, 84608
226.3, 84608
226.301, 84608
226.303, 84608
226.304, 84608
226.306, 84608
226.307, 84608
226.309, 84608
226.312, 84608
226.313, 84608
226.315, 84608
226.316, 84608
226.317, 84608
226.319, 84608
226.321, 84608
226.323, 84608
226.324, 84608
226.325, 84608
226.327, 84608
226.334, 84608
226.336, 84608
226.337, 84608
226.339, 84824
226.34, 84824
226.342, 84824
226.343, 84824
226.344, 84824
226.346, 84824
226.347, 85040
226.349, 85040
226.35, 85040
226.352, 85040
226.353, 85040
226.355, 85040
226.356, 85040
226.358, 85040
226.359, 85040
226.36, 85040
226.362, 85040
226.363, 85040
226.365, 85040
226.366, 85040
226.368, 85040
226.369, 85040
226.371, 85040
226.372, 85040
226.374, 85040
226.375, 85040
226.377, 85040
226.378, 85040
226.379, 85040
226.38, 84824
226.381, 84824
226.383, 84824
226.384, 84824
226.385, 84824
226.386, 84824
226.387, 84824
226.388, 84824
226.39, 85040
226.391, 85040
226.392, 85040
226.393, 85040
226.394, 85040
226.396, 85040
226.397, 85040
226.398, 85040
226.399, 85040
226.401, 85040
226.402, 85040
226.404, 85040
226.405, 85040
226.406, 85040
226.408, 85040
226.409, 85040
226.41, 85040
226.411, 85040
226.412, 85040
226.413, 85040
226.415, 85040
226.416, 85040
226.417, 85040
226.418, 85040
226.42, 85040
226.421, 85040
226.422, 85040
226.423, 85040
226.425, 85040
226.426, 85040
226.427, 85040
226.428, 85040
226.429, 85040
226.431, 85040
226.432, 85040
226.433, 85040
226.435, 85040
226.436, 85040
226.437, 85040
226.438, 85040
226.44, 85040
226.441, 85040
226.443, 85040
226.445, 85040
226.446, 85040
226.447, 85040
226.449, 85040
226.45, 85040
226.451, 85040
226.453, 85040
226.454, 85040
226.455, 85040
226.457, 85040
226.458, 84824
226.459, 84824
226.46, 84824
226.462, 84824
226.464, 84824
226.465, 84824
226.467, 84824
226.468, 84824
226.469, 84824
226.471, 84824
226.472, 84824
226.474, 84824
226.475, 84608
226.476, 84608
226.478, 84608
226.479, 84608
226.48, 84608
226.482, 84608
226.483, 84608
226.485, 84608
226.486, 84608
226.487, 84608
226.488, 84608
226.489, 84608
226.49, 84608
226.492, 84608
226.493, 84608
226.494, 84608
226.495, 84608
226.497, 84608
226.498, 84608
226.499, 84608
226.501, 84608
226.502, 84608
226.503, 84608
226.504, 84608
226.505, 84608
226.507, 84608
226.508, 84608
226.509, 84608
226.511, 84608
226.512, 84608
226.513, 84608
226.515, 84608
226.516, 84608
226.517, 84608
226.518, 84608
226.52, 84608
226.521, 84608
226.522, 84608
226.524, 84608
226.525, 84392
226.527, 84392
226.528, 84392
226.53, 84392
226.531, 84392
226.532, 84392
226.534, 84392
226.535, 84392
226.536, 84392
226.537, 84392
226.539, 84392
226.54, 84392
226.541, 84392
226.543, 84392
226.544, 84392
226.545, 84392
226.546, 84392
226.548, 84392
226.549, 84392
226.55, 84392
226.552, 84392
226.554, 84392
226.555, 84392
226.557, 84392
226.558, 84392
226.559, 84392
226.56, 84176
226.562, 84176
226.563, 84176
226.565, 84176
226.566, 84176
226.567, 84176
226.569, 84392
226.571, 84392
226.572, 84392
226.573, 84392
226.575, 84392
226.576, 84392
226.577, 84176
226.579, 84176
226.58, 84176
226.582, 84176
226.583, 84176
226.584, 84176
226.586, 84176
226.587, 84176
226.589, 84176
226.59, 84176
226.592, 84176
226.593, 84176
226.594, 84176
226.595, 84176
226.597, 84176
226.598, 84176
226.6, 84176
226.601, 84176
226.603, 84176
226.604, 84176
226.605, 84176
226.607, 84176
226.608, 84176
226.609, 84176
226.611, 84176
226.612, 84176
226.613, 84176
226.614, 84176
226.615, 84176
226.617, 84176
226.618, 84176
226.619, 84176
226.62, 84176
226.622, 84176
226.623, 84176
226.624, 84176
226.625, 84176
226.626, 84176
226.628, 84176
226.63, 84176
226.631, 84176
226.632, 84176
226.634, 84176
226.635, 84176
226.637, 84176
226.638, 84176
226.639, 84176
226.64, 84176
226.642, 84176
226.643, 84176
226.644, 84176
226.645, 83960
226.646, 83960
226.648, 83960
226.649, 83960
226.65, 83960
226.651, 83960
226.652, 83960
226.654, 84176
226.655, 84176
226.657, 84176
226.659, 84176
226.66, 84176
226.662, 84176
226.663, 84176
226.664, 84176
226.666, 84176
226.667, 84176
226.668, 84176
226.669, 84176
226.67, 84176
226.672, 83960
226.673, 83960
226.674, 83960
226.675, 83960
226.677, 83960
226.678, 83960
226.679, 83960
226.68, 83960
226.681, 83960
226.682, 83960
226.684, 83960
226.685, 83960
226.686, 83960
226.688, 83960
226.689, 83960
226.691, 83960
226.693, 83960
226.695, 83960
226.696, 83960
226.697, 83960
226.699, 83960
226.7, 83960
226.701, 83960
226.702, 83960
226.704, 83960
226.705, 83744
226.706, 83744
226.708, 83744
226.709, 83744
226.71, 83744
226.711, 83744
226.712, 83744
226.714, 83960
226.715, 83960
226.716, 83960
226.717, 83960
226.718, 83960
226.72, 83960
226.721, 83960
226.722, 83960
226.723, 83960
226.725, 83960
226.726, 83960
226.727, 83960
226.728, 83960
226.729, 83960
226.731, 83744
226.732, 83744
226.733, 83744
226.734, 83744
226.735, 83744
226.737, 83744
226.738, 83744
226.739, 83528
226.741, 83528
226.742, 83528
226.743, 83528
226.744, 83528
226.745, 83528
226.747, 83528
226.748, 83528
226.75, 83528
226.751, 83528
226.753, 83528
226.754, 83528
226.756, 83528
226.757, 83528
226.758, 83528
226.759, 83528
226.761, 83528
226.762, 83528
226.763, 83528
226.765, 83744
226.766, 83744
226.767, 83744
226.768, 83744
226.769, 83744
226.77, 83744
226.771, 83744
226.773, 83744
226.774, 83312
226.775, 83312
226.776, 83312
226.777, 83312
226.779, 83312
226.78, 83312
226.781, 83312
226.783, 83312
226.784, 83312
226.786, 83312
226.787, 83312
226.788, 83312
226.789, 83312
226.791, 83528
226.792, 83528
226.793, 83528
226.794, 83528
226.795, 83528
226.796, 83528
226.797, 83528
226.799, 83312
226.8, 83312
226.801, 83312
226.802, 83312
226.803, 83312
226.804, 83312
226.805, 83312
226.807, 83312
226.808, 83096
226.809, 83096
226.81, 83096
226.811, 83096
226.812, 83096
226.813, 83096
226.815, 83096
226.816, 83096
226.817, 83096
226.818, 83096
226.82, 83096
226.821, 83096
226.822, 83096
226.823, 83096
226.824, 83312
226.826, 83312
226.827, 83312
226.828, 83312
226.829, 83312
226.83, 83312
226.831, 83312
226.833, 83312
226.834, 83312
226.836, 83312
226.837, 83312
226.839, 83312
226.84, 83312
226.842, 83744
226.844, 83744
226.845, 83744
226.846, 83744
226.848, 83744
226.849, 83744
226.85, 83744
226.851, 83744
226.853, 83744
226.854, 83744
226.855, 83744
226.856, 83744
226.857, 83744
226.858, 83528
226.859, 83528
226.861, 83528
226.862, 83528
226.863, 83528
226.864, 83528
226.865, 83528
226.867, 83528
226.869, 83528
226.87, 83528
226.871, 83528
226.872, 83528
226.873, 83528
226.875, 83528
226.876, 83744
226.877, 83744
226.878, 83744
226.879, 83744
226.88, 83744
226.882, 83744
226.883, 83744
226.884, 83744
226.886, 83744
226.887, 83744
226.888, 83744
226.89, 83744
226.891, 83744
226.892, 84176
226.894, 84176
226.895, 84176
226.896, 84176
226.897, 84176
226.899, 84176
226.9, 84176
226.901, 84608
226.902, 84608
226.903, 84608
226.904, 84608
226.905, 84608
226.907, 84608
226.908, 84608
226.909, 84608
226.91, 84608
226.911, 84608
226.913, 84608
226.914, 84608
226.915, 84608
226.916, 84608
226.917, 84608
226.919, 84824
226.92, 84824
226.921, 84824
226.922, 84824
226.923, 84824
226.924, 84824
226.925, 84824
226.927, 84608
226.928, 84608
226.929, 84608
226.93, 84608
226.931, 84608
226.932, 84608
226.933, 84608
226.935, 84608
226.936, 84608
226.937, 84608
226.938, 84608
226.939, 84608
226.94, 84608
226.941, 84608
226.942, 84608
226.944, 84608
226.945, 84608
226.946, 84608
226.947, 84608
226.948, 84608
226.949, 84608
226.95, 84608
226.951, 84608
226.953, 84392
226.954, 84392
226.955, 84392
226.956, 84392
226.957, 84392
226.958, 84392
226.959, 84392
226.961, 84392
226.962, 84392
226.963, 84392
226.964, 84392
226.965, 84392
226.966, 84392
226.967, 84392
226.968, 84392
226.97, 84392
226.971, 84392
226.972, 84392
226.973, 84392
226.974, 84392
226.975, 84392
226.976, 84392
226.978, 84392
226.979, 84392
226.98, 84392
226.981, 84392
226.982, 84392
226.983, 84392
226.984, 84392
226.985, 84392
226.987, 84176
226.988, 84176
226.989, 84176
226.99, 84176
226.991, 84176
226.992, 84176
226.993, 84176
226.995, 84176
226.996, 84176
226.997, 84176
226.998, 84176
226.999, 84176
227, 84176
227.001, 84176
227.002, 84176
227.004, 84176
227.005, 84176
227.006, 84176
227.007, 84176
227.008, 84176
227.009, 84176
227.011, 84176
227.012, 84176
227.013, 84176
227.014, 84176
227.015, 84176
227.016, 84176
227.017, 84176
227.019, 84176
227.02, 84176
227.021, 84176
227.022, 84176
227.023, 84176
227.024, 84176
227.025, 84176
227.027, 84176
227.028, 84176
227.029, 84176
227.03, 84176
227.031, 84176
227.032, 84176
227.033, 84176
227.035, 84176
227.036, 84176
227.037, 84176
227.038, 84176
227.039, 84176
227.041, 84176
227.042, 84176
227.043, 84176
227.044, 84176
227.046, 84176
227.047, 83960
227.048, 83960
227.049, 83960
227.05, 83960
227.051, 83960
227.052, 83960
227.054, 83960
227.055, 83960
227.056, 83960
227.057, 83960
227.058, 83960
227.059, 83960
227.061, 83960
227.062, 83960
227.063, 83528
227.067, 83528
227.069, 83528
227.07, 83528
227.071, 83744
227.073, 83744
227.074, 83744
227.076, 83744
227.077, 83744
227.078, 83744
227.08, 83744
227.081, 83744
227.083, 83744
227.084, 83744
227.085, 83744
227.087, 83744
227.088, 83744
227.089, 83744
227.091, 83744
227.092, 83744
227.093, 83744
227.095, 83744
227.096, 83744
227.097, 83744
227.099, 83744
227.11, 83744
227.112, 83744
227.113, 83744
227.114, 83960
227.115, 83960
227.117, 83960
227.118, 83960
227.119, 83960
227.12, 83960
227.121, 83960
227.122, 83960
227.123, 83960
227.125, 83960
227.126, 83960
227.127, 83960
227.128, 83960
227.129, 83960
227.13, 83960
227.131, 83744
227.133, 83744
227.134, 83744
227.135, 83744
227.136, 83744
227.137, 83744
227.138, 83744
227.14, 83744
227.141, 83744
227.142, 83744
227.143, 83744
227.144, 83744
227.145, 83744
227.146, 83744
227.148, 83744
227.149, 83744
227.15, 83744
227.151, 83744
227.152, 83744
227.153, 83744
227.154, 83744
227.156, 83744
227.157, 83744
227.158, 83744
227.159, 83744
227.16, 83744
227.161, 83744
227.163, 83744
227.164, 83744
227.165, 83744
227.166, 83744
227.167, 83744
227.168, 83744
227.169, 83744
227.171, 83744
227.172, 83744
227.173, 83744
227.174, 83744
227.175, 83744
227.176, 83744
227.178, 83744
227.179, 83744
227.18, 83744
227.181, 83744
227.182, 83744
227.183, 83528
227.184, 83528
227.186, 83528
227.187, 83528
227.188, 83528
227.189, 83528
227.19, 83528
227.191, 83744
227.192, 83744
227.194, 83744
227.195, 83744
227.196, 83744
227.197, 83744
227.198, 83744
227.199, 83744
227.201, 83528
227.202, 83528
227.203, 83528
227.204, 83528
227.205, 83528
227.206, 83528
227.207, 83528
227.209, 83528
227.21, 83528
227.211, 83528
227.212, 83528
227.213, 83528
227.217, 83744
227.218, 83744
227.226, 83960
227.23, 83960
227.232, 83960
227.233, 83960
227.234, 83960
227.236, 83960
227.237, 83960
227.238, 83960
227.239, 83960
227.241, 83960
227.242, 83960
227.243, 84392
227.244, 84392
227.245, 84392
227.246, 84392
227.248, 84392
227.249, 84392
227.25, 84392
227.253, 84176
227.254, 84176
227.255, 84176
227.257, 84176
227.258, 84176
227.259, 84176
227.26, 84176
227.261, 84176
227.262, 84176
227.264, 84176
227.265, 84176
227.266, 84176
227.267, 84176
227.271, 83960
227.275, 83960
227.277, 84176
227.278, 84176
227.28, 84176
227.281, 84176
227.282, 84176
227.284, 84176
227.285, 84176
227.286, 84392
227.287, 84392
227.288, 84392
227.289, 84392
227.291, 84392
227.292, 84392
227.293, 84392
227.294, 84392
227.295, 84392
227.297, 84392
227.298, 84392
227.299, 84392
227.3, 84392
227.301, 84392
227.302, 84392
227.304, 84392
227.305, 84392
227.306, 84392
227.307, 84392
227.308, 84392
227.309, 84392
227.311, 84392
227.312, 84392
227.313, 84392
227.314, 84392
227.315, 84392
227.316, 84392
227.318, 84392
227.322, 84176
227.323, 84176
227.327, 84176
227.328, 84176
227.33, 84176
227.331, 84176
227.332, 84176
227.333, 84176
227.335, 84176
227.336, 84392
227.337, 84392
227.338, 84392
227.339, 84392
227.341, 84392
227.342, 84392
227.343, 84392
227.344, 84392
227.345, 84176
227.346, 84176
227.348, 84176
227.349, 84176
227.35, 84176
227.351, 84176
227.352, 84176
227.353, 83960
227.354, 83960
227.356, 83960
227.357, 83960
227.358, 83960
227.359, 83960
227.36, 83960
227.361, 83960
227.362, 83960
227.364, 83960
227.365, 83960
227.366, 83960
227.367, 83960
227.368, 83960
227.369, 83960
227.371, 83744
227.372, 83744
227.373, 83744
227.374, 83744
227.375, 83744
227.376, 83744
227.377, 83744
227.379, 83744
227.38, 83744
227.381, 83744
227.382, 83744
227.383, 83744
227.384, 83744
227.385, 83744
227.387, 83744
227.388, 83744
227.389, 83744
227.39, 83744
227.391, 83744
227.392, 83744
227.393, 83744
227.395, 83744
227.396, 83744
227.397, 83744
227.398, 83744
227.399, 83744
227.4, 83744
227.401, 83744
227.403, 83744
227.404, 83744
227.405, 83744
227.406, 83744
227.407, 83744
227.408, 83744
227.41, 83744
227.411, 83744
227.412, 83744
227.413, 83960
227.414, 83960
227.415, 83960
227.416, 83960
227.418, 83960
227.419, 83960
227.42, 83960
227.421, 83960
227.422, 84176
227.423, 84176
227.424, 84176
227.426, 84176
227.427, 84176
227.428, 84176
227.429, 84176
227.43, 83960
227.431, 83960
227.432, 83960
227.434, 83960
227.435, 83960
227.436, 83960
227.437, 83960
227.438, 83960
227.439, 83960
227.44, 83960
227.442, 83960
227.443, 83960
227.444, 83960
227.445, 83960
227.446, 83960
227.45, 83960
227.454, 83960
227.455, 84176
227.457, 84176
227.458, 84176
227.459, 84176
227.461, 84176
227.462, 84176
227.463, 84176
227.464, 84176
227.466, 84176
227.467, 84176
227.468, 84176
227.469, 84176
227.47, 84176
227.472, 84176
227.473, 84176
227.474, 84176
227.475, 84176
227.476, 84176
227.477, 84176
227.479, 84176
227.48, 84176
227.481, 84176
227.482, 83960
227.483, 83960
227.484, 83960
227.486, 83960
227.487, 83960
227.488, 83960
227.491, 83960
227.493, 83960
227.494, 83960
227.495, 83960
227.497, 83960
227.498, 83960
227.499, 84176
227.501, 84176
227.502, 84176
227.504, 84176
227.506, 84176
227.507, 84176
227.509, 84176
227.51, 84176
227.511, 84176
227.514, 84176
227.516, 84176
227.518, 84176
227.519, 84176
227.521, 84176
227.522, 84176
227.524, 84176
227.525, 84392
227.527, 84392
227.528, 84392
227.529, 84392
227.53, 84392
227.532, 84392
227.533, 84392
227.534, 84392
227.544, 84608
227.546, 84608
227.548, 84608
227.55, 84608
227.551, 84608
227.552, 84608
227.553, 84608
227.555, 84608
227.556, 84608
227.558, 84608
227.559, 84608
227.56, 84608
227.562, 84608
227.563, 84608
227.564, 84608
227.565, 84608
227.567, 84608
227.568, 84608
227.569, 84608
227.57, 84608
227.572, 84608
227.573, 84608
227.574, 84608
227.575, 84608
227.577, 84608
227.578, 84608
227.579, 84608
227.581, 84608
227.582, 84608
227.583, 84608
227.584, 84608
227.585, 84608
227.587, 84608
227.588, 84608
227.589, 84608
227.59, 84608
227.591, 84608
227.593, 84608
227.594, 84608
227.595, 84608
227.597, 84608
227.598, 84608
227.599, 84608
227.601, 84392
227.602, 84392
227.603, 84392
227.604, 84392
227.605, 84392
227.607, 84392
227.608, 84392
227.609, 84392
227.61, 84392
227.611, 84392
227.613, 84392
227.614, 84392
227.615, 84392
227.616, 84392
227.617, 84392
227.619, 84176
227.62, 84176
227.621, 84176
227.622, 84176
227.623, 84176
227.624, 84176
227.626, 84176
227.627, 84176
227.628, 84176
227.629, 84176
227.63, 84176
227.632, 84176
227.633, 84176
227.634, 84176
227.635, 83960
227.636, 83960
227.638, 83960
227.639, 83960
227.64, 83960
227.641, 83960
227.642, 83960
227.644, 83960
227.645, 83960
227.646, 83960
227.647, 83960
227.648, 83960
227.65, 83960
227.651, 83960
227.652, 83960
227.653, 83960
227.654, 83960
227.656, 83960
227.657, 83960
227.658, 83960
227.659, 83960
227.66, 84176
227.662, 84176
227.663, 84176
227.664, 84176
227.665, 84176
227.666, 84176
227.668, 84176
227.669, 84176
227.67, 84176
227.671, 84176
227.672, 84176
227.692, 84392
227.694, 84392
227.695, 84392
227.696, 84392
227.698, 84392
227.699, 84392
227.701, 84392
227.702, 84392
227.703, 84608
227.704, 84608
227.705, 84608
227.707, 84608
227.708, 84608
227.709, 84608
227.71, 84608
227.711, 84608
227.713, 84608
227.714, 84608
227.716, 84608
227.717, 84608
227.718, 84608
227.719, 84608
227.721, 84608
227.722, 84608
227.723, 84608
227.724, 84608
227.726, 84608
227.727, 84608
227.728, 84608
227.729, 84608
227.731, 84608
227.732, 84608
227.733, 84608
227.734, 84608
227.736, 84608
227.737, 84608
227.739, 84608
227.74, 84608
227.741, 84608
227.742, 84608
227.744, 84608
227.745, 84608
227.746, 84608
227.747, 84608
227.748, 84608
227.75, 84608
227.751, 84608
227.752, 84608
227.753, 84608
227.754, 84824
227.756, 84824
227.757, 84824
227.758, 84824
227.759, 84824
227.761, 84824
227.762, 84824
227.763, 84824
227.764, 84824
227.765, 84824
227.767, 84824
227.768, 84824
227.769, 84824
227.77, 84824
227.771, 84824
227.772, 84824
227.774, 84824
227.775, 84824
227.776, 84824
227.778, 84824
227.779, 84824
227.78, 84608
227.782, 84608
227.783, 84608
227.785, 84608
227.786, 84608
227.787, 84608
227.789, 84824
227.79, 84824
227.791, 84824
227.793, 84824
227.794, 84824
227.795, 84824
227.797, 84824
227.798, 84824
227.799, 84824
227.8, 84824
227.801, 84824
227.802, 84824
227.804, 84824
227.805, 84392
227.807, 84392
227.808, 84392
227.809, 84392
227.811, 84392
227.812, 84392
227.813, 84392
227.814, 84392
227.816, 84392
227.817, 84392
227.818, 84392
227.82, 84392
227.821, 84392
227.822, 84392
227.823, 84392
227.825, 84392
227.826, 84392
227.827, 84392
227.829, 84392
227.83, 84392
227.831, 84392
227.832, 84392
227.834, 84392
227.835, 84392
227.836, 84392
227.837, 84392
227.839, 84392
227.84, 84392
227.841, 84392
227.842, 84392
227.844, 84392
227.845, 84392
227.846, 84392
227.847, 84392
227.849, 84392
227.85, 84392
227.851, 84392
227.853, 84392
227.854, 84392
227.855, 84392
227.857, 84392
227.858, 84392
227.86, 84392
227.861, 84392
227.862, 84392
227.863, 84392
227.865, 84392
227.866, 84392
227.867, 84392
227.869, 84392
227.87, 84392
227.871, 84392
227.872, 84392
227.873, 84392
227.875, 84392
227.876, 84392
227.877, 84392
227.879, 84392
227.88, 84392
227.881, 84392
227.883, 84392
227.884, 84392
227.885, 84392
227.887, 84392
227.888, 84392
227.889, 84392
227.89, 84392
227.892, 84176
227.893, 84176
227.894, 84176
227.895, 84176
227.896, 84176
227.897, 84176
227.898, 84176
227.899, 84176
227.901, 84176
227.902, 84176
227.903, 84176
227.904, 84176
227.905, 84176
227.906, 84176
227.907, 84176
227.909, 83960
227.91, 83960
227.911, 83960
227.912, 83960
227.913, 83960
227.914, 83960
227.915, 83960
227.917, 83744
227.918, 83744
227.919, 83744
227.92, 83744
227.921, 83744
227.922, 83744
227.923, 83744
227.925, 83744
227.926, 83744
227.927, 83744
227.928, 83744
227.929, 83744
227.93, 83744
227.931, 83744
227.933, 83744
227.934, 83744
227.935, 83744
227.936, 83744
227.937, 83744
227.938, 83744
227.939, 83744
227.941, 83744
227.942, 83744
227.943, 83744
227.944, 83744
227.945, 83744
227.946, 83744
227.947, 83744
227.949, 83744
227.95, 83744
227.951, 83528
227.952, 83528
227.953, 83528
227.954, 83528
227.956, 83528
227.957, 83528
227.958, 83528
227.959, 83744
227.96, 83744
227.961, 83744
227.962, 83744
227.964, 83744
227.965, 83744
227.966, 83744
227.967, 83744
227.968, 83744
227.969, 83744
227.97, 83744
227.972, 83744
227.973, 83744
227.974, 83744
227.975, 83744
227.976, 83744
227.977, 83744
227.978, 83744
227.98, 83744
227.981, 83744
227.982, 83744
227.983, 83744
227.984, 83744
227.985, 83744
227.986, 83744
227.988, 83744
227.989, 83744
227.99, 83744
227.991, 83744
227.992, 83744
227.993, 83744
227.994, 83744
227.996, 83744
227.997, 83744
227.998, 83744
227.999, 83744
228, 83744
228.001, 83744
228.002, 83960
228.004, 83960
228.005, 83960
228.006, 83960
228.007, 83960
228.008, 83960
228.009, 83960
228.011, 83744
228.012, 83744
228.013, 83744
228.014, 83744
228.015, 83744
228.016, 83744
228.017, 83744
228.019, 83744
228.02, 83744
228.021, 83744
228.022, 83744
228.023, 83744
228.024, 83744
228.025, 83744
228.027, 83744
228.028, 83744
228.029, 83744
228.03, 83744
228.031, 83744
228.032, 83744
228.033, 83744
228.035, 83744
228.036, 83744
228.037, 83744
228.038, 83744
228.039, 83744
228.04, 83744
228.041, 83744
228.043, 83744
228.044, 83744
228.045, 83744
228.046, 83744
228.047, 83744
228.048, 83744
228.049, 83744
228.051, 83744
228.052, 83744
228.053, 83528
228.054, 83528
228.055, 83528
228.056, 83528
228.057, 83528
228.059, 83528
228.06, 83528
228.061, 83528
228.062, 83528
228.063, 83528
228.064, 83528
228.065, 83528
228.067, 83528
228.068, 83528
228.069, 83528
228.07, 83744
228.071, 83744
228.072, 83744
228.073, 83744
228.075, 83744
228.076, 83744
228.077, 83744
228.078, 83744
228.079, 83528
228.08, 83528
228.081, 83528
228.083, 83528
228.084, 83528
228.085, 83528
228.086, 83528
228.087, 83744
228.088, 83744
228.089, 83744
228.091, 83744
228.092, 83744
228.093, 83744
228.094, 83744
228.095, 83744
228.096, 83528
228.098, 83528
228.099, 83528
228.1, 83528
228.102, 83528
228.103, 83528
228.104, 83528
228.105, 83528
228.107, 83528
228.108, 83528
228.112, 83528
228.114, 83528
228.115, 83528
228.117, 83528
228.118, 83528
228.119, 83528
228.122, 83528
228.123, 83528
228.124, 83528
228.126, 83528
228.127, 83528
228.128, 83528
228.129, 83528
228.13, 83528
228.131, 83528
228.133, 83528
228.134, 83528
228.135, 83528
228.136, 83528
228.137, 83528
228.138, 83312
228.139, 83312
228.141, 83312
228.142, 83312
228.143, 83312
228.144, 83312
228.145, 83312
228.146, 83312
228.147, 83312
228.149, 83312
228.15, 83312
228.151, 83312
228.152, 83312
228.153, 83312
228.154, 83312
228.155, 83312
228.157, 83312
228.158, 83312
228.159, 83312
228.16, 83312
228.161, 83312
228.162, 83312
228.163, 83312
228.165, 83312
228.166, 83312
228.167, 83312
228.168, 83312
228.169, 83312
228.17, 83312
228.171, 83312
228.173, 83312
228.174, 83312
228.175, 83312
228.176, 83312
228.177, 83312
228.178, 83312
228.179, 83312
228.181, 83312
228.182, 83528
228.183, 83528
228.184, 83528
228.185, 83528
228.186, 83528
228.187, 83528
228.189, 83528
228.19, 83528
228.191, 83528
228.192, 83528
228.193, 83528
228.194, 83528
228.196, 83528
228.197, 83528
228.198, 83528
228.199, 83528
228.226, 84392
228.227, 84392
228.229, 84392
228.23, 84392
228.231, 84392
228.232, 84608
228.234, 84608
228.235, 84608
228.236, 84608
228.237, 84608
228.238, 84608
228.24, 84608
228.241, 84608
228.242, 84608
228.243, 84608
228.245, 84608
228.246, 84608
228.247, 84608
228.249, 84608
228.25, 84824
228.252, 84824
228.253, 84824
228.255, 84824
228.256, 84824
228.257, 84824
228.259, 84824
228.26, 84824
228.261, 84824
228.263, 84824
228.264, 84824
228.265, 84824
228.266, 84824
228.268, 84824
228.269, 84824
228.27, 84824
228.271, 84824
228.272, 84824
228.274, 84824
228.275, 84608
228.277, 84608
228.278, 84608
228.279, 84608
228.28, 84608
228.282, 84608
228.283, 84608
228.284, 84824
228.285, 84824
228.287, 84824
228.288, 84824
228.289, 84824
228.29, 84824
228.292, 84608
228.293, 84608
228.294, 84608
228.295, 84608
228.297, 84608
228.298, 84608
228.299, 84608
228.301, 84608
228.302, 84608
228.303, 84608
228.304, 84608
228.306, 84608
228.307, 84608
228.308, 84608
228.309, 84608
228.31, 84608
228.312, 84608
228.313, 84608
228.314, 84608
228.315, 84608
228.317, 84608
228.318, 84608
228.319, 84608
228.321, 84608
228.322, 84608
228.323, 84608
228.325, 84608
228.326, 84392
228.327, 84392
228.329, 84392
228.33, 84392
228.331, 84392
228.332, 84392
228.334, 84392
228.335, 84392
228.336, 84392
228.337, 84392
228.339, 84392
228.34, 84392
228.341, 84392
228.343, 84392
228.344, 84392
228.345, 84392
228.347, 84392
228.348, 84392
228.349, 84392
228.35, 84392
228.352, 84392
228.353, 84392
228.355, 84392
228.356, 84392
228.357, 84392
228.358, 84392
228.359, 84392
228.36, 84392
228.362, 84392
228.363, 84392
228.364, 84392
228.365, 84392
228.366, 84392
228.367, 84392
228.368, 84392
228.37, 83960
228.371, 83960
228.372, 83960
228.373, 83960
228.374, 83960
228.375, 83960
228.376, 83960
228.378, 83960
228.379, 83960
228.38, 83960
228.381, 83960
228.382, 83960
228.383, 83960
228.384, 83960
228.386, 83960
228.387, 83744
228.388, 83744
228.389, 83744
228.39, 83744
228.391, 83744
228.393, 83744
228.394, 83744
228.395, 83744
228.396, 83744
228.397, 83744
228.398, 83744
228.4, 83744
228.401, 83744
228.402, 83744
228.403, 83960
228.404, 83960
228.405, 83960
228.406, 83960
228.408, 83960
228.409, 83960
228.41, 83960
228.411, 83960
228.412, 83960
228.413, 83960
228.415, 83960
228.416, 83960
228.417, 83960
228.418, 83960
228.419, 83960
228.42, 83744
228.421, 83744
228.423, 83744
228.424, 83744
228.425, 83744
228.426, 83744
228.427, 83744
228.428, 83528
228.429, 83528
228.431, 83528
228.432, 83528
228.433, 83528
228.434, 83528
228.435, 83528
228.436, 83528
228.437, 83528
228.439, 83528
228.44, 83528
228.441, 83528
228.442, 83528
228.443, 83528
228.444, 83528
228.445, 83528
228.447, 83528
228.448, 83528
228.449, 83528
228.45, 83528
228.451, 83528
228.452, 83528
228.453, 83528
228.455, 83528
228.456, 83528
228.457, 83528
228.458, 83528
228.459, 83528
228.46, 83528
228.461, 83528
228.463, 83528
228.464, 83528
228.465, 83528
228.466, 83528
228.467, 83528
228.468, 83528
228.469, 83528
228.471, 83528
228.472, 83528
228.473, 83528
228.474, 83528
228.475, 83528
228.476, 83528
228.477, 83528
228.479, 83528
228.48, 83528
228.481, 83528
228.482, 83528
228.483, 83528
228.484, 83528
228.485, 83528
228.487, 83528
228.488, 83528
228.489, 83528
228.49, 83528
228.491, 83528
228.492, 83528
228.493, 83528
228.495, 83528
228.496, 83528
228.497, 83528
228.498, 83528
228.499, 83528
228.5, 83528
228.501, 83528
228.503, 83528
228.504, 83528
228.505, 83528
228.506, 83528
228.507, 83528
228.508, 83528
228.509, 83528
228.511, 83528
228.512, 83528
228.513, 83528
228.514, 83528
228.515, 83528
228.516, 83528
228.517, 83528
228.519, 83528
228.52, 83528
228.521, 83528
228.522, 83528
228.523, 83528
228.524, 83528
228.525, 83528
228.527, 83528
228.528, 83528
228.529, 83528
228.53, 83528
228.531, 83528
228.532, 83528
228.533, 83528
228.535, 83528
228.536, 83528
228.537, 83528
228.538, 83528
228.539, 83528
228.54, 83528
228.541, 83528
228.543, 83528
228.544, 83528
228.545, 83528
228.546, 83528
228.547, 83528
228.548, 83528
228.549, 83528
228.551, 83528
228.552, 83528
228.553, 83528
228.554, 83528
228.555, 83528
228.556, 83528
228.557, 83528
228.559, 83528
228.56, 83528
228.561, 83528
228.562, 83528
228.563, 83528
228.564, 83528
228.565, 83312
228.567, 83312
228.568, 83312
228.569, 83312
228.57, 83312
228.571, 83312
228.572, 83312
228.573, 83312
228.575, 83312
228.576, 83312
228.577, 83312
228.578, 83312
228.579, 83312
228.58, 83312
228.581, 83312
228.583, 83312
228.584, 83312
228.585, 83312
228.586, 83312
228.587, 83312
228.588, 83312
228.589, 83312
228.591, 83528
228.592, 83528
228.593, 83528
228.594, 83528
228.595, 83528
228.596, 83528
228.597, 83528
228.599, 83528
228.6, 83528
228.601, 83528
228.602, 83528
228.603, 83528
228.604, 83528
228.605, 83528
228.607, 83528
228.608, 83312
228.609, 83312
228.61, 83312
228.611, 83312
228.612, 83312
228.614, 83312
228.615, 83312
228.616, 83312
228.617, 83528
228.618, 83528
228.62, 83528
228.621, 83528
228.622, 83528
228.623, 83528
228.624, 83312
228.626, 83312
228.627, 83312
228.628, 83312
228.629, 83312
228.63, 83312
228.631, 83312
228.633, 83312
228.634, 83312
228.635, 83312
228.636, 83312
228.637, 83312
228.638, 83312
228.639, 83312
228.641, 83312
228.642, 83312
228.643, 83312
228.644, 83312
228.645, 83312
228.646, 83312
228.647, 83312
228.649, 83312
228.65, 83312
228.651, 83312
228.652, 83312
228.653, 83312
228.655, 83312
228.656, 83312
228.657, 83312
228.658, 83312
228.66, 83096
228.661, 83096
228.662, 83096
228.663, 83096
228.664, 83096
228.665, 83096
228.667, 83096
228.668, 83096
228.669, 83096
228.67, 83096
228.671, 83096
228.673, 83096
228.674, 83096
228.675, 83096
228.676, 83096
228.677, 83096
228.679, 83096
228.68, 83096
228.681, 83096
228.682, 83096
228.683, 83096
228.685, 83096
228.686, 83096
228.687, 83096
228.688, 83096
228.689, 83096
228.69, 83096
228.692, 83096
228.693, 83096
228.694, 83096
228.695, 83096
228.696, 83096
228.697, 83096
228.698, 83096
228.7, 83096
228.701, 83096
228.702, 82880
228.703, 82880
228.704, 82880
228.706, 82880
228.707, 82880
228.708, 82880
228.709, 82880
228.71, 82880
228.712, 82880
228.713, 82880
228.714, 82880
228.715, 82880
228.716, 82880
228.717, 82880
228.718, 82880
228.72, 82880
228.721, 82880
228.722, 82880
228.723, 82880
228.724, 82880
228.725, 82880
228.726, 82880
228.728, 82880
228.729, 82880
228.73, 82880
228.731, 82880
228.732, 82880
228.733, 82880
228.734, 82880
228.736, 82880
228.737, 82880
228.738, 82880
228.739, 82880
228.74, 82880
228.741, 82880
228.742, 82880
228.743, 82880
228.745, 82880
228.746, 82880
228.747, 82880
228.748, 82880
228.749, 82880
228.75, 82880
228.751, 82880
228.753, 82880
228.754, 82880
228.755, 82880
228.756, 82880
228.757, 82880
228.759, 82880
228.762, 83096
228.766, 83096
228.768, 83096
228.769, 83096
228.77, 83528
228.772, 83528
228.773, 83528
228.774, 83528
228.775, 83528
228.776, 83528
228.778, 83528
228.779, 83744
228.78, 83744
228.781, 83744
228.783, 83744
228.784, 83744
228.785, 83744
228.786, 83744
228.788, 83744
228.789, 83744
228.79, 83744
228.791, 83744
228.793, 83744
228.794, 83744
228.795, 83744
228.796, 83744
228.797, 83744
228.799, 83744
228.8, 83744
228.801, 83744
228.802, 83744
228.804, 83744
228.805, 83960
228.806, 83960
228.807, 83960
228.809, 83960
228.81, 83960
228.811, 83960
228.812, 84176
228.814, 84176
228.815, 84176
228.816, 84176
228.817, 84176
228.819, 84176
228.82, 84176
228.821, 84176
228.822, 84176
228.824, 84176
228.825, 84176
228.826, 84176
228.827, 84176
228.828, 84176
228.83, 84176
228.831, 84176
228.832, 84176
228.833, 84176
228.835, 84176
228.836, 84176
228.837, 84176
228.838, 84176
228.839, 84176
228.84, 84176
228.842, 84176
228.843, 84176
228.844, 84176
228.845, 84176
228.846, 84176
228.847, 84176
228.849, 84176
228.85, 84176
228.851, 84176
228.853, 84176
228.854, 84176
228.855, 84392
228.856, 84392
228.858, 84392
228.859, 84392
228.86, 84392
228.861, 84392
228.862, 84392
228.864, 84608
228.865, 84608
228.866, 84608
228.867, 84608
228.868, 84608
228.869, 84608
228.871, 84608
228.872, 84608
228.873, 84824
228.874, 84824
228.875, 84824
228.876, 84824
228.878, 84824
228.879, 84824
228.88, 84824
228.881, 84824
228.882, 84824
228.884, 84824
228.885, 84824
228.886, 84824
228.887, 84824
228.888, 84824
228.89, 85040
228.891, 85040
228.892, 85040
228.893, 85040
228.895, 85040
228.896, 85040
228.897, 85040
228.898, 85040
228.899, 85040
228.9, 85040
228.902, 85040
228.903, 85040
228.904, 85040
228.905, 85040
228.906, 85040
228.908, 85040
228.909, 85040
228.91, 85040
228.911, 85040
228.912, 85040
228.914, 85040
228.915, 84824
228.916, 84824
228.917, 84824
228.918, 84824
228.92, 84824
228.921, 84824
228.922, 84824
228.923, 84608
228.924, 84608
228.926, 84608
228.927, 84608
228.929, 84608
228.93, 84608
228.932, 84608
228.933, 84608
228.934, 84608
228.936, 84608
228.937, 84608
228.938, 84608
228.939, 84608
228.94, 84608
228.941, 84608
228.943, 84608
228.944, 84608
228.945, 84608
228.946, 84608
228.948, 84608
228.949, 84608
228.95, 84608
228.951, 84608
228.952, 84608
228.954, 84608
228.955, 84608
228.956, 84608
228.957, 84608
228.958, 84392
228.96, 84392
228.961, 84392
228.962, 84392
228.963, 84392
228.964, 84392
228.966, 84392
228.967, 84392
228.969, 84392
228.97, 84392
228.971, 84392
228.972, 84392
228.974, 84392
228.975, 84392
228.976, 84392
228.977, 84392
228.978, 84392
228.98, 84392
228.981, 84392
228.982, 84392
228.983, 84392
228.984, 84392
228.986, 84392
228.987, 84392
228.988, 84392
228.989, 84392
228.99, 84392
228.992, 84392
228.993, 84392
228.994, 84392
228.995, 84392
228.996, 84392
228.998, 84392
228.999, 84392
229, 84392
229.002, 84392
229.003, 84392
229.004, 84392
229.006, 84392
229.007, 84392
229.008, 84392
229.009, 84608
229.01, 84608
229.012, 84608
229.013, 84608
229.014, 84608
229.015, 84608
229.017, 84608
229.018, 84392
229.019, 84392
229.02, 84392
229.021, 84392
229.022, 84392
229.023, 84392
229.025, 84392
229.026, 84392
229.027, 84392
229.028, 84392
229.029, 84392
229.03, 84392
229.032, 84392
229.033, 84392
229.034, 84392
229.036, 84392
229.037, 84392
229.038, 84392
229.039, 84392
229.04, 84392
229.042, 84392
229.043, 84392
229.044, 84392
229.045, 84392
229.046, 84392
229.048, 84392
229.049, 84392
229.05, 84392
229.051, 84392
229.053, 84392
229.054, 84392
229.055, 84392
229.056, 84392
229.057, 84392
229.058, 84392
229.06, 84392
229.061, 84392
229.062, 84392
229.063, 84392
229.065, 84392
229.066, 84392
229.067, 84392
229.069, 84392
229.07, 84392
229.071, 84392
229.072, 84392
229.073, 84392
229.074, 84392
229.076, 84392
229.077, 84392
229.078, 84392
229.079, 84392
229.081, 84392
229.082, 84392
229.084, 84392
229.085, 84392
229.086, 84392
229.087, 84392
229.089, 84392
229.09, 84392
229.091, 84392
229.092, 84392
229.094, 84392
229.095, 84176
229.096, 84176
229.097, 84176
229.098, 84176
229.1, 84176
229.101, 84176
229.102, 84176
229.103, 84392
229.104, 84392
229.106, 84392
229.107, 84392
229.108, 84392
229.109, 84392
229.11, 84392
229.112, 84392
229.113, 84392
229.114, 84392
229.115, 84392
229.116, 84392
229.118, 84392
229.119, 84392
229.12, 84392
229.121, 84392
229.123, 84392
229.124, 84392
229.126, 84392
229.127, 84392
229.129, 84176
229.13, 84176
229.131, 84176
229.133, 84176
229.134, 84176
229.135, 84176
229.136, 84176
229.138, 84176
229.139, 84176
229.14, 84176
229.141, 84176
229.142, 84176
229.143, 84176
229.145, 84176
229.146, 84176
229.147, 84176
229.148, 84176
229.149, 84176
229.15, 84176
229.152, 84176
229.153, 84176
229.154, 84176
229.155, 84176
229.157, 84176
229.158, 84176
229.16, 84176
229.161, 84176
229.162, 84176
229.163, 84176
229.164, 84176
229.166, 84176
229.167, 84176
229.168, 84176
229.169, 84176
229.171, 84176
229.172, 84176
229.173, 84176
229.175, 84176
229.177, 84176
229.178, 84176
229.179, 84176
229.181, 84176
229.182, 84176
229.183, 84176
229.185, 84176
229.186, 84176
229.187, 84176
229.188, 84176
229.19, 84176
229.192, 84176
229.193, 84176
229.195, 84176
229.196, 84176
229.197, 84176
229.199, 84176
229.2, 84176
229.202, 84176
229.204, 84176
229.205, 84176
229.206, 84176
229.208, 84176
229.209, 84176
229.21, 84176
229.212, 84176
229.213, 84176
229.214, 84176
229.215, 84176
229.216, 84176
229.218, 84176
229.219, 84176
229.22, 84176
229.221, 84176
229.223, 84176
229.224, 84176
229.225, 84176
229.226, 84176
229.228, 84176
229.229, 84176
229.231, 84176
229.232, 84176
229.234, 84176
229.235, 84176
229.236, 84176
229.237, 84176
229.239, 84176
229.24, 84176
229.241, 84176
229.242, 84176
229.244, 84176
229.245, 84176
229.246, 84176
229.247, 83960
229.249, 83960
229.25, 83960
229.251, 83960
229.252, 83960
229.253, 83960
229.254, 83960
229.256, 83960
229.257, 84176
229.258, 84176
229.26, 84176
229.261, 84176
229.263, 84176
229.264, 84176
229.265, 84176
229.267, 84176
229.268, 84176
229.269, 84176
229.27, 84176
229.271, 84176
229.272, 84176
229.274, 83960
229.275, 83960
229.276, 83960
229.277, 83960
229.278, 83960
229.28, 83960
229.281, 83960
229.282, 83960
229.283, 83960
229.284, 83960
229.285, 83960
229.287, 83960
229.288, 83960
229.289, 83960
229.29, 83960
229.292, 83960
229.293, 83960
229.294, 83960
229.295, 83960
229.296, 83960
229.297, 83960
229.299, 83960
229.3, 83960
229.301, 83960
229.302, 83960
229.303, 83960
229.305, 83960
229.306, 83960
229.307, 83960
229.308, 83960
229.309, 83960
229.31, 83960
229.312, 83960
229.313, 83960
229.315, 83960
229.316, 83312
229.317, 83312
229.319, 83312
229.32, 83312
229.321, 83312
229.323, 83312
229.324, 83312
229.325, 83744
229.326, 83744
229.328, 83744
229.329, 83744
229.33, 83744
229.331, 83744
229.332, 83744
229.334, 83744
229.335, 83744
229.336, 83744
229.337, 83744
229.338, 83744
229.339, 83744
229.34, 83744
229.342, 83312
229.343, 83312
229.344, 83312
229.346, 83312
229.347, 83312
229.349, 83312
229.35, 83528
229.351, 83528
229.353, 83528
229.354, 83528
229.355, 83528
229.356, 83528
229.357, 83528
229.359, 83528
229.36, 83528
229.361, 83528
229.362, 83528
229.363, 83528
229.364, 83528
229.365, 83528
229.367, 83528
229.368, 83096
229.369, 83096
229.37, 83096
229.371, 83096
229.372, 83096
229.373, 83096
229.375, 83096
229.376, 83096
229.377, 83096
229.378, 83096
229.379, 83096
229.381, 83096
229.382, 83096
229.383, 83096
229.385, 83096
229.386, 83096
229.387, 83096
229.388, 83096
229.389, 83096
229.391, 83096
229.392, 83096
229.393, 83312
229.394, 83312
229.395, 83312
229.396, 83312
229.398, 83312
229.399, 83312
229.4, 83312
229.402, 83312
229.403, 83312
229.405, 83312
229.406, 83312
229.407, 83312
229.409, 83312
229.41, 83960
229.411, 83960
229.412, 83960
229.413, 83960
229.415, 83960
229.416, 83960
229.417, 83960
229.418, 83960
229.419, 84176
229.42, 84176
229.421, 84176
229.423, 84176
229.424, 84176
229.425, 84176
229.426, 84176
229.427, 84392
229.429, 84392
229.43, 84392
229.431, 84392
229.433, 84392
229.434, 84392
229.435, 84392
229.436, 84392
229.437, 84392
229.438, 84392
229.439, 84392
229.441, 84392
229.442, 84392
229.443, 84392
229.444, 84608
229.446, 84608
229.447, 84608
229.448, 84608
229.45, 84608
229.452, 84608
229.454, 84392
229.456, 84392
229.457, 84392
229.459, 84392
229.46, 84392
229.461, 84176
229.462, 84176
229.464, 84176
229.465, 84176
229.466, 84176
229.467, 84176
229.469, 84176
229.47, 84176
229.471, 84176
229.472, 84176
229.473, 84176
229.474, 84176
229.475, 84176
229.477, 84176
229.478, 84176
229.479, 83960
229.48, 83960
229.482, 83960
229.483, 83960
229.485, 83960
229.486, 83960
229.487, 84176
229.489, 84176
229.49, 84176
229.491, 84176
229.493, 84176
229.494, 84176
229.495, 84176
229.496, 84392
229.497, 84392
229.498, 84392
229.499, 84392
229.501, 84392
229.502, 84392
229.503, 84392
229.504, 84608
229.505, 84608
229.506, 84608
229.507, 84608
229.509, 84608
229.51, 84608
229.511, 84608
229.512, 84608
229.514, 84608
229.515, 84608
229.516, 84608
229.518, 84608
229.519, 84608
229.52, 84608
229.521, 84824
229.523, 84824
229.524, 84824
229.525, 84824
229.527, 84824
229.529, 84824
229.53, 84824
229.531, 84824
229.533, 84824
229.534, 84824
229.535, 84824
229.537, 84824
229.538, 84824
229.539, 84824
229.541, 84824
229.542, 84824
229.543, 84824
229.545, 84824
229.546, 84608
229.547, 84608
229.549, 84608
229.55, 84608
229.551, 84608
229.553, 84608
229.554, 84608
229.555, 84824
229.556, 84824
229.557, 84824
229.558, 84824
229.56, 84824
229.561, 84824
229.562, 84824
229.563, 84608
229.564, 84608
229.566, 84608
229.567, 84608
229.568, 84608
229.569, 84608
229.57, 84608
229.571, 84608
229.573, 84824
229.574, 84824
229.576, 84824
229.577, 84824
229.578, 84824
229.58, 84824
229.581, 84824
229.582, 84824
229.584, 84824
229.585, 84824
229.586, 84824
229.587, 84824
229.588, 84824
229.589, 84824
229.591, 84824
229.592, 84824
229.593, 84824
229.594, 84824
229.596, 84824
229.597, 84824
229.598, 84824
229.6, 84824
229.601, 84824
229.602, 84824
229.603, 84824
229.604, 84824
229.606, 84824
229.607, 85040
229.608, 85040
229.609, 85040
229.611, 85040
229.612, 85040
229.613, 85040
229.614, 85040
229.616, 85040
229.617, 85040
229.618, 85040
229.619, 85040
229.621, 85040
229.622, 85040
229.623, 85040
229.625, 85040
229.626, 85040
229.627, 85040
229.629, 85040
229.63, 85040
229.631, 85040
229.633, 85040
229.634, 85040
229.635, 85040
229.636, 85040
229.638, 85040
229.639, 85040
229.64, 85040
229.641, 85040
229.643, 85040
229.644, 85040
229.645, 85040
229.646, 85040
229.647, 85040
229.649, 85040
229.65, 85040
229.651, 85040
229.652, 85040
229.653, 85040
229.655, 85040
229.656, 85040
229.657, 85040
229.658, 85040
229.659, 85040
229.66, 85040
229.662, 85040
229.663, 85040
229.665, 85040
229.666, 84824
229.667, 84824
229.668, 84824
229.669, 84824
229.671, 84824
229.672, 84824
229.673, 84824
229.674, 84824
229.675, 84824
229.677, 84824
229.678, 84824
229.679, 84824
229.68, 84824
229.682, 84824
229.683, 84824
229.684, 84824
229.685, 84824
229.686, 84824
229.687, 84824
229.688, 84824
229.69, 84824
229.691, 84824
229.692, 84608
229.693, 84608
229.695, 84608
229.696, 84608
229.697, 84608
229.698, 84608
229.699, 84608
229.701, 84608
229.702, 84608
229.703, 84608
229.704, 84608
229.705, 84608
229.707, 84608
229.708, 84608
229.709, 84608
229.71, 84608
229.712, 84608
229.713, 84608
229.714, 84608
229.715, 84608
229.716, 84608
229.717, 84608
229.719, 84608
229.72, 84608
229.721, 84608
229.722, 84608
229.724, 84608
229.725, 84608
229.726, 84392
229.727, 84392
229.728, 84392
229.73, 84392
229.731, 84392
229.732, 84392
229.733, 84392
229.734, 84392
229.736, 84392
229.737, 84392
229.738, 84392
229.739, 84392
229.74, 84392
229.742, 84392
229.743, 84392
229.744, 84392
229.745, 84392
229.747, 84392
229.748, 84392
229.749, 84392
229.751, 84392
229.752, 84392
229.754, 84392
229.755, 84392
229.757, 84392
229.758, 84392
229.76, 84392
229.761, 84392
229.762, 84392
229.763, 84392
229.764, 84392
229.765, 84392
229.767, 84392
229.768, 84392
229.769, 84392
229.77, 84392
229.771, 84392
229.773, 84392
229.774, 84392
229.775, 84392
229.776, 84392
229.777, 84392
229.778, 84392
229.78, 84392
229.781, 84392
229.782, 84392
229.783, 84392
229.785, 84392
229.786, 84392
229.788, 84392
229.789, 84392
229.79, 84392
229.791, 84392
229.793, 84392
229.794, 84176
229.795, 84176
229.796, 84176
229.797, 84176
229.799, 84176
229.8, 84176
229.802, 84176
229.803, 84176
229.805, 84176
229.806, 84176
229.807, 84176
229.809, 84176
229.81, 84176
229.811, 84176
229.812, 84176
229.813, 84176
229.814, 84176
229.816, 84176
229.817, 84176
229.818, 84176
229.819, 84176
229.821, 84176
229.822, 84176
229.823, 84176
229.824, 84176
229.825, 84176
229.826, 84176
229.828, 84176
229.829, 84176
229.831, 84176
229.832, 84176
229.834, 84176
229.835, 84176
229.836, 84176
229.837, 84176
229.839, 84176
229.84, 84176
229.841, 84176
229.842, 84176
229.843, 84176
229.844, 84176
229.846, 84176
229.847, 84176
229.848, 84176
229.85, 84176
229.851, 84176
229.852, 84176
229.854, 84176
229.855, 84176
229.856, 84176
229.858, 84176
229.859, 84176
229.861, 84176
229.862, 84176
229.863, 84176
229.865, 84176
229.866, 84176
229.867, 84176
229.869, 84176
229.87, 84176
229.871, 84176
229.872, 84176
229.874, 84176
229.875, 84176
229.876, 84176
229.877, 84176
229.879, 84176
229.88, 84176
229.881, 84176
229.882, 84176
229.883, 84176
229.885, 84176
229.886, 84176
229.887, 84176
229.889, 84176
229.89, 84176
229.891, 84176
229.893, 84176
229.894, 84176
229.895, 84176
229.897, 83960
229.898, 83960
229.899, 83960
229.9, 83960
229.902, 83960
229.903, 83960
229.904, 83960
229.905, 84176
229.906, 84176
229.908, 84176
229.909, 84176
229.91, 84176
229.911, 84176
229.913, 84176
229.914, 83960
229.915, 83960
229.916, 83960
229.918, 83960
229.919, 83960
229.92, 83960
229.921, 83960
229.923, 83960
229.924, 83960
229.925, 83960
229.926, 83960
229.927, 83960
229.929, 83960
229.93, 83960
229.931, 83528
229.932, 83528
229.933, 83528
229.935, 83528
229.936, 83528
229.937, 83528
229.938, 83528
229.939, 83528
229.941, 83528
229.942, 83528
229.943, 83528
229.945, 83528
229.946, 83528
229.947, 83528
229.949, 83528
229.95, 83528
229.952, 83528
229.953, 83528
229.954, 83528
229.955, 83528
229.957, 83744
229.958, 83744
229.959, 83744
229.96, 83744
229.962, 83744
229.963, 83744
229.964, 83744
229.965, 83528
229.966, 83528
229.967, 83528
229.968, 83528
229.97, 83528
229.971, 83528
229.972, 83528
229.973, 83312
229.975, 83312
229.976, 83312
229.977, 83312
229.979, 83312
229.98, 83312
229.982, 83528
229.983, 83528
229.984, 83528
229.985, 83528
229.987, 83528
229.988, 83528
229.989, 83528
229.99, 83528
229.991, 83528
229.992, 83528
229.993, 83528
229.995, 83528
229.996, 83528
229.997, 83528
229.998, 83528
229.999, 83312
230, 83312
230.002, 83312
230.003, 83312
230.004, 83312
230.005, 83312
230.006, 83312
230.007, 83096
230.009, 83096
230.01, 83096
230.011, 83096
230.013, 83096
230.014, 83096
230.015, 83096
230.017, 83528
230.018, 83528
230.019, 83528
230.02, 83528
230.021, 83528
230.022, 83528
230.023, 83528
230.025, 83960
230.026, 83960
230.027, 83960
230.029, 83960
230.03, 83960
230.032, 83960
230.033, 84176
230.035, 84176
230.036, 84176
230.037, 84176
230.039, 84176
230.04, 84176
230.042, 84176
230.043, 84176
230.044, 84176
230.045, 84176
230.046, 84176
230.047, 84176
230.049, 84176
230.05, 84176
230.051, 84176
230.052, 84176
230.053, 84176
230.054, 84176
230.055, 84176
230.057, 84176
230.058, 84176
230.059, 84176
230.06, 84176
230.062, 84176
230.063, 84176
230.064, 84176
230.065, 84176
230.066, 84176
230.068, 84392
230.069, 84392
230.07, 84392
230.071, 84392
230.072, 84392
230.073, 84392
230.075, 84392
230.076, 84176
230.077, 84176
230.079, 84176
230.081, 84176
230.082, 84176
230.083, 84176
230.085, 84392
230.086, 84392
230.087, 84392
230.089, 84392
230.09, 84392
230.091, 84392
230.093, 84824
230.094, 84824
230.096, 84824
230.097, 84824
230.098, 84824
230.099, 84824
230.1, 84824
230.101, 84392
230.102, 84392
230.104, 84392
230.105, 84392
230.107, 84392
230.109, 84392
230.11, 84392
230.112, 84392
230.114, 84392
230.115, 84392
230.117, 84392
230.118, 84608
230.119, 84608
230.121, 84608
230.122, 84608
230.123, 84608
230.125, 84608
230.126, 84608
230.128, 84824
230.129, 84824
230.13, 84824
230.132, 84824
230.133, 84824
230.134, 84824
230.136, 85040
230.137, 85040
230.139, 85040
230.14, 85040
230.141, 85040
230.143, 85040
230.144, 85256
230.145, 85256
230.147, 85256
230.148, 85256
230.15, 85256
230.151, 85256
230.153, 85256
230.155, 85256
230.156, 85256
230.158, 85256
230.159, 85256
230.161, 85256
230.162, 85256
230.163, 85256
230.17, 85040
230.171, 85040
230.173, 85040
230.174, 85040
230.175, 85040
230.177, 85040
230.178, 85040
230.179, 85040
230.181, 85040
230.182, 85040
230.183, 85040
230.185, 85040
230.186, 85040
230.187, 85040
230.189, 85040
230.195, 85040
230.196, 85040
230.198, 85040
230.199, 85040
230.201, 85040
230.202, 85040
230.204, 85040
230.206, 85040
230.207, 85040
230.209, 85040
230.21, 85040
230.212, 85040
230.213, 84824
230.214, 84824
230.216, 84824
230.217, 84824
230.218, 84824
230.219, 84824
230.221, 84824
230.222, 84824
230.223, 84824
230.225, 84824
230.238, 84824
230.24, 84824
230.242, 84824
230.243, 84824
230.245, 84824
230.246, 84608
230.248, 84608
230.249, 84608
230.25, 84608
230.252, 84608
230.253, 84608
230.254, 84608
230.256, 84608
230.257, 84608
230.258, 84608
230.26, 84608
230.261, 84608
230.262, 84608
230.264, 84392
230.265, 84392
230.266, 84392
230.267, 84392
230.269, 84392
230.27, 84392
230.271, 84608
230.273, 84608
230.274, 84608
230.276, 84608
230.277, 84608
230.278, 84608
230.279, 84608
230.281, 84392
230.289, 84392
230.292, 84392
230.294, 84392
230.296, 84392
230.297, 84392
230.299, 84392
230.3, 84392
230.302, 84392
230.303, 84392
230.304, 84392
230.306, 84392
230.307, 84392
230.309, 84392
230.31, 84392
230.311, 84392
230.313, 84392
230.315, 84176
230.316, 84176
230.317, 84176
230.319, 84176
230.321, 84176
230.338, 84176
230.34, 84392
230.341, 84392
230.343, 84392
230.346, 84392
230.347, 84392
230.349, 84176
230.35, 84176
230.358, 84176
230.36, 84176
230.361, 84176
230.364, 84176
230.366, 84176
230.368, 84176
230.37, 84176
230.372, 84176
230.374, 84176
230.375, 84176
230.377, 84176
230.378, 83960
230.388, 83960
230.389, 83960
230.39, 83960
230.392, 84176
230.393, 84176
230.394, 84176
230.395, 84176
230.414, 84608
230.415, 84608
230.417, 84608
230.418, 84608
230.419, 84608
230.421, 84608
230.422, 84608
230.423, 84608
230.424, 84608
230.425, 84392
230.434, 84392
230.436, 84392
230.438, 84392
230.439, 84392
230.44, 84392
230.441, 84392
230.442, 84608
230.443, 84608
230.445, 84608
230.452, 84608
230.453, 84608
230.454, 84608
230.456, 84608
230.457, 84608
230.458, 84608
230.459, 84824
230.461, 84824
230.467, 84824
230.468, 84824
230.469, 84824
230.471, 84824
230.472, 84824
230.473, 84824
230.474, 84824
230.476, 84824
230.477, 84824
230.486, 85040
230.487, 85040
230.488, 85040
230.489, 85040
230.49, 85040
230.492, 85040
230.493, 85040
230.494, 84824
230.498, 84824
230.5, 84824
230.501, 84824
230.503, 84824
230.504, 84824
230.505, 84824
230.506, 84824
230.508, 84824
230.509, 84824
230.515, 84824
230.517, 84824
230.519, 84824
230.52, 84824
230.521, 84824
230.522, 84824
230.524, 84824
230.525, 84824
230.527, 84608
230.529, 84608
230.53, 84608
230.534, 84608
230.536, 84824
230.538, 84824
230.539, 84824
230.54, 84824
230.541, 84824
230.542, 84824
230.543, 84824
230.55, 84608
230.552, 84608
230.554, 84608
230.555, 84608
230.557, 84608
230.558, 84608
230.559, 84608
230.56, 84608
230.562, 84824
230.566, 84824
230.568, 84824
230.569, 84824
230.571, 84824
230.572, 84824
230.574, 84824
230.575, 84824
230.577, 84824
230.586, 84824
230.587, 85040
230.589, 85040
230.59, 85040
230.591, 85040
230.593, 85040
230.594, 85040
230.596, 85040
230.597, 85040
230.599, 85040
230.601, 85040
230.602, 85040
230.603, 85040
230.604, 85040
230.606, 85040
230.607, 85040
230.608, 85040
230.609, 85040
230.61, 85040
230.612, 85040
230.613, 84608
230.614, 84608
230.616, 84608
230.617, 84608
230.618, 84608
230.62, 84608
230.621, 84608
230.622, 84392
230.624, 84392
230.633, 84392
230.642, 84608
230.643, 84608
230.645, 84608
230.646, 84608
230.647, 84392
230.649, 84392
230.65, 84392
230.651, 84392
230.652, 84392
230.653, 84392
230.654, 84392
230.656, 84176
230.657, 84176
230.659, 84176
230.661, 84176
230.662, 84176
230.664, 84176
230.665, 84608
230.666, 84608
230.667, 84608
230.668, 84608
230.67, 84608
230.671, 84608
230.672, 84608
230.673, 84392
230.674, 84392
230.675, 84392
230.676, 84392
230.678, 84392
230.679, 84392
230.68, 84392
230.681, 84176
230.682, 84176
230.683, 84176
230.685, 84176
230.686, 84176
230.687, 84176
230.688, 84176
230.689, 84176
230.69, 84392
230.692, 84392
230.693, 84392
230.695, 84392
230.696, 84392
230.697, 84392
230.698, 84608
230.7, 84608
230.701, 84608
230.702, 84608
230.703, 84608
230.704, 84608
230.705, 84608
230.707, 84608
230.708, 84608
230.709, 84608
230.71, 84608
230.712, 84608
230.714, 84608
230.715, 84824
230.717, 84824
230.718, 84824
230.719, 84824
230.721, 84824
230.722, 84824
230.723, 84824
230.725, 85256
230.726, 85256
230.727, 85256
230.728, 85256
230.729, 85256
230.731, 85256
230.732, 85256
230.733, 85256
230.734, 85256
230.735, 85256
230.736, 85256
230.738, 85256
230.739, 85256
230.74, 85256
230.742, 85040
230.743, 85040
230.745, 85040
230.746, 85040
230.747, 85040
230.748, 85040
230.749, 85040
230.75, 85040
230.752, 85040
230.753, 85040
230.754, 85040
230.755, 85040
230.756, 85040
230.758, 84824
230.759, 84824
230.761, 84824
230.762, 84824
230.764, 84824
230.765, 84824
230.766, 85040
230.768, 85040
230.769, 85040
230.77, 85040
230.772, 85040
230.773, 85040
230.775, 85040
230.776, 85040
230.777, 85040
230.778, 85040
230.779, 85040
230.78, 85040
230.782, 85040
230.783, 85040
230.784, 84824
230.785, 84824
230.786, 84824
230.787, 84824
230.789, 84824
230.79, 84824
230.792, 84824
230.793, 84824
230.795, 84824
230.796, 84824
230.797, 84824
230.798, 84824
230.8, 84824
230.801, 85040
230.802, 85040
230.803, 85040
230.805, 85040
230.806, 85040
230.807, 85040
230.809, 85040
230.81, 85256
230.811, 85256
230.813, 85256
230.814, 85256
230.815, 85256
230.817, 85256
230.818, 85256
230.82, 85256
230.821, 85256
230.822, 85256
230.824, 85256
230.825, 85256
230.827, 85472
230.828, 85472
230.829, 85472
230.831, 85472
230.832, 85472
230.834, 85472
230.837, 85472
230.838, 85472
230.84, 85472
230.841, 85472
230.842, 85472
230.844, 85472
230.845, 85472
230.849, 85472
230.851, 85472
230.852, 85256
230.854, 85256
230.855, 85256
230.856, 85256
230.858, 85256
230.859, 85256
230.868, 85256
230.869, 85040
230.87, 85040
230.871, 85040
230.873, 85040
230.874, 85040
230.875, 85040
230.876, 85040
230.878, 85040
230.879, 85040
230.88, 85040
230.881, 85040
230.883, 85040
230.884, 85040
230.885, 85040
230.886, 85040
230.888, 85040
230.889, 85040
230.891, 85040
230.893, 85040
230.895, 84824
230.897, 84824
230.898, 84824
230.899, 84824
230.901, 84824
230.902, 84824
230.903, 84824
230.904, 84824
230.906, 84824
230.907, 84824
230.908, 84824
230.909, 84824
230.911, 84824
230.912, 84824
230.913, 84824
230.914, 84824
230.915, 84824
230.916, 84824
230.918, 84824
230.919, 84824
230.92, 84824
230.921, 84824
230.922, 84824
230.923, 84824
230.924, 84824
230.926, 84824
230.927, 84824
230.928, 84824
230.929, 84824
230.93, 84824
230.931, 84824
230.932, 84824
230.934, 84824
230.935, 84824
230.936, 84824
230.937, 84824
230.938, 85040
230.939, 85040
230.94, 85040
230.942, 85040
230.943, 85040
230.944, 85040
230.945, 85040
230.946, 85040
230.947, 85040
230.948, 85040
230.95, 85040
230.951, 85040
230.952, 85040
230.953, 85040
230.954, 85040
230.955, 85040
230.956, 85040
230.958, 85040
230.959, 85040
230.96, 85040
230.961, 85040
230.962, 85040
230.963, 85040
230.964, 85040
230.966, 85040
230.967, 85040
230.968, 85040
230.969, 85040
230.97, 85040
230.971, 85040
230.972, 85040
230.974, 85040
230.975, 85040
230.976, 85040
230.977, 85040
230.978, 85040
230.979, 85040
230.98, 85040
230.982, 85040
230.983, 85040
230.984, 85040
230.985, 85040
230.986, 85040
230.987, 85040
230.988, 85040
230.99, 85040
230.991, 85040
230.992, 85040
230.993, 85040
230.994, 85040
230.995, 85040
230.996, 85040
230.998, 85040
230.999, 85040
231, 85040
231.001, 85040
231.002, 85040
231.003, 85040
231.004, 85040
231.006, 85040
231.007, 85040
231.008, 85040
231.009, 85040
231.011, 85040
231.012, 85040
231.014, 84824
231.016, 84824
231.018, 84824
231.019, 84824
231.021, 84824
231.022, 84824
231.023, 84824
231.025, 84824
231.026, 84824
231.027, 84824
231.029, 84824
231.031, 84824
231.032, 84824
231.034, 84824
231.042, 84608
231.046, 84608
231.048, 84608
231.049, 84608
231.05, 84608
231.052, 84608
231.053, 84608
231.054, 84608
231.056, 84608
231.057, 84608
231.058, 84608
231.06, 84608
231.061, 84608
231.062, 84608
231.063, 84608
231.065, 84608
231.066, 84608
231.067, 84608
231.068, 84608
231.07, 84608
231.071, 84608
231.072, 84608
231.073, 84608
231.075, 84608
231.076, 84608
231.077, 84608
231.078, 84608
231.08, 84608
231.081, 84608
231.082, 84608
231.084, 84608
231.085, 84608
231.086, 84608
231.088, 84608
231.089, 84608
231.09, 84608
231.091, 84824
231.093, 84824
231.094, 84824
231.095, 84824
231.097, 84824
231.098, 84824
231.099, 84824
231.101, 84824
231.102, 84824
231.103, 84824
231.105, 84824
231.106, 84824
231.108, 84824
231.109, 84824
231.11, 84824
231.111, 84824
231.113, 84824
231.114, 84824
231.115, 84824
231.117, 85040
231.118, 85040
231.119, 85040
231.121, 85040
231.122, 85040
231.124, 85040
231.125, 84824
231.126, 84824
231.128, 84824
231.129, 84824
231.13, 84824
231.131, 84824
231.133, 84824
231.134, 84824
231.135, 84824
231.137, 84824
231.138, 84824
231.139, 84824
231.141, 84824
231.142, 84824
231.143, 84824
231.145, 84824
231.146, 84824
231.147, 84824
231.149, 84824
231.15, 84824
231.151, 84824
231.152, 84824
231.154, 84824
231.155, 84824
231.156, 84824
231.158, 84824
231.159, 84824
231.16, 84824
231.162, 84824
231.163, 84824
231.164, 84824
231.166, 84824
231.167, 84824
231.169, 84824
231.17, 84824
231.171, 84824
231.172, 84824
231.174, 84824
231.175, 84824
231.176, 84824
231.178, 84824
231.179, 84824
231.18, 84824
231.181, 84824
231.183, 84824
231.184, 84824
231.185, 84824
231.186, 84824
231.188, 84824
231.189, 84824
231.19, 84824
231.191, 84824
231.193, 84824
231.194, 84608
231.195, 84608
231.196, 84608
231.197, 84608
231.199, 84608
231.2, 84608
231.201, 84608
231.202, 84608
231.203, 84608
231.205, 84608
231.206, 84608
231.207, 84608
231.208, 84608
231.209, 84608
231.21, 84608
231.212, 84608
231.213, 84608
231.214, 84608
231.216, 84608
231.217, 84608
231.218, 84608
231.22, 84608
231.221, 84608
231.223, 84608
231.224, 84608
231.225, 84608
231.226, 84608
231.227, 84392
231.229, 84392
231.23, 84392
231.231, 84392
231.233, 84392
231.234, 84392
231.235, 84392
231.236, 84392
231.238, 84392
231.239, 84392
231.24, 84392
231.241, 84392
231.242, 84392
231.243, 84392
231.244, 84176
231.246, 84176
231.247, 84176
231.25, 84176
231.252, 84176
231.254, 83960
231.256, 83960
231.257, 83960
231.258, 83960
231.26, 83960
231.261, 83960
231.262, 84176
231.263, 84176
231.264, 84176
231.266, 84176
231.267, 84176
231.268, 84176
231.269, 84176
231.27, 84176
231.271, 84176
231.272, 84176
231.274, 84176
231.275, 84176
231.276, 84176
231.277, 84176
231.278, 83960
231.28, 83960
231.281, 83960
231.282, 83960
231.283, 83960
231.284, 83960
231.286, 83960
231.287, 83744
231.289, 83744
231.29, 83744
231.291, 83744
231.293, 83744
231.294, 83744
231.295, 83744
231.296, 83960
231.297, 83960
231.298, 83960
231.299, 83960
231.301, 83960
231.302, 83960
231.303, 83960
231.305, 83744
231.306, 83744
231.307, 83744
231.309, 83744
231.31, 83744
231.312, 83744
231.313, 84176
231.314, 84176
231.316, 84176
231.317, 84176
231.318, 84176
231.32, 84176
231.321, 84176
231.322, 84176
231.323, 84176
231.324, 84176
231.325, 84176
231.327, 84176
231.328, 84176
231.329, 84176
231.33, 83960
231.331, 83960
231.332, 83960
231.334, 83960
231.335, 83960
231.336, 83960
231.338, 83960
231.339, 83960
231.34, 83960
231.341, 83960
231.342, 83960
231.344, 83960
231.345, 83960
231.346, 83960
231.347, 84176
231.348, 84176
231.349, 84176
231.351, 84176
231.352, 84176
231.353, 84176
231.355, 84176
231.356, 84176
231.357, 84176
231.359, 84176
231.36, 84176
231.361, 84176
231.362, 84176
231.364, 84176
231.365, 84392
231.366, 84392
231.367, 84392
231.369, 84392
231.37, 84392
231.371, 84392
231.372, 84392
231.373, 84392
231.374, 84392
231.375, 84392
231.377, 84392
231.378, 84392
231.379, 84392
231.38, 84392
231.381, 84176
231.383, 84176
231.384, 84176
231.385, 84176
231.387, 84176
231.392, 84392
231.395, 84392
231.396, 84392
231.398, 84392
231.41, 84392
231.413, 84392
231.415, 84392
231.417, 84608
231.419, 84608
231.42, 84608
231.422, 84608
231.435, 84824
231.442, 84392
231.454, 84392
231.46, 84392
231.478, 84392
231.481, 84392
231.483, 84392
231.484, 84392
231.486, 84392
231.487, 84392
231.489, 84392
231.491, 84392
231.492, 84392
231.494, 84392
231.496, 84392
231.497, 84392
231.499, 84392
231.5, 84392
231.501, 84176
231.503, 84176
231.504, 84176
231.505, 84176
231.507, 84176
231.51, 84176
231.513, 84176
231.516, 84176
231.52, 84176
231.523, 84176
231.526, 84176
231.529, 84176
231.53, 84176
231.531, 84176
231.546, 84392
231.55, 84392
231.556, 84176
231.571, 84176
231.579, 84176
231.586, 84176
231.587, 84176
231.589, 84176
231.591, 84176
231.593, 84176
231.597, 84392
231.598, 84392
231.614, 84176
231.627, 84392
231.63, 84392
231.639, 84392
231.64, 84392
231.642, 84392
231.644, 84392
231.647, 84608
231.649, 84608
231.65, 84608
231.651, 84608
231.653, 84608
231.658, 84176
231.666, 84176
231.67, 83960
231.677, 84176
231.691, 84176
231.692, 84176
231.702, 84176
231.704, 84176
231.71, 84176
231.728, 84176
231.737, 84176
231.74, 84176
231.752, 84176
231.755, 84176
231.761, 84176
231.763, 84176
231.766, 83960
231.767, 83960
231.77, 83960
231.772, 83960
231.774, 83960
231.776, 83960
231.777, 83960
231.779, 83960
231.781, 83960
231.784, 84176
231.787, 84176
231.788, 84176
231.793, 83960
231.806, 83960
231.808, 83960
231.822, 83960
231.823, 83960
231.825, 83960
231.827, 83960
231.828, 83960
231.829, 83960
231.831, 83960
231.832, 83960
231.833, 83960
231.846, 84392
231.847, 84392
231.849, 84392
231.85, 84392
231.851, 84392
231.852, 84392
231.853, 84392
231.854, 84392
231.855, 84392
231.857, 84392
231.858, 84392
231.859, 84392
231.86, 84392
231.861, 84392
231.862, 84392
231.864, 84392
231.865, 84392
231.866, 84392
231.867, 84392
231.869, 84392
231.87, 84392
231.871, 84392
231.872, 84392
231.873, 84392
231.874, 84392
231.879, 84392
231.889, 84392
231.892, 84392
231.9, 84392
231.902, 84608
231.907, 84608
231.909, 84608
231.911, 84824
231.919, 84824
231.926, 84824
231.927, 84824
231.934, 84824
231.936, 84824
231.937, 84824
231.94, 84824
231.942, 84824
231.949, 84824
231.957, 84824
231.966, 84824
231.967, 84824
231.968, 84824
231.97, 85040
231.971, 85040
231.972, 85040
231.973, 85040
231.982, 84824
231.985, 84824
231.987, 84824
231.988, 84824
231.989, 84824
231.99, 84824
231.992, 84824
231.993, 84824
231.998, 84392
231.999, 84392
232.001, 84392
232.002, 84392
232.005, 84392
232.006, 84392
232.008, 84392
232.009, 84392
232.01, 84392
232.026, 83960
232.034, 83744
232.042, 83744
232.044, 83744
232.046, 83744
232.054, 83528
232.056, 83744
232.058, 83744
232.06, 83744
232.061, 83744
232.062, 83744
232.064, 83744
232.065, 83744
232.066, 83744
232.068, 83744
232.069, 83744
232.07, 83744
232.084, 83528
232.086, 83528
232.087, 83528
232.089, 83528
232.09, 83528
232.091, 83528
232.092, 83528
232.093, 83528
232.095, 83528
232.096, 83528
232.097, 83528
232.098, 83528
232.1, 83528
232.101, 83528
232.102, 83528
232.103, 83528
232.105, 83528
232.106, 83528
232.107, 83528
232.109, 83528
232.11, 83528
232.111, 83528
232.112, 83528
232.113, 83528
232.115, 83528
232.116, 83528
232.117, 83528
232.119, 83528
232.123, 83312
232.126, 83312
232.128, 83312
232.13, 83312
232.132, 83312
232.134, 83312
232.135, 83312
232.136, 83312
232.137, 83312
232.138, 83312
232.14, 83312
232.141, 83096
232.143, 83096
232.15, 83096
232.153, 83096
232.162, 83096
232.17, 83096
232.173, 83096
232.178, 83096
232.187, 83312
232.189, 83312
232.191, 83312
232.192, 83528
232.193, 83528
232.194, 83528
232.196, 83528
232.197, 83528
232.199, 83528
232.2, 83528
232.201, 83528
232.203, 83528
232.204, 83528
232.205, 83528
232.209, 83528
232.212, 83528
232.216, 83744
232.219, 83744
232.22, 83744
232.222, 83744
232.223, 83744
232.224, 83744
232.225, 83744
232.227, 83528
232.228, 83528
232.229, 83528
232.23, 83528
232.232, 83528
232.247, 83528
232.251, 83528
232.254, 83528
232.257, 83528
232.26, 83312
232.263, 83312
232.266, 83312
232.269, 83312
232.271, 83312
232.273, 83312
232.275, 83312
232.284, 83528
232.286, 83744
232.287, 83744
232.288, 83744
232.289, 83744
232.291, 83744
232.292, 83744
232.293, 83744
232.295, 83528
232.296, 83528
232.297, 83528
232.298, 83528
232.3, 83528
232.309, 83528
232.321, 83312
232.323, 83312
232.325, 83312
232.328, 83528
232.33, 83528
232.332, 83528
232.335, 83528
232.336, 83528
232.34, 83528
232.354, 83744
232.356, 83744
232.358, 83744
232.359, 83744
232.361, 83744
232.365, 83960
232.367, 83960
232.37, 83960
232.375, 83960
232.38, 84176
232.383, 84176
232.387, 84176
232.392, 84176
232.394, 84176
232.395, 84176
232.397, 84176
232.401, 84176
232.404, 84176
232.407, 83960
232.411, 83960
232.413, 83960
232.417, 83960
232.423, 83960
232.425, 83960
232.426, 83960
232.427, 83960
232.428, 83960
232.43, 83960
232.431, 83744
232.432, 83744
232.433, 83744
232.443, 83960
232.446, 83960
232.451, 84176
232.455, 84176
232.457, 84392
232.461, 84392
232.462, 84392
232.464, 84392
232.465, 84608
232.466, 84608
232.468, 84608
232.469, 84608
232.471, 84608
232.472, 84608
232.474, 84824
232.475, 84824
232.476, 84824
232.477, 84824
232.479, 84824
232.48, 84824
232.481, 84824
232.483, 84824
232.484, 84824
232.485, 84824
232.492, 84608
232.493, 84608
232.494, 84608
232.496, 84608
232.497, 84608
232.503, 84824
232.504, 84824
232.505, 84824
232.507, 84824
232.508, 84608
232.509, 84608
232.51, 84608
232.511, 84608
232.513, 84608
232.514, 84608
232.515, 84608
232.517, 84824
232.518, 84824
232.519, 84824
232.521, 84824
232.522, 84824
232.524, 84824
232.525, 84608
232.527, 84608
232.53, 84608
232.534, 84392
232.54, 84392
232.542, 84392
232.545, 84392
232.552, 84392
232.554, 84392
232.57, 84176
232.574, 84176
232.576, 84392
232.577, 84392
232.579, 84392
232.582, 83960
232.591, 83960
232.595, 83960
232.597, 83960
232.598, 83960
232.599, 83960
232.601, 83960
232.604, 83960
232.606, 83960
232.608, 83960
232.623, 83960
232.626, 83960
232.627, 84176
232.629, 84176
232.631, 84176
232.633, 84176
232.647, 83960
232.651, 83960
232.657, 83960
232.663, 83960
232.669, 83960
232.671, 84176
232.673, 84176
232.675, 84176
232.677, 84176
232.679, 84176
232.68, 84176
232.684, 84176
232.686, 84176
232.696, 83960
232.698, 83960
232.704, 83960
232.712, 83960
232.713, 83960
232.715, 83960
232.719, 83960
232.723, 83960
232.725, 83960
232.731, 83744
232.743, 83744
232.747, 83744
232.752, 83744
232.761, 83960
232.767, 83960
232.771, 83960
232.773, 83960
232.775, 83960
232.776, 83960
232.778, 83960
232.78, 84176
232.783, 84176
232.8, 84176
232.803, 84176
232.806, 83960
232.808, 83960
232.81, 83960
232.828, 83744
232.831, 83960
232.833, 83960
232.835, 83960
232.837, 83960
232.838, 83960
232.84, 83744
232.843, 83744
232.848, 83960
232.853, 83960
232.859, 83744
232.863, 83744
232.867, 83744
232.869, 83744
232.872, 83744
232.877, 83960
232.879, 83960
232.882, 83960
232.895, 83960
232.897, 83960
232.9, 84176
232.903, 84176
232.91, 83960
232.914, 83960
232.921, 83744
232.924, 83744
232.927, 83744
232.928, 83744
232.93, 83744
232.936, 83744
232.94, 83744
232.941, 83744
232.943, 83744
232.958, 83960
232.966, 83744
232.971, 83744
232.974, 83744
232.976, 83744
232.978, 83744
232.979, 83744
232.98, 83744
232.982, 83744
232.983, 83744
232.984, 83744
232.985, 83744
232.986, 83744
232.988, 83744
232.989, 83744
232.99, 83744
232.991, 83744
232.992, 83744
232.994, 83744
232.995, 83744
232.998, 83744
233.009, 83744
233.011, 83960
233.012, 83960
233.013, 83960
233.014, 83960
233.015, 83960
233.017, 83960
233.018, 83960
233.021, 84176
233.022, 84176
233.023, 84176
233.025, 84176
233.026, 84176
233.027, 84176
233.028, 83960
233.03, 83960
233.031, 83960
233.032, 83960
233.033, 83960
233.036, 83960
233.038, 83960
233.039, 83960
233.04, 83960
233.041, 83960
233.042, 83960
233.043, 83960
233.054, 84176
233.055, 84176
233.057, 84176
233.058, 84176
233.063, 84392
233.064, 84392
233.065, 84392
233.066, 84392
233.067, 84392
233.069, 84392
233.07, 84392
233.071, 84176
233.072, 84176
233.073, 84176
233.074, 84176
233.075, 84176
233.082, 83960
233.084, 83960
233.087, 84392
233.089, 84392
233.09, 84392
233.091, 84392
233.092, 84392
233.094, 84392
233.095, 84392
233.096, 84392
233.097, 84392
233.098, 84392
233.099, 84392
233.101, 84392
233.102, 84392
233.103, 84392
233.104, 84392
233.105, 84176
233.106, 84176
233.107, 84176
233.109, 84176
233.11, 84176
233.111, 84176
233.112, 84176
233.113, 84176
233.115, 84176
233.116, 84176
233.117, 84176
233.118, 84176
233.12, 84176
233.121, 84176
233.123, 84608
233.124, 84608
233.125, 84608
233.126, 84608
233.128, 84608
233.129, 84608
233.13, 84608
233.131, 84824
233.132, 84824
233.134, 84824
233.135, 84824
233.137, 84824
233.138, 84824
233.139, 84824
233.141, 84824
233.142, 84824
233.143, 84824
233.145, 84824
233.146, 84824
233.147, 85040
233.149, 85040
233.15, 85040
233.151, 85040
233.152, 85040
233.154, 85040
233.155, 85040
233.156, 85040
233.157, 85040
233.158, 85040
233.159, 85040
233.16, 85040
233.162, 85040
233.163, 85040
233.164, 85040
233.166, 85040
233.167, 85040
233.168, 85040
233.169, 85040
233.171, 85040
233.172, 85040
233.173, 85040
233.174, 85040
233.175, 85040
233.176, 85040
233.177, 85040
233.179, 85040
233.18, 85040
233.181, 84824
233.183, 84824
233.184, 84824
233.186, 84824
233.187, 84824
233.189, 84824
233.19, 84608
233.191, 84608
233.193, 84608
233.194, 84608
233.196, 84608
233.197, 84608
233.198, 84608
233.199, 84608
233.201, 84608
233.202, 84608
233.203, 84608
233.204, 84608
233.205, 84608
233.206, 84608
233.207, 84176
233.209, 84176
233.21, 84176
233.211, 84176
233.212, 84176
233.214, 84176
233.215, 84176
233.217, 83960
233.218, 83960
233.22, 83960
233.221, 83960
233.222, 83960
233.224, 83960
233.225, 84176
233.226, 84176
233.227, 84176
233.229, 84176
233.23, 84176
233.231, 84176
233.232, 84176
233.233, 84392
233.234, 84392
233.236, 84392
233.237, 84392
233.238, 84392
233.239, 84392
233.241, 84392
233.242, 84608
233.243, 84608
233.244, 84608
233.246, 84608
233.247, 84608
233.248, 84608
233.249, 84608
233.251, 84824
233.252, 84824
233.253, 84824
233.254, 84824
233.256, 84824
233.257, 84824
233.259, 84824
233.26, 84824
233.261, 84824
233.262, 84824
233.264, 84824
233.265, 84824
233.266, 84824
233.267, 84824
233.268, 84824
233.269, 84824
233.271, 84824
233.272, 84824
233.273, 84824
233.274, 84824
233.275, 84608
233.277, 84608
233.278, 84608
233.279, 84608
233.281, 84608
233.282, 84608
233.283, 84608
233.284, 84824
233.285, 84824
233.287, 84824
233.289, 84824
233.29, 84824
233.292, 84824
233.293, 84608
233.294, 84608
233.295, 84608
233.297, 84608
233.298, 84608
233.299, 84608
233.3, 84608
233.301, 84608
233.303, 84608
233.304, 84608
233.305, 84608
233.307, 84608
233.308, 84608
233.309, 84608
233.311, 84608
233.312, 84608
233.313, 84608
233.315, 84608
233.316, 84608
233.318, 84608
233.319, 84608
233.32, 84608
233.322, 84608
233.324, 84608
233.325, 84608
233.327, 84608
233.328, 84608
233.329, 84608
233.331, 84608
233.332, 84608
233.333, 84608
233.335, 84608
233.336, 84608
233.338, 84608
233.339, 84608
233.34, 84608
233.342, 84608
233.343, 84608
233.344, 84608
233.346, 84608
233.347, 84608
233.349, 84608
233.35, 84608
233.351, 84608
233.353, 84608
233.354, 84608
233.356, 84608
233.357, 84608
233.359, 84608
233.36, 84608
233.361, 84608
233.363, 84608
233.364, 84608
233.365, 84608
233.366, 84608
233.368, 84608
233.369, 84608
233.37, 84608
233.372, 84608
233.373, 84608
233.375, 84608
233.376, 84608
233.378, 84608
233.379, 84608
233.38, 84608
233.382, 84608
233.383, 84608
233.385, 84608
233.387, 84608
233.388, 84608
233.389, 84608
233.391, 84608
233.392, 84608
233.393, 84608
233.395, 84608
233.396, 84608
233.397, 84608
233.398, 84608
233.399, 84608
233.401, 84608
233.402, 84608
233.403, 84608
233.404, 84608
233.406, 84608
233.407, 84608
233.408, 84608
233.409, 84608
233.411, 84608
233.412, 84608
233.414, 84608
233.416, 84608
233.417, 84608
233.418, 84608
233.42, 84608
233.421, 84608
233.422, 84608
233.423, 84608
233.425, 84608
233.426, 84608
233.428, 84608
233.429, 84608
233.43, 84608
233.432, 84608
233.433, 84608
233.435, 84608
233.436, 84608
233.437, 84608
233.438, 84608
233.439, 84608
233.441, 84608
233.442, 84608
233.443, 84608
233.445, 84608
233.446, 84608
233.447, 84608
233.449, 84608
233.45, 84608
233.451, 84608
233.453, 84608
233.454, 84608
233.456, 84392
233.457, 84392
233.458, 84392
233.459, 84392
233.461, 84392
233.462, 84392
233.463, 84392
233.465, 84392
233.466, 84392
233.47, 84392
233.472, 84392
233.474, 84392
233.475, 84392
233.477, 84392
233.478, 84392
233.48, 84392
233.481, 84392
233.482, 84392
233.484, 84392
233.485, 84392
233.486, 84392
233.487, 84392
233.489, 84392
233.49, 84392
233.491, 84392
233.492, 84392
233.493, 84392
233.495, 84392
233.499, 84392
233.501, 84392
233.502, 84392
233.503, 84392
233.505, 84392
233.506, 84392
233.507, 84392
233.508, 84392
233.51, 84392
233.511, 84392
233.513, 84392
233.514, 84392
233.515, 84176
233.516, 84176
233.518, 84176
233.519, 84176
233.52, 84176
233.522, 84176
233.523, 84176
233.525, 84176
233.534, 84176
233.535, 84176
233.537, 84176
233.538, 84176
233.539, 84176
233.541, 84176
233.542, 84176
233.543, 84176
233.544, 84176
233.546, 84176
233.547, 84176
233.548, 84176
233.55, 84176
233.551, 84176
233.553, 84176
233.557, 84392
233.558, 84392
233.56, 84392
233.561, 84392
233.562, 84392
233.564, 84392
233.565, 84392
233.566, 84176
233.569, 84176
233.571, 84176
233.572, 84176
233.574, 84176
233.575, 84176
233.578, 84176
233.586, 84176
233.587, 84176
233.589, 84176
233.591, 84176
233.599, 84392
233.607, 84608
233.616, 84608
233.617, 84824
233.619, 84824
233.626, 85040
233.63, 85040
233.631, 85040
233.632, 85040
233.633, 85040
233.634, 84824
233.635, 84824
233.637, 84824
233.639, 84824
233.64, 84824
233.641, 84824
233.643, 84392
233.645, 84392
233.646, 84392
233.648, 84392
233.649, 84392
233.65, 84392
233.651, 84392
233.652, 84392
233.653, 84392
233.658, 84392
233.661, 84392
233.666, 84392
233.668, 84392
233.669, 84608
233.67, 84608
233.671, 84608
233.672, 84608
233.673, 84608
233.675, 84608
233.676, 84608
233.677, 84392
233.678, 84392
233.679, 84392
233.68, 84392
233.682, 84392
233.683, 84392
233.684, 84392
233.686, 84176
233.687, 84176
233.688, 84176
233.689, 84176
233.691, 84176
233.692, 84176
233.693, 84392
233.695, 84392
233.696, 84392
233.697, 84392
233.698, 84392
233.699, 84392
233.7, 84392
233.701, 84392
233.703, 83960
233.704, 83960
233.705, 83960
233.706, 83960
233.707, 83960
233.708, 83960
233.71, 83960
233.711, 83744
233.712, 83744
233.713, 83744
233.714, 83744
233.715, 83744
233.717, 83744
233.718, 83744
233.719, 83744
233.721, 83744
233.722, 83744
233.724, 83744
233.725, 83744
233.726, 83744
233.727, 83744
233.728, 83960
233.73, 83960
233.731, 83960
233.732, 83960
233.733, 83960
233.734, 83960
233.736, 83960
233.737, 83744
233.739, 83744
233.74, 83744
233.742, 83744
233.743, 83744
233.745, 83960
233.746, 83960
233.747, 83960
233.749, 83960
233.75, 83960
233.751, 83960
233.753, 83960
233.754, 84176
233.755, 84176
233.756, 84176
233.757, 84176
233.758, 84176
233.76, 84176
233.761, 84176
233.762, 84392
233.763, 84392
233.764, 84392
233.765, 84392
233.766, 84392
233.768, 84392
233.769, 84392
233.77, 84392
233.772, 84392
233.773, 84392
233.774, 84392
233.775, 84392
233.777, 84392
233.778, 84392
233.779, 84392
233.78, 84392
233.781, 84392
233.782, 84392
233.783, 84392
233.785, 84392
233.786, 84392
233.787, 84176
233.789, 84176
233.79, 84176
233.791, 84176
233.792, 84176
233.794, 84176
233.795, 84176
233.796, 84608
233.798, 84608
233.799, 84608
233.8, 84608
233.801, 84608
233.802, 84608
233.803, 84608
233.804, 84608
233.806, 84608
233.807, 84608
233.808, 84608
233.809, 84608
233.81, 84608
233.811, 84608
233.813, 84392
233.814, 84392
233.815, 84392
233.817, 84392
233.819, 84392
233.826, 84608
233.827, 84608
233.829, 84608
233.83, 84608
233.831, 84824
233.832, 84824
233.833, 84824
233.835, 84824
233.836, 84824
233.837, 84824
233.838, 84824
233.84, 85040
233.841, 85040
233.842, 85040
233.843, 85040
233.844, 85040
233.845, 85040
233.847, 85040
233.848, 85040
233.849, 85040
233.85, 85040
233.851, 85040
233.853, 85040
233.854, 85040
233.855, 85040
233.856, 85040
233.857, 85040
233.859, 85040
233.86, 85040
233.861, 85040
233.862, 85040
233.864, 85040
233.865, 85040
233.866, 85040
233.867, 85040
233.869, 85040
233.87, 85040
233.871, 85040
233.872, 85040
233.873, 84824
233.874, 84824
233.876, 84824
233.877, 84824
233.878, 84824
233.88, 84824
233.881, 84824
233.883, 84824
233.884, 84824
233.885, 84824
233.886, 84824
233.887, 84824
233.889, 84824
233.89, 84824
233.891, 84824
233.893, 84824
233.894, 84824
233.896, 84824
233.897, 84824
233.898, 84608
233.899, 84608
233.901, 84608
233.902, 84608
233.903, 84608
233.904, 84608
233.905, 84608
233.907, 84608
233.908, 84608
233.909, 84608
233.91, 84608
233.911, 84608
233.913, 84608
233.914, 84608
233.915, 84608
233.916, 84608
233.917, 84608
233.919, 84608
233.92, 84608
233.921, 84608
233.922, 84608
233.923, 84608
233.925, 84608
233.926, 84608
233.928, 84608
233.929, 84608
233.93, 84608
233.931, 84608
233.933, 84392
233.934, 84392
233.935, 84392
233.937, 84392
233.938, 84392
233.939, 84392
233.94, 84392
233.942, 84392
233.943, 84392
233.944, 84392
233.945, 84392
233.946, 84392
233.947, 84392
233.949, 84392
233.95, 84392
233.951, 84392
233.953, 84392
233.954, 84392
233.955, 84392
233.956, 84392
233.958, 84392
233.959, 84392
233.96, 84392
233.961, 84392
233.963, 84392
233.964, 84392
233.965, 84392
233.966, 84392
233.968, 84392
233.969, 84392
233.97, 84392
233.971, 84392
233.972, 84392
233.973, 84392
233.975, 84392
233.976, 84176
233.977, 84176
233.979, 84176
233.98, 84176
233.981, 84176
233.982, 84176
233.983, 84392
233.985, 84392
233.986, 84392
233.987, 84392
233.988, 84392
233.989, 84392
233.991, 84392
233.992, 84392
233.993, 84392
233.994, 84392
233.996, 84392
233.997, 84392
233.999, 84392
234, 84392
234.001, 84176
234.002, 84176
234.003, 84176
234.004, 84176
234.006, 84176
234.007, 84176
234.008, 84176
234.01, 84392
234.011, 84392
234.013, 84392
234.014, 84392
234.015, 84392
234.017, 84392
234.018, 84392
234.019, 84392
234.021, 84392
234.022, 84392
234.023, 84392
234.025, 84392
234.026, 84176
234.027, 84176
234.029, 84176
234.03, 84176
234.031, 84176
234.032, 84176
234.033, 84176
234.034, 84176
234.036, 84176
234.037, 84176
234.039, 84176
234.04, 84176
234.041, 84176
234.042, 84176
234.044, 84176
234.045, 84176
234.046, 84176
234.047, 84176
234.048, 84176
234.049, 84176
234.051, 84176
234.052, 84176
234.054, 84176
234.055, 84176
234.056, 84176
234.057, 84176
234.059, 84176
234.06, 84176
234.061, 84176
234.062, 84176
234.063, 84176
234.065, 84176
234.066, 84176
234.067, 84176
234.069, 84176
234.07, 84176
234.071, 84176
234.072, 84176
234.074, 84176
234.075, 84176
234.076, 84176
234.078, 84176
234.079, 84176
234.08, 84176
234.081, 84176
234.083, 84176
234.084, 84176
234.086, 84176
234.087, 84176
234.089, 84176
234.09, 84176
234.091, 84176
234.092, 84176
234.093, 84176
234.095, 84176
234.096, 84176
234.097, 84176
234.099, 84176
234.1, 84176
234.101, 84176
234.102, 84176
234.104, 84176
234.105, 84176
234.106, 84176
234.108, 84176
234.109, 84176
234.111, 84176
234.112, 84176
234.114, 84176
234.116, 84176
234.117, 84176
234.119, 84176
234.12, 84176
234.122, 84176
234.123, 84176
234.125, 84176
234.126, 84176
234.127, 84176
234.129, 84176
234.13, 84176
234.131, 84176
234.132, 84176
234.134, 84176
234.135, 84176
234.136, 84176
234.137, 84176
234.139, 84176
234.14, 84176
234.141, 84176
234.142, 84176
234.144, 84176
234.145, 84176
234.146, 84176
234.147, 84176
234.149, 84176
234.15, 84176
234.151, 84176
234.152, 84176
234.154, 84176
234.155, 83960
234.156, 83960
234.158, 83960
234.159, 83960
234.16, 83960
234.161, 83960
234.163, 84176
234.164, 84176
234.166, 84176
234.168, 84176
234.169, 84176
234.171, 84176
234.172, 83960
234.174, 83960
234.175, 83960
234.177, 83960
234.178, 83960
234.18, 83960
234.181, 83960
234.182, 83960
234.183, 83960
234.185, 83960
234.186, 83960
234.187, 83960
234.189, 83960
234.202, 83960
234.204, 83960
234.205, 83960
234.206, 83960
234.208, 83960
234.209, 83960
234.21, 83960
234.212, 83960
234.213, 83960
234.214, 83960
234.216, 83960
234.217, 83960
234.218, 83960
234.22, 83960
234.221, 83960
234.222, 83960
234.224, 83960
234.225, 83960
234.226, 83960
234.227, 83960
234.229, 83960
234.23, 83960
234.231, 83960
234.232, 83960
234.234, 83960
234.235, 83960
234.236, 83960
234.238, 83960
234.239, 83960
234.24, 83744
234.241, 83744
234.242, 83744
234.244, 83744
234.246, 83744
234.247, 83744
234.248, 83528
234.25, 83528
234.252, 83528
234.253, 83528
234.255, 83528
234.256, 83528
234.257, 83528
234.258, 83528
234.26, 83528
234.261, 83528
234.266, 83312
234.268, 83312
234.269, 83312
234.271, 83312
234.272, 83312
234.274, 83744
234.275, 83744
234.277, 83744
234.278, 83744
234.279, 83744
234.281, 83744
234.282, 83744
234.283, 83528
234.284, 83528
234.285, 83528
234.287, 83528
234.288, 83528
234.29, 83528
234.292, 83312
234.293, 83312
234.294, 83312
234.295, 83312
234.297, 83312
234.298, 83312
234.299, 83744
234.301, 83744
234.302, 83744
234.303, 83744
234.304, 83744
234.305, 83744
234.307, 83744
234.308, 83528
234.309, 83528
234.31, 83528
234.311, 83528
234.312, 83528
234.314, 83528
234.315, 83528
234.316, 83528
234.317, 83528
234.318, 83528
234.319, 83528
234.32, 83528
234.322, 83528
234.323, 83528
234.324, 83528
234.325, 83528
234.326, 83528
234.328, 83528
234.329, 83528
234.33, 83528
234.331, 83528
234.333, 83528
234.334, 83744
234.335, 83744
234.336, 83744
234.337, 83744
234.338, 83744
234.34, 83744
234.341, 83744
234.342, 83744
234.346, 83744
234.36, 83744
234.363, 83744
234.365, 83744
234.366, 83744
234.368, 84176
234.369, 84176
234.37, 84176
234.371, 84176
234.372, 84176
234.373, 84176
234.374, 84176
234.376, 84176
234.377, 83960
234.378, 83960
234.383, 83960
234.385, 83960
234.386, 83960
234.387, 83960
234.388, 83960
234.39, 83960
234.391, 83960
234.392, 83960
234.393, 84392
234.394, 84392
234.396, 84392
234.398, 84392
234.4, 84392
234.402, 84392
234.404, 84392
234.41, 84392
234.411, 84608
234.412, 84608
234.413, 84608
234.414, 84608
234.416, 84608
234.417, 84608
234.418, 84608
234.419, 84392
234.42, 84392
234.421, 84392
234.422, 84392
234.424, 84392
234.426, 84392
234.429, 84608
234.43, 84608
234.431, 84608
234.432, 84608
234.434, 84608
234.435, 84608
234.436, 84824
234.437, 84824
234.438, 84824
234.439, 84824
234.44, 84824
234.442, 84824
234.443, 84824
234.444, 84824
234.445, 85040
234.446, 85040
234.447, 85040
234.449, 85040
234.45, 85040
234.451, 85040
234.452, 85040
234.453, 85040
234.455, 85040
234.456, 85040
234.458, 85040
234.459, 85040
234.46, 85040
234.462, 85256
234.463, 85256
234.464, 85256
234.466, 85256
234.467, 85256
234.468, 85256
234.469, 85256
234.471, 85256
234.472, 85256
234.473, 85256
234.474, 85256
234.476, 85256
234.477, 85256
234.478, 85256
234.479, 85040
234.48, 85040
234.482, 85040
234.483, 85040
234.484, 85040
234.485, 85040
234.487, 85040
234.488, 85040
234.489, 85040
234.49, 85040
234.491, 85040
234.492, 85040
234.494, 85040
234.495, 85040
234.496, 84824
234.498, 84824
234.499, 84824
234.5, 84824
234.502, 84824
234.503, 84824
234.504, 84824
234.506, 84824
234.507, 84824
234.509, 84824
234.51, 84824
234.512, 84824
234.513, 84824
234.514, 84824
234.516, 84824
234.517, 84824
234.518, 84824
234.52, 84824
234.521, 84608
234.522, 84608
234.524, 84608
234.525, 84608
234.526, 84608
234.527, 84608
234.529, 84608
234.53, 84608
234.531, 84608
234.533, 84608
234.534, 84608
234.535, 84608
234.536, 84608
234.538, 84608
234.539, 84392
234.54, 84392
234.541, 84392
234.542, 84392
234.544, 84392
234.545, 84392
234.546, 84392
234.547, 84608
234.548, 84608
234.55, 84608
234.551, 84608
234.552, 84608
234.553, 84608
234.554, 84608
234.556, 84608
234.557, 84608
234.558, 84608
234.559, 84608
234.56, 84608
234.562, 84608
234.563, 84608
234.564, 84608
234.566, 84608
234.567, 84608
234.568, 84608
234.569, 84608
234.57, 84608
234.571, 84608
234.573, 84608
234.574, 84608
234.575, 84608
234.576, 84608
234.578, 84608
234.579, 84608
234.58, 84608
234.581, 84392
234.582, 84392
234.583, 84392
234.585, 84392
234.586, 84392
234.587, 84392
234.588, 84392
234.589, 84392
234.59, 84608
234.591, 84608
234.593, 84608
234.594, 84608
234.595, 84608
234.597, 84608
234.598, 84392
234.599, 84392
234.6, 84392
234.602, 84392
234.603, 84392
234.604, 84392
234.605, 84392
234.606, 84392
234.607, 84392
234.609, 84392
234.61, 84392
234.611, 84392
234.613, 84392
234.614, 84392
234.615, 84176
234.616, 84176
234.617, 84176
234.618, 84176
234.62, 84176
234.621, 84176
234.622, 84176
234.623, 84176
234.625, 84392
234.626, 84392
234.627, 84392
234.629, 84392
234.63, 84392
234.631, 84392
234.632, 84176
234.634, 84176
234.635, 84176
234.636, 84176
234.638, 84176
234.639, 84176
234.64, 84176
234.641, 84392
234.643, 84392
234.644, 84392
234.645, 84392
234.646, 84392
234.647, 84392
234.649, 84392
234.65, 84176
234.651, 84176
234.652, 84176
234.653, 84176
234.655, 84176
234.656, 84176
234.657, 84176
234.658, 84176
234.66, 84176
234.661, 84176
234.662, 84176
234.663, 84176
234.664, 84176
234.666, 84176
234.667, 84176
234.668, 84176
234.669, 84176
234.671, 84176
234.672, 84176
234.673, 84176
234.674, 84176
234.676, 84176
234.677, 84176
234.678, 84176
234.679, 84176
234.68, 84176
234.682, 84176
234.683, 84176
234.685, 84176
234.687, 84176
234.688, 84176
234.689, 84176
234.691, 84176
234.692, 84176
234.693, 84176
234.694, 84176
234.695, 84176
234.697, 84176
234.698, 84176
234.699, 84176
234.7, 84176
234.701, 83960
234.702, 83960
234.704, 83960
234.705, 83960
234.706, 83960
234.707, 83960
234.708, 83960
234.71, 84176
234.711, 84176
234.712, 84176
234.714, 84176
234.715, 84176
234.716, 84176
234.718, 84176
234.719, 84176
234.72, 84176
234.722, 84176
234.723, 84176
234.724, 84176
234.725, 84176
234.727, 84176
234.728, 84176
234.729, 84176
234.731, 84176
234.732, 84176
234.733, 84176
234.735, 84176
234.736, 84176
234.737, 84176
234.739, 84176
234.74, 84176
234.741, 84176
234.742, 84176
234.743, 83960
234.745, 83960
234.746, 83960
234.747, 83960
234.748, 83960
234.75, 83960
234.751, 83960
234.752, 83960
234.753, 83960
234.754, 83960
234.756, 83960
234.757, 83960
234.758, 83960
234.759, 83960
234.761, 83960
234.762, 83960
234.764, 83960
234.765, 83960
234.767, 83960
234.768, 83960
234.769, 83960
234.771, 83960
234.772, 83960
234.773, 83960
234.774, 83960
234.775, 83960
234.777, 83960
234.778, 83960
234.779, 83960
234.78, 83960
234.782, 83960
234.783, 83960
234.784, 83960
234.785, 83960
234.786, 83960
234.787, 83960
234.789, 83960
234.79, 83960
234.792, 83960
234.793, 83960
234.794, 83960
234.796, 83960
234.797, 83960
234.798, 83960
234.8, 83960
234.801, 83960
234.802, 83960
234.803, 83960
234.804, 83960
234.805, 83960
234.807, 83960
234.808, 83960
234.809, 83960
234.811, 83960
234.812, 83960
234.814, 83960
234.815, 83960
234.816, 83960
234.817, 83960
234.818, 83960
234.82, 83960
234.821, 83960
234.823, 83960
234.824, 83960
234.826, 83960
234.827, 83960
234.828, 83960
234.829, 83960
234.831, 83960
234.832, 83960
234.833, 83960
234.834, 83960
234.835, 83960
234.837, 83960
234.838, 83960
234.839, 83960
234.841, 83960
234.842, 83960
234.843, 83960
234.844, 83960
234.845, 83960
234.846, 83960
234.848, 83960
234.849, 83960
234.85, 83960
234.852, 83960
234.853, 83960
234.854, 83960
234.855, 83960
234.856, 83960
234.857, 83960
234.858, 83960
234.86, 83960
234.861, 83960
234.862, 83960
234.863, 83960
234.865, 83960
234.866, 83960
234.867, 83960
234.869, 83960
234.87, 83960
234.871, 83744
234.872, 83744
234.873, 83744
234.875, 83744
234.877, 83744
234.879, 83744
234.88, 83744
234.882, 83744
234.883, 83744
234.885, 83744
234.886, 83744
234.887, 83744
234.889, 83528
234.89, 83528
234.891, 83528
234.893, 83528
234.894, 83528
234.895, 83528
234.896, 83528
234.898, 83528
234.899, 83528
234.9, 83528
234.901, 83528
234.902, 83528
234.903, 83528
234.904, 83528
234.906, 83312
234.907, 83312
234.908, 83312
234.909, 83312
234.911, 83312
234.912, 83312
234.913, 83312
234.915, 83312
234.916, 83312
234.917, 83312
234.919, 83312
234.92, 83312
234.921, 83312
234.922, 83528
234.923, 83528
234.924, 83528
234.926, 83528
234.927, 83528
234.928, 83528
234.929, 83528
234.93, 83528
234.931, 83096
234.933, 83096
234.934, 83096
234.935, 83096
234.936, 83096
234.937, 83096
234.938, 83096
234.939, 82880
234.941, 82880
234.942, 82880
234.943, 82880
234.944, 82880
234.945, 82880
234.947, 82880
234.948, 82880
234.95, 82880
234.951, 82880
234.952, 82880
234.954, 82880
234.955, 82880
234.956, 82880
234.957, 83312
234.958, 83312
234.959, 83312
234.96, 83312
234.962, 83312
234.963, 83312
234.964, 83312
234.966, 83528
234.967, 83528
234.968, 83528
234.97, 83528
234.971, 83528
234.972, 83528
234.974, 83528
234.975, 83528
234.976, 83528
234.977, 83528
234.979, 83528
234.98, 83528
234.981, 83528
234.983, 83744
234.984, 83744
234.985, 83744
234.986, 83744
234.987, 83744
234.988, 83744
234.989, 83744
234.991, 83744
234.992, 83744
234.993, 83744
234.994, 83744
234.995, 83744
234.997, 83744
234.998, 83744
234.999, 83744
235, 83744
235.002, 83744
235.003, 83744
235.004, 83744
235.005, 83744
235.006, 83744
235.007, 83744
235.008, 83744
235.01, 83744
235.011, 83744
235.012, 83744
235.013, 83744
235.014, 83744
235.016, 83744
235.017, 83744
235.018, 83744
235.02, 83744
235.021, 83744
235.022, 83744
235.023, 83744
235.025, 83744
235.026, 83744
235.027, 83744
235.028, 83744
235.03, 83744
235.031, 83744
235.032, 83744
235.033, 83528
235.034, 83528
235.035, 83528
235.036, 83528
235.038, 83528
235.039, 83528
235.04, 83528
235.041, 83528
235.043, 83096
235.044, 83096
235.045, 83096
235.047, 83096
235.048, 83096
235.049, 83096
235.05, 83528
235.051, 83528
235.053, 83528
235.054, 83528
235.055, 83528
235.056, 83528
235.057, 83528
235.058, 83528
235.059, 83744
235.061, 83744
235.062, 83744
235.063, 83744
235.064, 83744
235.065, 83744
235.066, 83744
235.068, 83744
235.069, 83744
235.07, 83744
235.071, 83744
235.072, 83744
235.074, 83744
235.075, 83744
235.076, 83960
235.078, 83960
235.079, 83960
235.08, 83960
235.081, 83960
235.082, 83960
235.084, 83960
235.085, 83960
235.086, 83960
235.087, 83960
235.089, 83960
235.09, 83960
235.091, 83960
235.093, 83960
235.094, 83960
235.095, 83960
235.096, 83960
235.098, 83960
235.099, 83960
235.1, 83960
235.101, 83960
235.103, 83960
235.105, 83960
235.106, 83960
235.108, 83960
235.11, 83960
235.112, 83960
235.113, 83960
235.114, 83960
235.116, 83960
235.117, 83960
235.118, 83960
235.119, 83960
235.121, 83960
235.122, 83960
235.123, 83960
235.124, 83960
235.126, 83960
235.127, 83960
235.128, 83960
235.13, 83960
235.131, 83960
235.133, 83960
235.134, 83960
235.136, 83960
235.138, 83960
235.139, 83960
235.141, 83960
235.143, 83960
235.145, 83960
235.146, 83960
235.148, 83960
235.149, 83960
235.15, 83960
235.152, 83960
235.153, 83960
235.155, 83960
235.156, 83960
235.157, 83960
235.158, 83960
235.16, 83960
235.161, 83960
235.162, 83960
235.163, 83960
235.165, 83960
235.166, 83960
235.167, 83960
235.168, 83960
235.17, 83960
235.171, 83960
235.172, 83960
235.173, 83960
235.175, 83960
235.176, 83960
235.177, 83960
235.178, 83960
235.18, 83960
235.181, 83960
235.182, 83960
235.183, 83960
235.185, 83960
235.192, 83960
235.193, 83960
235.195, 83960
235.196, 83960
235.197, 83960
235.198, 83960
235.2, 83960
235.201, 83960
235.202, 83960
235.203, 83960
235.205, 83960
235.206, 83960
235.207, 83960
235.208, 83960
235.21, 83960
235.211, 83960
235.212, 83960
235.226, 83960
235.228, 83960
235.229, 83960
235.231, 83960
235.232, 83960
235.233, 83960
235.234, 83960
235.236, 83960
235.237, 83960
235.238, 83960
235.239, 83960
235.241, 83960
235.242, 83960
235.243, 83960
235.245, 83960
235.246, 83960
235.247, 83960
235.248, 83960
235.25, 83960
235.251, 83960
235.252, 83960
235.253, 83960
235.255, 83960
235.256, 84176
235.257, 84176
235.258, 84176
235.26, 84176
235.261, 84176
235.262, 84176
235.263, 84176
235.265, 83960
235.266, 83960
235.267, 83960
235.268, 83960
235.27, 83960
235.271, 83960
235.272, 83960
235.274, 83960
235.275, 83960
235.276, 83960
235.278, 83960
235.279, 83960
235.281, 83960
235.282, 83960
235.284, 83960
235.285, 83960
235.286, 83960
235.287, 83960
235.289, 83960
235.29, 83960
235.291, 83960
235.293, 83960
235.294, 83960
235.295, 83960
235.296, 83960
235.298, 83960
235.299, 83960
235.3, 83960
235.302, 83960
235.307, 83960
235.309, 83960
235.31, 83960
235.311, 83960
235.313, 83960
235.314, 83960
235.315, 83960
235.316, 83960
235.318, 83960
235.319, 83960
235.32, 83960
235.321, 83960
235.323, 83960
235.324, 83960
235.325, 83960
235.327, 83960
235.328, 83960
235.342, 84176
235.344, 84176
235.345, 84176
235.346, 84176
235.348, 84176
235.349, 83960
235.35, 83960
235.352, 83960
235.353, 83960
235.354, 83960
235.355, 83960
235.357, 83960
235.358, 83528
235.359, 83528
235.36, 83528
235.361, 83528
235.363, 83528
235.364, 83528
235.365, 83528
235.367, 83744
235.368, 83744
235.369, 83744
235.37, 83744
235.372, 83744
235.373, 83744
235.374, 83744
235.376, 83960
235.377, 83960
235.378, 83960
235.379, 83960
235.381, 83960
235.382, 83960
235.383, 83744
235.384, 83744
235.386, 83744
235.387, 83744
235.388, 83744
235.39, 83744
235.392, 83960
235.393, 83960
235.395, 83960
235.396, 83960
235.398, 83960
235.399, 83960
235.4, 83960
235.401, 83960
235.403, 83960
235.404, 83960
235.405, 83960
235.406, 83960
235.408, 83960
235.409, 83960
235.41, 83960
235.411, 83960
235.413, 83960
235.414, 83960
235.415, 83960
235.416, 83960
235.418, 83960
235.421, 83960
235.423, 83960
235.424, 83960
235.425, 83960
235.427, 83960
235.428, 83960
235.43, 83960
235.431, 83960
235.432, 83960
235.433, 83960
235.446, 83960
235.448, 83960
235.449, 83960
235.45, 83960
235.451, 83960
235.452, 83744
235.453, 83744
235.458, 83744
235.462, 83528
235.463, 83528
235.464, 83528
235.465, 83528
235.467, 83528
235.468, 83528
235.47, 83528
235.472, 83528
235.478, 83528
235.482, 83528
235.483, 83528
235.485, 83528
235.486, 83744
235.487, 83744
235.488, 83744
235.489, 83744
235.49, 83744
235.492, 83744
235.493, 83744
235.494, 83744
235.495, 83312
235.496, 83312
235.498, 83312
235.5, 83312
235.506, 83312
235.507, 83312
235.508, 83312
235.51, 83312
235.511, 83312
235.512, 83528
235.513, 83528
235.514, 83528
235.515, 83528
235.516, 83528
235.518, 83528
235.519, 83528
235.52, 83312
235.521, 83312
235.522, 83312
235.523, 83312
235.524, 83312
235.526, 83312
235.527, 83312
235.528, 83312
235.529, 83096
235.53, 83096
235.531, 83096
235.533, 83096
235.534, 83096
235.535, 83096
235.536, 83312
235.538, 83312
235.539, 83312
235.54, 83312
235.541, 83312
235.542, 83312
235.544, 83312
235.545, 83312
235.546, 83312
235.547, 83312
235.548, 83312
235.549, 83312
235.551, 83312
235.552, 83312
235.553, 83312
235.555, 83096
235.556, 83096
235.557, 83096
235.558, 83096
235.56, 83096
235.561, 83096
235.562, 83528
235.563, 83528
235.565, 83528
235.566, 83528
235.567, 83528
235.568, 83528
235.569, 83528
235.57, 83528
235.572, 83528
235.573, 83528
235.574, 83528
235.575, 83528
235.576, 83528
235.577, 83528
235.578, 83528
235.58, 83096
235.581, 83096
235.582, 83096
235.584, 83096
235.585, 83096
235.586, 83096
235.587, 83096
235.588, 83528
235.59, 83528
235.591, 83528
235.592, 83528
235.593, 83528
235.594, 83528
235.595, 83528
235.596, 83744
235.598, 83744
235.599, 83744
235.6, 83744
235.602, 83744
235.603, 83744
235.604, 83744
235.606, 83744
235.607, 83744
235.608, 83744
235.609, 83744
235.611, 83744
235.612, 83744
235.613, 83744
235.614, 83960
235.615, 83960
235.616, 83960
235.618, 83960
235.619, 83960
235.62, 83960
235.621, 83960
235.622, 83960
235.623, 83960
235.625, 83960
235.626, 83960
235.627, 83960
235.628, 83960
235.629, 83960
235.631, 83744
235.632, 83744
235.633, 83744
235.634, 83744
235.635, 83744
235.636, 83744
235.637, 83744
235.639, 83744
235.64, 83744
235.641, 83744
235.642, 83744
235.643, 83744
235.644, 83744
235.645, 83744
235.647, 83744
235.648, 83528
235.649, 83528
235.65, 83528
235.651, 83528
235.652, 83528
235.653, 83528
235.655, 83528
235.656, 83528
235.657, 83528
235.658, 83528
235.659, 83528
235.66, 83528
235.662, 83528
235.663, 83528
235.664, 83528
235.665, 83528
235.666, 83528
235.667, 83528
235.668, 83528
235.67, 83528
235.671, 83528
235.672, 83528
235.673, 83528
235.674, 83528
235.675, 83528
235.677, 83528
235.678, 83528
235.679, 83528
235.68, 83528
235.681, 83528
235.682, 83528
235.683, 83528
235.685, 83528
235.686, 83528
235.687, 83528
235.688, 83528
235.689, 83528
235.69, 83312
235.692, 83312
235.693, 83312
235.694, 83312
235.695, 83312
235.697, 83312
235.698, 83312
235.699, 83528
235.7, 83528
235.701, 83528
235.702, 83528
235.704, 83528
235.705, 83528
235.706, 83528
235.707, 83312
235.708, 83312
235.71, 83312
235.711, 83312
235.712, 83312
235.713, 83312
235.714, 83312
235.715, 83312
235.717, 83312
235.718, 83312
235.719, 83312
235.72, 83312
235.721, 83312
235.723, 83312
235.724, 83312
235.725, 83312
235.726, 83312
235.727, 83312
235.729, 83312
235.73, 83312
235.731, 83312
235.732, 83312
235.733, 83312
235.734, 83312
235.736, 83312
235.737, 83312
235.738, 83312
235.739, 83312
235.74, 83312
235.741, 83312
235.743, 83312
235.744, 83312
235.745, 83312
235.746, 83312
235.747, 83312
235.748, 83312
235.75, 83312
235.751, 83312
235.752, 83312
235.753, 83312
235.754, 83312
235.755, 83312
235.757, 83312
235.758, 83312
235.759, 83312
235.76, 83312
235.761, 83312
235.762, 83312
235.763, 83312
235.765, 83312
235.766, 83312
235.767, 83312
235.768, 83312
235.769, 83312
235.77, 83312
235.772, 83312
235.773, 83312
235.774, 83312
235.775, 83312
235.776, 83312
235.777, 83312
235.779, 83312
235.78, 83312
235.781, 83312
235.782, 83312
235.783, 83312
235.784, 83312
235.786, 83312
235.787, 83312
235.788, 83312
235.789, 83312
235.79, 83312
235.792, 83312
235.793, 83312
235.794, 83312
235.795, 83312
235.796, 83312
235.797, 83312
235.798, 83312
235.8, 83312
235.801, 83312
235.802, 83312
235.803, 83312
235.804, 83312
235.805, 83312
235.807, 83312
235.808, 83312
235.809, 83312
235.81, 83312
235.811, 83312
235.812, 83312
235.813, 83312
235.815, 83312
235.816, 83312
235.817, 83312
235.818, 83312
235.819, 83312
235.82, 83312
235.821, 83312
235.823, 83312
235.824, 83312
235.825, 83312
235.826, 83312
235.827, 83312
235.828, 83312
235.829, 83312
235.831, 83312
235.832, 83312
235.833, 83312
235.834, 83312
235.835, 83312
235.836, 83312
235.838, 83312
235.839, 83312
235.84, 83312
235.841, 83312
235.842, 83312
235.843, 83312
235.844, 83312
235.846, 83312
235.847, 83312
235.848, 83312
235.849, 83312
235.85, 83312
235.851, 83312
235.852, 83312
235.854, 83312
235.855, 83312
235.856, 83312
235.857, 83312
235.858, 83312
235.859, 83312
235.86, 83312
235.862, 83312
235.863, 83312
235.864, 83312
235.865, 83312
235.866, 83312
235.867, 83312
235.868, 83312
235.87, 83312
235.871, 83312
235.872, 83312
235.873, 83312
235.874, 83312
235.875, 83312
235.876, 83312
235.878, 83312
235.879, 83312
235.88, 83312
235.881, 83312
235.882, 83312
235.883, 83312
235.884, 83312
235.886, 83312
235.887, 83312
235.888, 83312
235.889, 83312
235.89, 83312
235.891, 83312
235.892, 83312
235.894, 83312
235.895, 83312
235.896, 83312
235.897, 83312
235.898, 83312
235.9, 83312
235.901, 83312
235.902, 83312
235.903, 83312
235.904, 83528
235.905, 83528
235.907, 83528
235.908, 83528
235.909, 83528
235.91, 83528
235.911, 83528
235.913, 83312
235.914, 83312
235.915, 83312
235.916, 83312
235.917, 83312
235.919, 83312
235.92, 83312
235.921, 83528
235.922, 83528
235.923, 83528
235.924, 83528
235.926, 83528
235.927, 83528
235.928, 83528
235.929, 83312
235.93, 83312
235.932, 83312
235.933, 83312
235.934, 83312
235.935, 83312
235.936, 83312
235.938, 83312
235.939, 83312
235.94, 83312
235.941, 83312
235.942, 83312
235.943, 83312
235.945, 83312
235.946, 83312
235.947, 83312
235.948, 83312
235.949, 83312
235.95, 83312
235.951, 83312
235.953, 83312
235.954, 83312
235.955, 83312
235.956, 83312
235.957, 83312
235.958, 83312
235.96, 83312
235.961, 83312
235.962, 83312
235.963, 83312
235.964, 83312
235.966, 83312
235.967, 83312
235.968, 83312
235.969, 83312
235.972, 83312
235.973, 83312
235.974, 83312
235.975, 83312
235.977, 83312
235.978, 83312
235.979, 83312
235.98, 83312
235.982, 83312
235.983, 83312
235.984, 83312
235.985, 83312
235.987, 83312
235.988, 83312
235.99, 83312
235.991, 83312
235.992, 83312
235.993, 83312
235.994, 83312
235.996, 83312
235.997, 83312
235.998, 83312
236, 83312
236.002, 83312
236.004, 83312
236.005, 83312
236.007, 83096
236.008, 83096
236.009, 83096
236.01, 83096
236.012, 83096
236.013, 83096
236.014, 83096
236.015, 83312
236.016, 83312
236.018, 83312
236.019, 83312
236.02, 83312
236.021, 83312
236.022, 83312
236.023, 83096
236.024, 83096
236.026, 83096
236.027, 83096
236.028, 83096
236.029, 83096
236.03, 83096
236.031, 83096
236.032, 82880
236.034, 82880
236.035, 82880
236.036, 82880
236.037, 82880
236.038, 82880
236.039, 82880
236.04, 82880
236.042, 82880
236.043, 82880
236.044, 82880
236.045, 82880
236.046, 82880
236.047, 82880
236.048, 82880
236.05, 82664
236.051, 82664
236.052, 82664
236.053, 82664
236.054, 82664
236.055, 82664
236.056, 82664
236.058, 82664
236.059, 82664
236.06, 82664
236.061, 82664
236.062, 82664
236.063, 82664
236.065, 82664
236.066, 82664
236.067, 82664
236.068, 82664
236.069, 82664
236.07, 82664
236.071, 82664
236.073, 82664
236.074, 82664
236.075, 82448
236.076, 82448
236.077, 82448
236.078, 82448
236.079, 82448
236.081, 82448
236.082, 82448
236.083, 82448
236.084, 82448
236.085, 82448
236.086, 82448
236.087, 82448
236.089, 82448
236.09, 82448
236.091, 82448
236.092, 82448
236.093, 82448
236.094, 82448
236.095, 82448
236.097, 82448
236.098, 82448
236.099, 82448
236.1, 82448
236.101, 82448
236.105, 82448
236.115, 82448
236.116, 82448
236.12, 82664
236.121, 82664
236.123, 82664
236.124, 82664
236.126, 82880
236.127, 82880
236.128, 82880
236.129, 82880
236.131, 82880
236.132, 82880
236.133, 82880
236.134, 82880
236.135, 82880
236.136, 82880
236.138, 82880
236.139, 82880
236.14, 82880
236.141, 82880
236.142, 82880
236.143, 82664
236.144, 82664
236.146, 82664
236.147, 82664
236.148, 82664
236.149, 82664
236.15, 82664
236.151, 82664
236.152, 82664
236.154, 82664
236.155, 82664
236.156, 82664
236.157, 82664
236.158, 82664
236.159, 82664
236.16, 82448
236.162, 82448
236.163, 82448
236.164, 82448
236.165, 82448
236.166, 82448
236.167, 82448
236.168, 82448
236.17, 82448
236.171, 82448
236.172, 82448
236.173, 82448
236.174, 82448
236.175, 82448
236.177, 82448
236.178, 82448
236.179, 82448
236.18, 82448
236.181, 82448
236.182, 82448
236.183, 82448
236.185, 82448
236.186, 82448
236.187, 82448
236.188, 82448
236.189, 82448
236.19, 82448
236.191, 82448
236.193, 82448
236.194, 82232
236.195, 82232
236.196, 82232
236.197, 82232
236.198, 82232
236.199, 82232
236.201, 82232
236.202, 82232
236.203, 82232
236.204, 82232
236.205, 82232
236.206, 82232
236.207, 82232
236.209, 82232
236.21, 82232
236.211, 82232
236.212, 82232
236.213, 82232
236.214, 82232
236.215, 82232
236.217, 82232
236.218, 82232
236.219, 82232
236.221, 82232
236.223, 82232
236.224, 82232
236.228, 82232
236.229, 82232
236.231, 82232
236.232, 82232
236.234, 82232
236.235, 82232
236.237, 82664
236.238, 82664
236.239, 82664
236.24, 82664
236.241, 82664
236.243, 82664
236.244, 82664
236.245, 82664
236.246, 82664
236.247, 82664
236.248, 82664
236.249, 82664
236.251, 82664
236.252, 82664
236.253, 82664
236.254, 82448
236.255, 82448
236.256, 82448
236.257, 82448
236.259, 82448
236.26, 82448
236.261, 82448
236.262, 82448
236.263, 82448
236.264, 82448
236.265, 82448
236.267, 82448
236.268, 82448
236.269, 82448
236.27, 82448
236.271, 82448
236.272, 82448
236.273, 82448
236.275, 82448
236.276, 82448
236.277, 82448
236.278, 82448
236.279, 82448
236.28, 82448
236.282, 82448
236.283, 82448
236.284, 82448
236.285, 82448
236.286, 82448
236.287, 82448
236.288, 82232
236.29, 82232
236.291, 82232
236.292, 82232
236.293, 82232
236.294, 82232
236.295, 82232
236.297, 82232
236.298, 82232
236.299, 82232
236.3, 82232
236.301, 82232
236.302, 82232
236.303, 82232
236.304, 82232
236.306, 82232
236.307, 82232
236.308, 82232
236.309, 82232
236.31, 82232
236.311, 82232
236.312, 82232
236.314, 82232
236.315, 82232
236.316, 82232
236.317, 82232
236.318, 82232
236.319, 82232
236.323, 82232
236.324, 82232
236.328, 82232
236.329, 82232
236.331, 82448
236.332, 82448
236.333, 82448
236.335, 82448
236.336, 82448
236.337, 82448
236.338, 82448
236.34, 82448
236.341, 82448
236.342, 82448
236.343, 82448
236.344, 82448
236.345, 82448
236.346, 82448
236.348, 82232
236.349, 82232
236.35, 82232
236.351, 82232
236.352, 82232
236.353, 82232
236.354, 82232
236.356, 82232
236.357, 82232
236.358, 82232
236.359, 82232
236.36, 82232
236.361, 82232
236.363, 82232
236.364, 82232
236.365, 82232
236.366, 82232
236.367, 82232
236.368, 82232
236.369, 82232
236.371, 82232
236.372, 82232
236.373, 82232
236.374, 82232
236.375, 82232
236.376, 82232
236.377, 82232
236.379, 82232
236.38, 82232
236.381, 82232
236.382, 82016
236.383, 82016
236.385, 82016
236.386, 82016
236.387, 82016
236.388, 82016
236.389, 82016
236.39, 82232
236.391, 82232
236.393, 82232
236.394, 82232
236.395, 82232
236.396, 82232
236.397, 82232
236.398, 82232
236.4, 82232
236.401, 82232
236.402, 82232
236.403, 82232
236.404, 82232
236.405, 82232
236.406, 82232
236.408, 82016
236.409, 82016
236.41, 82016
236.411, 82016
236.412, 82016
236.413, 82016
236.414, 82016
236.416, 82016
236.417, 82016
236.418, 82016
236.419, 82016
236.42, 82016
236.421, 82016
236.422, 82016
236.424, 82016
236.425, 82016
236.426, 82016
236.43, 82016
236.433, 82016
236.435, 82016
236.436, 82016
236.438, 82016
236.439, 82016
236.44, 82016
236.442, 82232
236.443, 82232
236.444, 82232
236.445, 82232
236.446, 82232
236.448, 82232
236.449, 82232
236.45, 82448
236.451, 82448
236.452, 82448
236.453, 82448
236.454, 82448
236.455, 82448
236.457, 82448
236.458, 82448
236.459, 82232
236.46, 82232
236.461, 82232
236.462, 82232
236.463, 82232
236.465, 82232
236.466, 82232
236.467, 82232
236.468, 82232
236.469, 82232
236.47, 82232
236.471, 82232
236.473, 82232
236.474, 82232
236.475, 82232
236.476, 82016
236.477, 82016
236.478, 82016
236.479, 82016
236.481, 82016
236.482, 82016
236.483, 82016
236.484, 82016
236.485, 82016
236.486, 82016
236.487, 82016
236.489, 82016
236.49, 82016
236.491, 82016
236.492, 82016
236.493, 82016
236.494, 82016
236.496, 82016
236.497, 82016
236.498, 82016
236.499, 82016
236.5, 82016
236.501, 82016
236.503, 82016
236.504, 82016
236.505, 82016
236.506, 82016
236.507, 82016
236.508, 82016
236.509, 81800
236.511, 81800
236.512, 81800
236.513, 81800
236.514, 81800
236.515, 81800
236.516, 81800
236.517, 81800
236.519, 81800
236.52, 81800
236.521, 81800
236.522, 81800
236.523, 81800
236.524, 81800
236.525, 81800
236.527, 81800
236.528, 81800
236.531, 81800
236.536, 82016
236.537, 82232
236.547, 82232
236.548, 82232
236.549, 82232
236.551, 82232
236.553, 82448
236.554, 82448
236.555, 82448
236.557, 82448
236.558, 82448
236.56, 82448
236.561, 82448
236.562, 82448
236.563, 82448
236.565, 82448
236.566, 82448
236.567, 82448
236.569, 82448
236.57, 82448
236.571, 82448
236.573, 82448
236.574, 82448
236.575, 82448
236.576, 82448
236.578, 82448
236.579, 82448
236.58, 82448
236.581, 82448
236.583, 82448
236.584, 82448
236.585, 82448
236.587, 82448
236.588, 82448
236.589, 82448
236.591, 82448
236.592, 82448
236.593, 82448
236.595, 82448
236.596, 82448
236.597, 82448
236.598, 82448
236.6, 82448
236.601, 82448
236.602, 82448
236.603, 82448
236.605, 82448
236.606, 82448
236.607, 82448
236.609, 82448
236.61, 82448
236.611, 82448
236.613, 82448
236.614, 82448
236.616, 82448
236.617, 82448
236.618, 82448
236.62, 82448
236.621, 82448
236.622, 82448
236.623, 82448
236.625, 82448
236.626, 82448
236.628, 82448
236.629, 82448
236.63, 82448
236.631, 82448
236.633, 82448
236.634, 82448
236.635, 82448
236.636, 82448
236.638, 82448
236.639, 82448
236.64, 82448
236.641, 82448
236.643, 82448
236.644, 82448
236.645, 82448
236.646, 82448
236.647, 82448
236.648, 82448
236.65, 82448
236.651, 82448
236.652, 82448
236.653, 82448
236.654, 82448
236.655, 82448
236.656, 82448
236.658, 82448
236.659, 82448
236.66, 82448
236.661, 82448
236.662, 82448
236.663, 82448
236.664, 82448
236.666, 82448
236.667, 82448
236.668, 82448
236.669, 82448
236.67, 82448
236.671, 82448
236.672, 82232
236.674, 82232
236.675, 82232
236.676, 82232
236.677, 82232
236.678, 82232
236.679, 82232
236.68, 82232
236.682, 82232
236.683, 82232
236.684, 82232
236.685, 82232
236.686, 82232
236.687, 82232
236.688, 82232
236.69, 82232
236.691, 82232
236.692, 82232
236.693, 82232
236.694, 82232
236.695, 82232
236.696, 82232
236.698, 82016
236.699, 82016
236.7, 82016
236.701, 82016
236.702, 82016
236.703, 82016
236.704, 82016
236.706, 82016
236.707, 82016
236.708, 82016
236.709, 82016
236.71, 82016
236.711, 82016
236.712, 82016
236.714, 82016
236.715, 82016
236.716, 82016
236.717, 82016
236.718, 82016
236.719, 82016
236.721, 82016
236.722, 82016
236.723, 82016
236.724, 82016
236.725, 82016
236.726, 82016
236.727, 82016
236.729, 82016
236.73, 82016
236.731, 82016
236.732, 81800
236.733, 81800
236.734, 81800
236.735, 81800
236.737, 81800
236.738, 81800
236.739, 81800
236.74, 81800
236.741, 81800
236.742, 81800
236.744, 81800
236.745, 81800
236.746, 81800
236.747, 81800
236.748, 81800
236.749, 81800
236.75, 81800
236.752, 81800
236.753, 81800
236.754, 81800
236.755, 81800
236.756, 81800
236.757, 81800
236.758, 81800
236.76, 81800
236.761, 81800
236.762, 81800
236.763, 81800
236.764, 81800
236.766, 81800
236.767, 81800
236.768, 81800
236.769, 81800
236.77, 81800
236.771, 81800
236.772, 81800
236.774, 81800
236.775, 81800
236.776, 81800
236.777, 81800
236.778, 81800
236.779, 81800
236.78, 81800
236.782, 81800
236.783, 81800
236.784, 81800
236.785, 81800
236.786, 81800
236.787, 81800
236.788, 81800
236.79, 81800
236.791, 81800
236.792, 81800
236.793, 81800
236.794, 81800
236.795, 81800
236.796, 81800
236.798, 81800
236.799, 81800
236.8, 81800
236.801, 81800
236.802, 81800
236.803, 81800
236.804, 81800
236.806, 81800
236.807, 81800
236.808, 81800
236.809, 81800
236.81, 81800
236.811, 81800
236.812, 81800
236.814, 81800
236.815, 81800
236.816, 81800
236.817, 81800
236.818, 81800
236.819, 81800
236.82, 81800
236.822, 81800
236.823, 81800
236.824, 81800
236.825, 81800
236.826, 81800
236.827, 81800
236.828, 81800
236.83, 81800
236.831, 81800
236.832, 81800
236.833, 81800
236.834, 81800
236.835, 81800
236.836, 81800
236.838, 81800
236.839, 81800
236.84, 81800
236.841, 81800
236.842, 81800
236.843, 81800
236.844, 81800
236.846, 81800
236.847, 81800
236.848, 81800
236.849, 81800
236.85, 81800
236.851, 81800
236.852, 81800
236.854, 81800
236.855, 81800
236.856, 81800
236.857, 81800
236.858, 81800
236.859, 81800
236.861, 81800
236.862, 81800
236.863, 81800
236.864, 81800
236.865, 81800
236.866, 81800
236.867, 81800
236.869, 81800
236.87, 81800
236.871, 81800
236.872, 81800
236.873, 81800
236.874, 81800
236.875, 81800
236.877, 81800
236.878, 81800
236.879, 81800
236.88, 81800
236.881, 81800
236.882, 81800
236.883, 81800
236.885, 81800
236.886, 81800
236.887, 81800
236.888, 81800
236.889, 81800
236.89, 81800
236.891, 81800
236.893, 81800
236.894, 81800
236.895, 81800
236.896, 81800
236.897, 81800
236.898, 81800
236.899, 81800
236.901, 81800
236.902, 81800
236.903, 81800
236.904, 81800
236.905, 81800
236.906, 81800
236.907, 81800
236.908, 81800
236.91, 81800
236.911, 81800
236.912, 81800
236.913, 81800
236.914, 81800
236.915, 81800
236.917, 81800
236.918, 81800
236.919, 81800
236.92, 81800
236.921, 81800
236.922, 81800
236.923, 81800
236.925, 81800
236.926, 81800
236.927, 81800
236.928, 81800
236.929, 81800
236.93, 81800
236.931, 81800
236.933, 81800
236.934, 81800
236.935, 81800
236.936, 81800
236.937, 81800
236.938, 81800
236.939, 81800
236.941, 81800
236.942, 81800
236.943, 81800
236.944, 81800
236.945, 81800
236.946, 81800
236.947, 81800
236.949, 81800
236.95, 81800
236.951, 81800
236.952, 81800
236.953, 81800
236.954, 81800
236.955, 81800
236.957, 81800
236.958, 81800
236.959, 81800
236.96, 81800
236.961, 81800
236.962, 81800
236.963, 81800
236.965, 81800
236.966, 81800
236.967, 81800
236.968, 81800
236.969, 81800
236.97, 81800
236.971, 81800
236.973, 81800
236.974, 81800
236.975, 81800
236.976, 81800
236.977, 81800
236.978, 81800
236.979, 81800
236.981, 81800
236.982, 81800
236.983, 81800
236.984, 81800
236.985, 81800
236.986, 81800
236.987, 81800
236.989, 81800
236.99, 81800
236.991, 81800
236.992, 81800
236.993, 81800
236.994, 81800
236.995, 81800
236.997, 81584
236.998, 81584
236.999, 81584
237, 81584
237.001, 81584
237.002, 81584
237.003, 81584
237.005, 81584
237.006, 81584
237.007, 81584
237.008, 81584
237.009, 81584
237.01, 81584
237.011, 81584
237.013, 81584
237.014, 81584
237.015, 81584
237.016, 81584
237.017, 81584
237.018, 81584
237.019, 81584
237.021, 81584
237.022, 81584
237.023, 81584
237.024, 81584
237.025, 81584
237.026, 81584
237.027, 81584
237.028, 81584
237.03, 81584
237.031, 81584
237.032, 81584
237.033, 81584
237.034, 81584
237.035, 81584
237.036, 81584
237.038, 81584
237.039, 81584
237.04, 81584
237.041, 81584
237.042, 81584
237.043, 81584
237.044, 81584
237.046, 81584
237.047, 81584
237.048, 81584
237.049, 81584
237.05, 81584
237.051, 81584
237.052, 81584
237.054, 81584
237.055, 81584
237.056, 81584
237.057, 81584
237.058, 81584
237.073, 81800
237.08, 81800
237.081, 82232
237.082, 82232
237.084, 82232
237.085, 82232
237.086, 82232
237.087, 82232
237.088, 82232
237.089, 82232
237.091, 82232
237.092, 82232
237.093, 82232
237.102, 82232
237.103, 82232
237.105, 82232
237.106, 82232
237.107, 82232
237.108, 82232
237.109, 82232
237.11, 82232
237.112, 82232
237.114, 82232
237.115, 82232
237.116, 82448
237.117, 82448
237.118, 82448
237.12, 82448
237.121, 82448
237.122, 82448
237.123, 82448
237.124, 82448
237.125, 82448
237.127, 82448
237.128, 82448
237.129, 82448
237.13, 82448
237.131, 82448
237.133, 82664
237.134, 82664
237.135, 82664
237.136, 82664
237.137, 82664
237.138, 82664
237.14, 82664
237.141, 82664
237.142, 82664
237.143, 82664
237.144, 82664
237.145, 82664
237.147, 82664
237.148, 82664
237.149, 82664
237.15, 82664
237.152, 82664
237.153, 82664
237.154, 82664
237.156, 82664
237.157, 82664
237.159, 82664
237.16, 82664
237.162, 82664
237.163, 82664
237.164, 82664
237.166, 82664
237.167, 82880
237.168, 82880
237.17, 82880
237.171, 82880
237.172, 82880
237.173, 82880
237.175, 82880
237.176, 82880
237.177, 82880
237.178, 82880
237.18, 82880
237.181, 82880
237.182, 82880
237.183, 82880
237.185, 82664
237.186, 82664
237.187, 82664
237.188, 82664
237.19, 82664
237.191, 82664
237.192, 82880
237.193, 82880
237.195, 82880
237.196, 82880
237.197, 82880
237.198, 82880
237.2, 82880
237.201, 82880
237.202, 82880
237.203, 82880
237.205, 82880
237.206, 82880
237.207, 82880
237.209, 82880
237.21, 82880
237.211, 82880
237.213, 82880
237.214, 82880
237.215, 82880
237.217, 82880
237.218, 82880
237.219, 82880
237.221, 82880
237.222, 82880
237.223, 82880
237.225, 82880
237.226, 82880
237.228, 82880
237.229, 82880
237.23, 82880
237.231, 82880
237.233, 82880
237.234, 82880
237.235, 82880
237.237, 82880
237.238, 82880
237.24, 82880
237.241, 82880
237.242, 82880
237.243, 82880
237.245, 82880
237.246, 82880
237.247, 82880
237.249, 82880
237.25, 82880
237.251, 82880
237.253, 82880
237.254, 82880
237.256, 82880
237.257, 82880
237.258, 82880
237.259, 82880
237.26, 82880
237.261, 82880
237.263, 82880
237.264, 82880
237.265, 82880
237.266, 82880
237.267, 82880
237.268, 82880
237.27, 82664
237.271, 82664
237.272, 82664
237.273, 82664
237.274, 82664
237.275, 82664
237.276, 82664
237.278, 82448
237.279, 82448
237.28, 82448
237.281, 82448
237.282, 82448
237.283, 82448
237.285, 82448
237.286, 82448
237.287, 82448
237.288, 82448
237.289, 82448
237.29, 82448
237.291, 82448
237.293, 82448
237.294, 82448
237.295, 82448
237.296, 82448
237.297, 82448
237.298, 82448
237.299, 82448
237.301, 82448
237.302, 82448
237.303, 82232
237.304, 82232
237.305, 82232
237.306, 82232
237.308, 82232
237.309, 82232
237.31, 82232
237.311, 82232
237.312, 82232
237.313, 82232
237.315, 82232
237.316, 82232
237.317, 82232
237.318, 82232
237.319, 82232
237.32, 82232
237.321, 82232
237.323, 82232
237.324, 82232
237.325, 82232
237.326, 82232
237.327, 82232
237.328, 82232
237.329, 82016
237.331, 82016
237.332, 82016
237.333, 82016
237.334, 82016
237.335, 82016
237.336, 82016
237.337, 82016
237.339, 82016
237.34, 82016
237.341, 82016
237.342, 82016
237.343, 82016
237.344, 82016
237.345, 82016
237.347, 82016
237.348, 82016
237.349, 82016
237.35, 82016
237.351, 82016
237.352, 82016
237.354, 82016
237.355, 82016
237.356, 82016
237.357, 82016
237.358, 82016
237.359, 82016
237.361, 82016
237.362, 82016
237.363, 82016
237.365, 82016
237.366, 82016
237.368, 82016
237.369, 82016
237.37, 82016
237.371, 82016
237.372, 82232
237.373, 82232
237.375, 82232
237.376, 82232
237.377, 82232
237.378, 82232
237.379, 82232
237.38, 82232
237.382, 82232
237.383, 82232
237.384, 82232
237.385, 82232
237.386, 82232
237.387, 82232
237.388, 82016
237.39, 82016
237.391, 82016
237.392, 82016
237.393, 82016
237.394, 82016
237.395, 82016
237.396, 82016
237.398, 82016
237.399, 82016
237.4, 82016
237.401, 82016
237.402, 82016
237.403, 82016
237.405, 82016
237.406, 82016
237.407, 82016
237.408, 82016
237.409, 82016
237.41, 82016
237.411, 82016
237.413, 82016
237.414, 82016
237.415, 81800
237.416, 81800
237.417, 81800
237.418, 81800
237.419, 81800
237.421, 81800
237.422, 81800
237.423, 81800
237.424, 81800
237.425, 81800
237.426, 81800
237.427, 81800
237.429, 81800
237.43, 81800
237.431, 81800
237.432, 81800
237.433, 81800
237.434, 81800
237.435, 81800
237.437, 81800
237.438, 81800
237.439, 81800
237.44, 81800
237.441, 81800
237.442, 81800
237.443, 81800
237.445, 81800
237.446, 81800
237.447, 81800
237.448, 81800
237.449, 81800
237.45, 81800
237.451, 81800
237.453, 81800
237.454, 81800
237.455, 81800
237.456, 81800
237.457, 81800
237.458, 81800
237.459, 81800
237.461, 81800
237.462, 81800
237.463, 81800
237.464, 81800
237.465, 81800
237.466, 81800
237.468, 81800
237.469, 81800
237.47, 81800
237.471, 81800
237.472, 81800
237.473, 81800
237.474, 81584
237.476, 81584
237.477, 81584
237.478, 81584
237.479, 81584
237.48, 81584
237.481, 81584
237.482, 81584
237.484, 81584
237.485, 81584
237.486, 81584
237.487, 81584
237.488, 81584
237.489, 81584
237.49, 81584
237.492, 81584
237.493, 81584
237.494, 81584
237.495, 81584
237.496, 81584
237.497, 81584
237.498, 81584
237.5, 81584
237.501, 81584
237.502, 81584
237.503, 81584
237.504, 81584
237.505, 81584
237.507, 81584
237.508, 81584
237.509, 81584
237.51, 81584
237.511, 81584
237.512, 81584
237.513, 81584
237.515, 81584
237.516, 81584
237.517, 81584
237.518, 81584
237.519, 81584
237.52, 81584
237.521, 81584
237.523, 81584
237.524, 81584
237.525, 81584
237.526, 81584
237.527, 81584
237.528, 81584
237.529, 81584
237.531, 81584
237.532, 81584
237.533, 81584
237.534, 81584
237.535, 81584
237.536, 81584
237.537, 81584
237.539, 81584
237.54, 81584
237.541, 81584
237.542, 81584
237.543, 81584
237.544, 81584
237.545, 81584
237.547, 81584
237.548, 81584
237.549, 81584
237.55, 81584
237.551, 81584
237.552, 81584
237.553, 81584
237.555, 81584
237.556, 81584
237.557, 81584
237.558, 81584
237.559, 81584
237.56, 81584
237.562, 81584
237.563, 81584
237.564, 81584
237.565, 81584
237.566, 81584
237.567, 81584
237.568, 81584
237.57, 81584
237.571, 81584
237.572, 81584
237.573, 81584
237.574, 81584
237.575, 81584
237.576, 81584
237.578, 81584
237.579, 81584
237.58, 81584
237.581, 81584
237.582, 81584
237.583, 81584
237.584, 81584
237.586, 81584
237.587, 81584
237.588, 81584
237.589, 81584
237.59, 81584
237.591, 81584
237.592, 81584
237.594, 81584
237.595, 81584
237.596, 81584
237.597, 81584
237.598, 81584
237.599, 81584
237.6, 81584
237.602, 81584
237.603, 81368
237.604, 81368
237.605, 81368
237.606, 81368
237.607, 81368
237.608, 81368
237.61, 81368
237.611, 81368
237.612, 81368
237.613, 81368
237.614, 81368
237.615, 81368
237.616, 81368
237.618, 81368
237.619, 81368
237.62, 81368
237.621, 81368
237.622, 81368
237.623, 81368
237.625, 81368
237.626, 81368
237.627, 81368
237.628, 81368
237.629, 81368
237.63, 81368
237.631, 81368
237.633, 81368
237.634, 81368
237.635, 81368
237.636, 81368
237.637, 81368
237.638, 81368
237.64, 81368
237.641, 81368
237.642, 81368
237.643, 81368
237.644, 81368
237.645, 81368
237.646, 81368
237.648, 81368
237.649, 81368
237.65, 81368
237.651, 81368
237.666, 81584
237.668, 81584
237.669, 81584
237.67, 81800
237.671, 81800
237.672, 81800
237.674, 81800
237.675, 81800
237.676, 81800
237.677, 81800
237.678, 81800
237.68, 81800
237.681, 81800
237.682, 81800
237.684, 81800
237.685, 81800
237.686, 81800
237.687, 82016
237.688, 82016
237.69, 82016
237.691, 82016
237.692, 82016
237.694, 82016
237.695, 82016
237.697, 82016
237.698, 82016
237.7, 82016
237.701, 82016
237.702, 82016
237.704, 82016
237.705, 82232
237.706, 82232
237.708, 82232
237.709, 82232
237.711, 82232
237.712, 82232
237.713, 82448
237.714, 82448
237.715, 82448
237.716, 82448
237.718, 82448
237.719, 82448
237.72, 82448
237.722, 82232
237.723, 82232
237.724, 82232
237.725, 82232
237.727, 82232
237.728, 82232
237.729, 82232
237.73, 82232
237.732, 82232
237.733, 82232
237.734, 82232
237.735, 82232
237.737, 82232
237.738, 82232
237.739, 82232
237.741, 82232
237.742, 82232
237.743, 82232
237.745, 82232
237.746, 82232
237.747, 82232
237.748, 82232
237.75, 82232
237.751, 82232
237.752, 82232
237.753, 82232
237.754, 82232
237.756, 82232
237.757, 82232
237.758, 82232
237.759, 82232
237.761, 82232
237.762, 82232
237.763, 82232
237.765, 82232
237.766, 82232
237.767, 82232
237.768, 82232
237.77, 82232
237.771, 82232
237.772, 82232
237.773, 82232
237.775, 82232
237.776, 82232
237.777, 82232
237.778, 82232
237.779, 82232
237.781, 82232
237.782, 82232
237.783, 82232
237.785, 82232
237.786, 82232
237.787, 82232
237.788, 82232
237.789, 82232
237.791, 82232
237.792, 82232
237.793, 82232
237.794, 82232
237.796, 82232
237.797, 82232
237.798, 82232
237.799, 82232
237.8, 82232
237.802, 82232
237.803, 82232
237.804, 82232
237.805, 82232
237.806, 82232
237.807, 82232
237.808, 82232
237.81, 82232
237.811, 82232
237.812, 82232
237.813, 82232
237.814, 82232
237.815, 82232
237.816, 82232
237.818, 82232
237.819, 82232
237.82, 82232
237.821, 82232
237.822, 82232
237.823, 82232
237.824, 82016
237.826, 82016
237.827, 82016
237.828, 82016
237.829, 82016
237.83, 82016
237.831, 82016
237.832, 82016
237.834, 82016
237.835, 82016
237.836, 82016
237.837, 82016
237.838, 82016
237.839, 82016
237.841, 82016
237.842, 82016
237.843, 82016
237.844, 82016
237.845, 82016
237.846, 82016
237.848, 82016
237.849, 82016
237.85, 82016
237.851, 82016
237.852, 82016
237.853, 82016
237.854, 82016
237.856, 82016
237.857, 82016
237.858, 81800
237.859, 81800
237.86, 81800
237.861, 81800
237.862, 81800
237.863, 81800
237.865, 81800
237.866, 81800
237.867, 81800
237.868, 81800
237.869, 81800
237.87, 81800
237.872, 81800
237.873, 81800
237.874, 81800
237.875, 81800
237.876, 81800
237.877, 81800
237.878, 81800
237.88, 81800
237.881, 81800
237.882, 81800
237.883, 81800
237.884, 81800
237.885, 81800
237.886, 81800
237.888, 81800
237.889, 81800
237.89, 81800
237.891, 81800
237.892, 81800
237.893, 81800
237.894, 81800
237.896, 81800
237.897, 81800
237.898, 81800
237.899, 81800
237.9, 81800
237.901, 81800
237.902, 81800
237.904, 81800
237.905, 81800
237.906, 81800
237.907, 81800
237.908, 81800
237.909, 81800
237.91, 81800
237.911, 81800
237.913, 81800
237.914, 81800
237.915, 81800
237.916, 81800
237.917, 81800
237.918, 81584
237.919, 81584
237.921, 81584
237.922, 81584
237.923, 81584
237.924, 81584
237.925, 81584
237.926, 81584
237.928, 81584
237.929, 81584
237.93, 81584
237.931, 81584
237.933, 81584
237.934, 81584
237.935, 81800
237.936, 81800
237.938, 81800
237.939, 81800
237.94, 81800
237.941, 81800
237.942, 81800
237.944, 81584
237.945, 81584
237.946, 81584
237.95, 81584
237.952, 81800
237.954, 81800
237.955, 81800
237.957, 81800
237.958, 81800
237.96, 81800
237.961, 82232
237.962, 82232
237.964, 82232
237.965, 82232
237.967, 82232
237.968, 82232
237.969, 82880
237.971, 82880
237.972, 82880
237.973, 82880
237.974, 82880
237.975, 82880
237.976, 82880
237.978, 83312
237.979, 83312
237.98, 83312
237.981, 83312
237.982, 83312
237.983, 83312
237.984, 83312
237.985, 83312
237.987, 83528
237.988, 83528
237.989, 83528
237.99, 83528
237.991, 83528
237.993, 83528
237.994, 83528
237.995, 83744
237.997, 83744
237.998, 83744
237.999, 83744
238, 83744
238.002, 83744
238.003, 83960
238.004, 83960
238.006, 83960
238.007, 83960
238.008, 83960
238.009, 83960
238.011, 83960
238.012, 84176
238.013, 84176
238.014, 84176
238.015, 84176
238.017, 84176
238.018, 84176
238.019, 84176
238.02, 84176
238.021, 84176
238.022, 84176
238.024, 84176
238.025, 84176
238.026, 84176
238.027, 84176
238.029, 84176
238.03, 84176
238.031, 84176
238.032, 84176
238.033, 84176
238.034, 84176
238.036, 84176
238.037, 84176
238.038, 84176
238.039, 84176
238.04, 84176
238.042, 84176
238.043, 84176
238.044, 84176
238.045, 84176
238.047, 84176
238.048, 84176
238.049, 84176
238.05, 84176
238.051, 84176
238.053, 84176
238.054, 83960
238.055, 83960
238.056, 83960
238.058, 83960
238.059, 83960
238.06, 83960
238.061, 83960
238.063, 83744
238.064, 83744
238.065, 83744
238.066, 83744
238.067, 83744
238.074, 83744
238.082, 83744
238.083, 83744
238.086, 83744
238.09, 83744
238.091, 83744
238.093, 83744
238.094, 83744
238.095, 83744
238.097, 83744
238.098, 83744
238.099, 83744
238.1, 83744
238.102, 83744
238.103, 83744
238.104, 83744
238.105, 83960
238.107, 83960
238.108, 83960
238.109, 83960
238.11, 83960
238.111, 83960
238.113, 83960
238.114, 83960
238.115, 83960
238.117, 83960
238.118, 83960
238.12, 83960
238.121, 83960
238.122, 83960
238.123, 83960
238.125, 83960
238.126, 83960
238.127, 83960
238.128, 83960
238.129, 83960
238.131, 83960
238.132, 83960
238.133, 83960
238.134, 83960
238.135, 83960
238.136, 83960
238.138, 83960
238.139, 83960
238.14, 84176
238.141, 84176
238.142, 84176
238.144, 84176
238.145, 84176
238.146, 84176
238.147, 84176
238.148, 84176
238.149, 84176
238.151, 84176
238.152, 84176
238.153, 84176
238.154, 84176
238.155, 84176
238.156, 84176
238.157, 84176
238.159, 84176
238.16, 84176
238.161, 84176
238.162, 84176
238.163, 84176
238.165, 84176
238.166, 84392
238.167, 84392
238.168, 84392
238.169, 84392
238.17, 84392
238.171, 84392
238.173, 84392
238.174, 84392
238.175, 84392
238.176, 84392
238.177, 84392
238.178, 84392
238.18, 84392
238.181, 84392
238.182, 84392
238.184, 84176
238.191, 84176
238.193, 84176
238.199, 84176
238.2, 84392
238.201, 84392
238.202, 84392
238.204, 84392
238.205, 84392
238.206, 84392
238.222, 84608
238.223, 84608
238.225, 84824
238.226, 84824
238.227, 84824
238.229, 84824
238.23, 84824
238.231, 84824
238.233, 84824
238.234, 84824
238.235, 84824
238.236, 84824
238.237, 84824
238.238, 84824
238.239, 84824
238.241, 84824
238.242, 84608
238.243, 84608
238.244, 84608
238.245, 84608
238.246, 84608
238.247, 84608
238.249, 84608
238.25, 84608
238.251, 84392
238.252, 84392
238.253, 84392
238.254, 84392
238.255, 84392
238.259, 84176
238.27, 84608
238.272, 84608
238.273, 84608
238.274, 84608
238.275, 84608
238.276, 84824
238.278, 84824
238.279, 84824
238.28, 84824
238.281, 84824
238.282, 84824
238.283, 84824
238.285, 84824
238.286, 84824
238.287, 84824
238.288, 84824
238.289, 84824
238.291, 84824
238.292, 84824
238.293, 84608
238.294, 84608
238.295, 84608
238.296, 84608
238.298, 84608
238.299, 84608
238.3, 84608
238.301, 84608
238.302, 84824
238.304, 84824
238.305, 84824
238.306, 84824
238.308, 84824
238.309, 84824
238.31, 84824
238.311, 84824
238.313, 84824
238.314, 84824
238.315, 84824
238.317, 84824
238.318, 84824
238.319, 84824
238.321, 84824
238.322, 84824
238.323, 84824
238.325, 84824
238.326, 84824
238.327, 84824
238.329, 84824
238.33, 84824
238.331, 84824
238.332, 84824
238.334, 84824
238.336, 84824
238.337, 84824
238.339, 84824
238.34, 84824
238.341, 84824
238.342, 84824
238.344, 84824
238.345, 84608
238.346, 84608
238.347, 84608
238.349, 84608
238.35, 84608
238.352, 84608
238.353, 84608
238.355, 84608
238.356, 84608
238.357, 84608
238.358, 84608
238.36, 84608
238.361, 84608
238.362, 84608
238.364, 84608
238.365, 84608
238.367, 84608
238.368, 84608
238.37, 84608
238.371, 84608
238.372, 84608
238.374, 84608
238.375, 84608
238.376, 84608
238.377, 84608
238.379, 84608
238.38, 84608
238.381, 84608
238.382, 84608
238.384, 84608
238.385, 84608
238.386, 84608
238.387, 84824
238.389, 84824
238.39, 84824
238.391, 84824
238.393, 84824
238.394, 84824
238.395, 84824
238.397, 84824
238.398, 84824
238.4, 84824
238.401, 84824
238.402, 84824
238.404, 84824
238.405, 84824
238.406, 84824
238.407, 84824
238.409, 84824
238.411, 84824
238.412, 84608
238.414, 84608
238.416, 84608
238.417, 84608
238.419, 84608
238.42, 84608
238.422, 84824
238.423, 84824
238.425, 84824
238.426, 84824
238.427, 84824
238.429, 84824
238.43, 84608
238.431, 84608
238.432, 84608
238.434, 84608
238.435, 84608
238.436, 84608
238.438, 84608
238.439, 84608
238.441, 84608
238.442, 84608
238.444, 84608
238.445, 84608
238.446, 84608
238.448, 84608
238.449, 84608
238.45, 84608
238.452, 84608
238.453, 84608
238.455, 84608
238.457, 84608
238.458, 84608
238.46, 84608
238.461, 84608
238.474, 84608
238.476, 84608
238.477, 84608
238.481, 84608
238.483, 84608
238.484, 84608
238.486, 84608
238.487, 84608
238.488, 84608
238.49, 84608
238.491, 84608
238.492, 84608
238.493, 84608
238.494, 84608
238.495, 84608
238.497, 84608
238.498, 84392
238.499, 84392
238.5, 84392
238.501, 84392
238.503, 84392
238.504, 84392
238.506, 84392
238.508, 84392
238.509, 84392
238.511, 84392
238.513, 84392
238.515, 84392
238.516, 84392
238.517, 84392
238.519, 84392
238.52, 84392
238.522, 84392
238.523, 84392
238.524, 84392
238.526, 84392
238.527, 84392
238.528, 84392
238.529, 84392
238.531, 84392
238.532, 84392
238.533, 84392
238.535, 84392
238.536, 84392
238.537, 84392
238.538, 84392
238.54, 84392
238.541, 84392
238.542, 84392
238.543, 84392
238.544, 84392
238.546, 84392
238.547, 84392
238.548, 84392
238.549, 84392
238.551, 84392
238.552, 84392
238.553, 84392
238.554, 84392
238.555, 84392
238.556, 84392
238.558, 84392
238.559, 84392
238.561, 84392
238.562, 84392
238.563, 84392
238.564, 84392
238.566, 84392
238.567, 84392
238.568, 84392
238.569, 84392
238.57, 84392
238.572, 84392
238.573, 84392
238.574, 84392
238.575, 84392
238.577, 84392
238.578, 84392
238.579, 84392
238.581, 84392
238.582, 84392
238.584, 84392
238.585, 84392
238.586, 84392
238.588, 84392
238.589, 84392
238.59, 84392
238.591, 84392
238.592, 84392
238.594, 84392
238.595, 84392
238.596, 84392
238.597, 84392
238.599, 84392
238.6, 84392
238.601, 84392
238.602, 84392
238.603, 84392
238.605, 84392
238.606, 84392
238.608, 84392
238.609, 84392
238.61, 84392
238.612, 84392
238.613, 84392
238.614, 84392
238.616, 84392
238.617, 84392
238.618, 84392
238.62, 84392
238.621, 84392
238.623, 84392
238.624, 84392
238.625, 84392
238.626, 84392
238.628, 84392
238.629, 84392
238.631, 84392
238.632, 84392
238.634, 84392
238.635, 84392
238.636, 84392
238.638, 84392
238.64, 84392
238.641, 84392
238.643, 84392
238.644, 84392
238.646, 84392
238.647, 84392
238.649, 84392
238.65, 84392
238.652, 84392
238.653, 84392
238.655, 84392
238.656, 84392
238.657, 84392
238.658, 84392
238.66, 84392
238.661, 84392
238.662, 84392
238.663, 84392
238.664, 84392
238.666, 84392
238.667, 84392
238.668, 84392
238.669, 84392
238.671, 84392
238.672, 84392
238.673, 84392
238.674, 84392
238.675, 84392
238.677, 84392
238.678, 83960
238.679, 83960
238.68, 83960
238.681, 83960
238.683, 83960
238.684, 83960
238.685, 83960
238.686, 83960
238.687, 83960
238.689, 83960
238.69, 83960
238.691, 83960
238.692, 83960
238.694, 83744
238.695, 83744
238.697, 83744
238.698, 83744
238.699, 83744
238.701, 83744
238.702, 83744
238.703, 83960
238.705, 83960
238.706, 83960
238.707, 83960
238.709, 83960
238.71, 83960
238.711, 83960
238.712, 83960
238.713, 83960
238.715, 83960
238.716, 83960
238.717, 83960
238.718, 83960
238.719, 83960
238.72, 83744
238.722, 83744
238.723, 83744
238.724, 83744
238.725, 83744
238.727, 83744
238.728, 83960
238.73, 83960
238.731, 83960
238.732, 83960
238.733, 83960
238.734, 83960
238.736, 83960
238.737, 84176
238.738, 84176
238.739, 84176
238.74, 84176
238.741, 84176
238.742, 84176
238.744, 84176
238.745, 84176
238.746, 83960
238.747, 83960
238.748, 83960
238.749, 83960
238.75, 83960
238.752, 83960
238.753, 83960
238.754, 83744
238.755, 83744
238.756, 83744
238.757, 83744
238.759, 83744
238.76, 83744
238.761, 83744
238.763, 83960
238.764, 83960
238.765, 83960
238.766, 83960
238.768, 83960
238.769, 83960
238.77, 83960
238.771, 84176
238.772, 84176
238.773, 84176
238.774, 84176
238.776, 84176
238.777, 84176
238.779, 84176
238.78, 83960
238.782, 83960
238.784, 83960
238.786, 83960
238.788, 83960
238.789, 84176
238.79, 84176
238.792, 84176
238.793, 84176
238.794, 84176
238.796, 84176
238.797, 84392
238.799, 84392
238.801, 84392
238.802, 84392
238.803, 84392
238.805, 84392
238.806, 84176
238.807, 84176
238.808, 84176
238.809, 84176
238.81, 84176
238.812, 84176
238.813, 84176
238.814, 84176
238.815, 84176
238.817, 84176
238.818, 84176
238.819, 84176
238.82, 84176
238.822, 84176
238.823, 84392
238.824, 84392
238.825, 84392
238.827, 84392
238.828, 84392
238.829, 84392
238.83, 84392
238.831, 84392
238.833, 84392
238.834, 84392
238.835, 84392
238.837, 84392
238.838, 84392
238.839, 84392
238.841, 84392
238.842, 84392
238.844, 84392
238.845, 84392
238.847, 84392
238.848, 84824
238.85, 84824
238.851, 84824
238.852, 84824
238.854, 84824
238.857, 84824
238.86, 84824
238.862, 84824
238.864, 84608
238.866, 84608
238.867, 84608
238.868, 84608
238.869, 84608
238.871, 84608
238.872, 84608
238.873, 84608
238.874, 84392
238.876, 84392
238.877, 84392
238.879, 84392
238.88, 84392
238.882, 84176
238.892, 84176
238.894, 84176
238.896, 84176
238.897, 84176
238.9, 83960
238.902, 83960
238.904, 83960
238.906, 83960
238.908, 83960
238.91, 83960
238.911, 83960
238.913, 83960
238.915, 83960
238.916, 83744
238.918, 83744
238.92, 83744
238.921, 83744
238.923, 83744
238.924, 83744
238.926, 83744
238.927, 83744
238.928, 83744
238.929, 83744
238.931, 83744
238.932, 83744
238.933, 83960
238.935, 83960
238.936, 83960
238.937, 83960
238.939, 83960
238.94, 83960
238.941, 83960
238.942, 84176
238.944, 84176
238.945, 84176
238.947, 84176
238.948, 84176
238.949, 84176
238.951, 84176
238.952, 84176
238.953, 84176
238.955, 84176
238.956, 84176
238.957, 84176
238.959, 83744
238.96, 83744
238.962, 83744
238.963, 83744
238.965, 83744
238.967, 83744
238.968, 84176
238.969, 84176
238.971, 84176
238.972, 84176
238.973, 84176
238.975, 84176
238.976, 84176
238.978, 84176
238.979, 84176
238.98, 84176
238.982, 84176
238.984, 84176
238.985, 84176
238.986, 84176
238.988, 84176
238.989, 84176
238.992, 84176
239, 84176
239.004, 84176
239.009, 83960
239.013, 83960
239.014, 83960
239.032, 84176
239.042, 83960
239.044, 83744
239.047, 83744
239.051, 83744
239.053, 83744
239.055, 83744
239.056, 83744
239.058, 83744
239.059, 83744
239.061, 83960
239.065, 83960
239.069, 83744
239.071, 83744
239.079, 83744
239.082, 83744
239.085, 83744
239.087, 83960
239.089, 83960
239.091, 83960
239.093, 83960
239.108, 83744
239.125, 83744
239.131, 83744
239.133, 83744
239.137, 83744
239.144, 83744
239.147, 83744
239.15, 83744
239.152, 83744
239.156, 83744
239.158, 83744
239.165, 83744
239.168, 83744
239.172, 83744
239.175, 83744
239.177, 83744
239.196, 83960
239.2, 83960
239.208, 84176
239.211, 84176
239.217, 84176
239.22, 84176
239.221, 84176
239.223, 84176
239.224, 83960
239.226, 83960
239.228, 83960
239.231, 83960
239.235, 83960
239.237, 83960
239.244, 83744
239.248, 83744
239.25, 83744
239.255, 83744
239.259, 83744
239.263, 83744
239.267, 83744
239.278, 83528
239.28, 83528
239.283, 83528
239.284, 83528
239.287, 83528
239.29, 83528
239.304, 83528
239.312, 83528
239.318, 83744
239.321, 83744
239.325, 83744
239.326, 83744
239.328, 83744
239.329, 83744
239.33, 83744
239.332, 83744
239.333, 83744
239.334, 83744
239.337, 83744
239.338, 83744
239.34, 83744
239.341, 83744
239.342, 83960
239.344, 83960
239.347, 83960
239.349, 83960
239.35, 83960
239.352, 84176
239.353, 84176
239.358, 84176
239.36, 84176
239.361, 84176
239.364, 84176
239.366, 84176
239.369, 84176
239.37, 84176
239.376, 84176
239.378, 84392
239.382, 84392
239.386, 84608
239.387, 84608
239.388, 84608
239.39, 84608
239.391, 84608
239.397, 84608
239.398, 84608
239.399, 84608
239.408, 84608
239.409, 84608
239.411, 84608
239.412, 84824
239.413, 84824
239.415, 84824
239.416, 84824
239.417, 84824
239.419, 84824
239.42, 84824
239.421, 84824
239.426, 84824
239.433, 84824
239.435, 84824
239.436, 84824
239.437, 84824
239.438, 84824
239.439, 84824
239.44, 84824
239.442, 84824
239.443, 84824
239.444, 84824
239.445, 84608
239.446, 84608
239.447, 84608
239.448, 84608
239.45, 84608
239.451, 84608
239.453, 84608
239.455, 84608
239.456, 84608
239.458, 84608
239.46, 84608
239.461, 84608
239.462, 84392
239.463, 84392
239.465, 84392
239.466, 84392
239.467, 84392
239.469, 84392
239.472, 84392
239.474, 84392
239.478, 84176
239.486, 83960
239.49, 83960
239.493, 83960
239.504, 83960
239.511, 83960
239.515, 83744
239.517, 83744
239.524, 83744
239.528, 83744
239.53, 83744
239.543, 83744
239.548, 83528
239.55, 83528
239.552, 83528
239.556, 83744
239.559, 83744
239.56, 83744
239.562, 83744
239.564, 83744
239.569, 83744
239.571, 83744
239.576, 83744
239.59, 83960
239.595, 83960
239.598, 83960
239.599, 83744
239.6, 83744
239.602, 83744
239.603, 83744
239.607, 83528
239.609, 83528
239.61, 83528
239.618, 83960
239.623, 83960
239.624, 83960
239.633, 83744
239.638, 83744
239.643, 83528
239.648, 83744
239.657, 83744
239.659, 83528
239.662, 83528
239.664, 83528
239.665, 83528
239.672, 83528
239.674, 83528
239.686, 83528
239.688, 83528
239.695, 83528
239.697, 83528
239.699, 83528
239.7, 83528
239.701, 83528
239.702, 83528
239.707, 83528
239.718, 83744
239.723, 83744
239.727, 83744
239.728, 83744
239.731, 83744
239.732, 83744
239.734, 83744
239.735, 83528
239.736, 83528
239.737, 83528
239.739, 83528
239.74, 83528
239.741, 83528
239.742, 83528
239.744, 83312
239.745, 83312
239.746, 83312
239.747, 83312
239.749, 83312
239.75, 83312
239.751, 83312
239.752, 83312
239.754, 83312
239.755, 83312
239.756, 83312
239.758, 83312
239.759, 83312
239.761, 83312
239.762, 83312
239.767, 83312
239.783, 83312
239.794, 83312
239.796, 83312
239.799, 83312
239.806, 83312
239.809, 83312
239.812, 83312
239.819, 83312
239.823, 83312
239.839, 83312
239.844, 83312
239.857, 83312
239.859, 83312
239.86, 83312
239.863, 83312
239.867, 83312
239.871, 83312
239.875, 83312
239.88, 83528
239.883, 83528
239.884, 83528
239.885, 83528
239.887, 83528
239.888, 83528
239.889, 83312
239.89, 83312
239.891, 83312
239.893, 83312
239.894, 83312
239.896, 83312
239.898, 83096
239.899, 83096
239.914, 83312
239.916, 83312
239.919, 83312
239.921, 83312
239.924, 83312
239.926, 83312
239.928, 83312
239.929, 83312
239.93, 83312
239.932, 83312
239.933, 83312
239.935, 83312
239.936, 83312
239.939, 83312
239.946, 83312
239.952, 83744
239.953, 83744
239.954, 83744
239.955, 83744
239.956, 83744
239.957, 83960
239.959, 83960
239.96, 83960
239.961, 83960
239.962, 83960
239.963, 83960
239.964, 83960
239.966, 84176
239.967, 84176
239.968, 84176
239.977, 84392
239.978, 84392
239.979, 84392
239.981, 84392
239.982, 84392
239.983, 84392
239.984, 84392
239.985, 84392
239.987, 84392
239.988, 84392
239.989, 84392
239.99, 84392
239.992, 84608
239.993, 84608
239.994, 84608
239.995, 84608
239.996, 84608
239.998, 84608
239.999, 84608
240, 84608
240.001, 84608
240.003, 84608
240.004, 84608
240.005, 84608
240.007, 84608
240.008, 84608
240.009, 84176
240.01, 84176
240.012, 84176
240.013, 84176
240.014, 84176
240.016, 84176
240.018, 84176
240.02, 84176
240.022, 84176
240.023, 84176
240.024, 84176
240.028, 84392
240.03, 84392
240.031, 84392
240.033, 84392
240.038, 84176
240.043, 84176
240.046, 84176
240.048, 84176
240.052, 83960
240.054, 83960
240.059, 83960
240.065, 83960
240.071, 83744
240.074, 83744
240.079, 83960
240.092, 83744
240.098, 83744
240.1, 83744
240.112, 83528
240.117, 83528
240.121, 83744
240.126, 83744
240.128, 83744
240.129, 83744
240.131, 83744
240.133, 83744
240.14, 83744
240.143, 83744
240.16, 83744
240.162, 83528
240.164, 83528
240.168, 83528
240.17, 83528
240.184, 83528
240.188, 83528
240.19, 83528
240.195, 83528
240.202, 83528
240.207, 83528
240.213, 83528
240.218, 83528
240.22, 83528
240.222, 83744
240.224, 83744
240.225, 83744
240.227, 83744
240.229, 83744
240.243, 83744
240.247, 83744
240.249, 83744
240.251, 83744
240.254, 83744
240.257, 83744
240.259, 83744
240.276, 83960
240.278, 83960
240.282, 83960
240.289, 83744
240.295, 83744
240.299, 83744
240.304, 83744
240.308, 83960
240.31, 83960
240.312, 83960
240.317, 83960
240.319, 83960
240.336, 83960
240.338, 83960
240.34, 83960
240.342, 83744
240.345, 83744
240.347, 83744
240.349, 83744
240.355, 83744
240.368, 83744
240.372, 83744
240.376, 83744
240.379, 83744
240.383, 83744
240.387, 83744
240.389, 83744
240.393, 83528
240.408, 83528
240.412, 83744
240.422, 83744
240.425, 83744
240.428, 83744
240.43, 83744
240.438, 83744
240.44, 83744
240.442, 83744
240.444, 83528
240.446, 83528
240.448, 83528
240.46, 83528
240.463, 83528
240.466, 83528
240.468, 83528
240.469, 83744
240.471, 83744
240.473, 83744
240.476, 83744
240.48, 83744
240.491, 83960
240.493, 83960
240.5, 84176
240.502, 84176
240.503, 84392
240.505, 84392
240.508, 84392
240.51, 84392
240.511, 84392
240.513, 84392
240.514, 84392
240.517, 84392
240.519, 84392
240.52, 84392
240.522, 84392
240.527, 84392
240.53, 84392
240.535, 84392
240.536, 84392
240.537, 84608
240.538, 84608
240.54, 84608
240.541, 84608
240.542, 84608
240.544, 84608
240.545, 84608
240.549, 84608
240.551, 84608
240.552, 84608
240.554, 84608
240.555, 84608
240.557, 84608
240.558, 84608
240.559, 84608
240.561, 84608
240.562, 84608
240.568, 84608
240.574, 84608
240.575, 84608
240.577, 84608
240.578, 84608
240.579, 84608
240.58, 84608
240.582, 84608
240.587, 84608
240.589, 84608
240.59, 84608
240.591, 84608
240.592, 84608
240.594, 84608
240.595, 84608
240.598, 84392
240.599, 84392
240.601, 84392
240.602, 84392
240.604, 84392
240.607, 84392
240.609, 84392
240.61, 84392
240.612, 84392
240.614, 84392
240.615, 84392
240.616, 84392
240.618, 84392
240.62, 84392
240.621, 84392
240.623, 84608
240.624, 84608
240.625, 84608
240.626, 84608
240.627, 84608
240.629, 84608
240.631, 84608
240.632, 84176
240.633, 84176
240.636, 84176
240.638, 84176
240.639, 84176
240.64, 83960
240.641, 83960
240.642, 83960
240.65, 83960
240.652, 83960
240.653, 83960
240.654, 83960
240.655, 83960
240.657, 84392
240.658, 84392
240.659, 84392
240.66, 84392
240.662, 84392
240.663, 84392
240.664, 84392
240.665, 84608
240.666, 84608
240.667, 84608
240.669, 84608
240.67, 84608
240.671, 84608
240.672, 84608
240.673, 84608
240.675, 84608
240.676, 84608
240.677, 84608
240.678, 84608
240.68, 84608
240.681, 84608
240.682, 84824
240.684, 84824
240.685, 84824
240.686, 84824
240.687, 84824
240.688, 84824
240.69, 84824
240.691, 84824
240.692, 84824
240.693, 84824
240.694, 84824
240.695, 84824
240.696, 84824
240.698, 84824
240.699, 84824
240.7, 84608
240.701, 84608
240.702, 84608
240.703, 84608
240.704, 84608
240.706, 84608
240.707, 84608
240.708, 84608
240.709, 84608
240.71, 84608
240.712, 84608
240.713, 84608
240.714, 84608
240.716, 84608
240.717, 84608
240.718, 84608
240.719, 84608
240.72, 84608
240.721, 84608
240.722, 84608
240.724, 84608
240.725, 84608
240.726, 84608
240.727, 84608
240.729, 84608
240.73, 84608
240.732, 84608
240.733, 84608
240.734, 84608
240.735, 84608
240.737, 84608
240.738, 84608
240.739, 84608
240.741, 84608
240.742, 84608
240.743, 84608
240.744, 84608
240.746, 84608
240.747, 84608
240.748, 84608
240.749, 84608
240.75, 84608
240.751, 84608
240.752, 84608
240.754, 84608
240.755, 84608
240.756, 84608
240.758, 84608
240.759, 84608
240.76, 84608
240.761, 84608
240.763, 84608
240.764, 84608
240.765, 84608
240.766, 84608
240.767, 84608
240.768, 84608
240.769, 84608
240.771, 84608
240.772, 84608
240.774, 84608
240.775, 84608
240.777, 84608
240.778, 84608
240.78, 84608
240.781, 84608
240.782, 84608
240.784, 84608
240.785, 84608
240.786, 84608
240.788, 84608
240.789, 84608
240.79, 84608
240.791, 84608
240.792, 84608
240.793, 84392
240.795, 84392
240.796, 84392
240.797, 84392
240.798, 84392
240.799, 84392
240.8, 84392
240.801, 84392
240.803, 83960
240.804, 83960
240.806, 83960
240.807, 83960
240.808, 83960
240.81, 84176
240.811, 84176
240.813, 84176
240.814, 84176
240.815, 84176
240.816, 84176
240.818, 84176
240.819, 84392
240.82, 84392
240.821, 84392
240.822, 84392
240.823, 84392
240.824, 84392
240.826, 84392
240.827, 84392
240.828, 84608
240.829, 84608
240.83, 84608
240.831, 84608
240.833, 84608
240.834, 84608
240.835, 84608
240.836, 84608
240.837, 84608
240.839, 84608
240.84, 84608
240.841, 84608
240.842, 84608
240.844, 84608
240.845, 84824
240.846, 84824
240.847, 84824
240.849, 84824
240.85, 84824
240.851, 84824
240.852, 84824
240.854, 84824
240.855, 84824
240.856, 84824
240.858, 84824
240.859, 84824
240.86, 84824
240.861, 84824
240.862, 84824
240.864, 84824
240.865, 84824
240.866, 84824
240.867, 84824
240.869, 84824
240.87, 84824
240.872, 84824
240.873, 84824
240.874, 84824
240.876, 84824
240.877, 84824
240.878, 84824
240.879, 84824
240.881, 84824
240.882, 84824
240.883, 84824
240.885, 84824
240.886, 84824
240.887, 84824
240.888, 84824
240.89, 84824
240.891, 84824
240.892, 84824
240.893, 84824
240.894, 84824
240.896, 84608
240.897, 84608
240.898, 84608
240.899, 84608
240.9, 84608
240.902, 84608
240.903, 84608
240.904, 84824
240.905, 84824
240.906, 84824
240.908, 84824
240.909, 84824
240.91, 84824
240.911, 84824
240.912, 84824
240.914, 84608
240.915, 84608
240.917, 84608
240.918, 84608
240.919, 84608
240.92, 84608
240.922, 84824
240.923, 84824
240.924, 84824
240.925, 84824
240.926, 84824
240.928, 84824
240.929, 84824
240.931, 84608
240.932, 84608
240.933, 84608
240.935, 84608
240.936, 84608
240.937, 84608
240.938, 84824
240.939, 84824
240.941, 84824
240.942, 84824
240.943, 84824
240.944, 84824
240.946, 84824
240.947, 84824
240.948, 84824
240.949, 84824
240.951, 84824
240.952, 84824
240.953, 84824
240.955, 84824
240.956, 84824
240.958, 84824
240.959, 84824
240.961, 84824
240.962, 84824
240.963, 84824
240.965, 84608
240.966, 84608
240.967, 84608
240.969, 84608
240.97, 84608
240.972, 84608
240.973, 84608
240.975, 84608
240.976, 84608
240.978, 84608
240.979, 84608
240.98, 84608
240.981, 84608
240.983, 84608
240.984, 84608
240.985, 84608
240.986, 84608
240.988, 84608
240.989, 84608
240.99, 84608
240.991, 84608
240.993, 84608
240.994, 84608
240.995, 84608
240.996, 84608
240.998, 84608
241, 84608
241.001, 84608
241.002, 84608
241.004, 84608
241.005, 84608
241.006, 84608
241.008, 84608
241.009, 84608
241.01, 84608
241.012, 84608
241.013, 84608
241.014, 84608
241.016, 84608
241.017, 84608
241.018, 84608
241.02, 84608
241.021, 84608
241.022, 84608
241.023, 84608
241.03, 84608
241.032, 84608
241.033, 84608
241.035, 84608
241.036, 84608
241.038, 84608
241.039, 84608
241.04, 84608
241.042, 84608
241.043, 84608
241.044, 84608
241.045, 84608
241.046, 84608
241.048, 84608
241.049, 84608
241.05, 84608
241.051, 84608
241.053, 84608
241.054, 84608
241.055, 84608
241.057, 84608
241.059, 84392
241.061, 84392
241.062, 84392
241.063, 84392
241.065, 84392
241.066, 84392
241.067, 84608
241.068, 84608
241.07, 84608
241.072, 84608
241.073, 84608
241.074, 84608
241.075, 84608
241.076, 84608
241.078, 84608
241.079, 84608
241.08, 84608
241.081, 84608
241.082, 84608
241.083, 84392
241.085, 84392
241.086, 84392
241.087, 84392
241.088, 84392
241.089, 84392
241.09, 84392
241.092, 84392
241.093, 84608
241.094, 84608
241.095, 84608
241.096, 84608
241.097, 84608
241.098, 84608
241.1, 84608
241.101, 84392
241.102, 84392
241.103, 84392
241.104, 84392
241.105, 84392
241.107, 84392
241.108, 84392
241.109, 84392
241.11, 84392
241.111, 84392
241.112, 84392
241.114, 84392
241.115, 84392
241.116, 84392
241.117, 84392
241.118, 84392
241.119, 84392
241.121, 84392
241.122, 84392
241.123, 84392
241.124, 84392
241.125, 84392
241.126, 84392
241.128, 84392
241.129, 84392
241.13, 84392
241.131, 84392
241.132, 84392
241.133, 84392
241.135, 84392
241.136, 84392
241.137, 84392
241.138, 84392
241.139, 84392
241.141, 84392
241.142, 84392
241.143, 84392
241.144, 84176
241.145, 84176
241.146, 84176
241.148, 84176
241.149, 84176
241.15, 84176
241.151, 84176
241.152, 84176
241.153, 84176
241.154, 84176
241.156, 84176
241.157, 84176
241.158, 84176
241.159, 84176
241.16, 84176
241.161, 84176
241.162, 84176
241.163, 84176
241.165, 84176
241.166, 84176
241.167, 84176
241.168, 84176
241.169, 84392
241.17, 84392
241.171, 84392
241.172, 84392
241.174, 84392
241.175, 84392
241.176, 84392
241.177, 84392
241.178, 84392
241.179, 84392
241.18, 84392
241.181, 84392
241.182, 84392
241.184, 84392
241.185, 84392
241.186, 84392
241.187, 84392
241.188, 84392
241.189, 84392
241.19, 84392
241.192, 84392
241.193, 84392
241.194, 84392
241.195, 84392
241.196, 84392
241.197, 84392
241.198, 84392
241.2, 84392
241.201, 84392
241.202, 84392
241.203, 84392
241.204, 84392
241.205, 84392
241.206, 84392
241.208, 84392
241.209, 84392
241.21, 84392
241.211, 84392
241.212, 84392
241.213, 84392
241.214, 84392
241.216, 84392
241.217, 84392
241.218, 84392
241.219, 84392
241.22, 84392
241.221, 84392
241.222, 84392
241.223, 84392
241.224, 84392
241.226, 84392
241.227, 84392
241.228, 84392
241.229, 84392
241.23, 84392
241.231, 84392
241.232, 84392
241.233, 84392
241.235, 84392
241.236, 84392
241.237, 84392
241.238, 84392
241.239, 84392
241.24, 84392
241.241, 84392
241.243, 84392
241.244, 84392
241.245, 84392
241.246, 84392
241.247, 84392
241.248, 84392
241.249, 84392
241.25, 84392
241.251, 84392
241.253, 84392
241.254, 84392
241.255, 84176
241.256, 84176
241.257, 84176
241.258, 84176
241.259, 84176
241.26, 84176
241.261, 84176
241.263, 83960
241.264, 83960
241.265, 83960
241.266, 83960
241.267, 83960
241.268, 83960
241.269, 83960
241.27, 83960
241.272, 84392
241.273, 84392
241.274, 84392
241.275, 84392
241.276, 84392
241.277, 84392
241.278, 84392
241.279, 84392
241.28, 83960
241.281, 83960
241.283, 83960
241.284, 83960
241.285, 83960
241.286, 83960
241.287, 83960
241.288, 83744
241.289, 83744
241.29, 83744
241.291, 83744
241.293, 83744
241.294, 83744
241.295, 83744
241.296, 83744
241.297, 83744
241.298, 83744
241.299, 83744
241.3, 83744
241.302, 83744
241.303, 83744
241.304, 83744
241.305, 83744
241.306, 83960
241.307, 83960
241.308, 83960
241.309, 83960
241.31, 83960
241.311, 83960
241.313, 83960
241.314, 83744
241.315, 83744
241.316, 83744
241.317, 83744
241.318, 83744
241.319, 83744
241.32, 83744
241.321, 83744
241.323, 83960
241.324, 83960
241.325, 83960
241.326, 83960
241.327, 83960
241.328, 83960
241.329, 83960
241.33, 83960
241.332, 84176
241.333, 84176
241.334, 84176
241.335, 84176
241.336, 84176
241.337, 84176
241.339, 84176
241.34, 83960
241.343, 83960
241.344, 83960
241.346, 83960
241.348, 83960
241.349, 83960
241.351, 83960
241.358, 83960
241.36, 83960
241.362, 83960
241.364, 83960
241.365, 83960
241.366, 83960
241.367, 83960
241.369, 83960
241.37, 83960
241.371, 83960
241.373, 83960
241.374, 84392
241.375, 84392
241.376, 84392
241.378, 84392
241.379, 84392
241.38, 84392
241.381, 84392
241.382, 84608
241.383, 84608
241.385, 84608
241.386, 84608
241.387, 84608
241.388, 84608
241.389, 84608
241.39, 84608
241.392, 84608
241.393, 84608
241.394, 84608
241.396, 84608
241.397, 84608
241.399, 84608
241.4, 84608
241.401, 84608
241.403, 84608
241.404, 84608
241.405, 84608
241.406, 84608
241.408, 84824
241.409, 84824
241.41, 84824
241.411, 84824
241.412, 84824
241.413, 84824
241.415, 84824
241.416, 84824
241.417, 84824
241.418, 84824
241.42, 84824
241.421, 84824
241.422, 84824
241.424, 84824
241.425, 84824
241.426, 84824
241.427, 84824
241.429, 84824
241.43, 84824
241.431, 84824
241.433, 84824
241.434, 85040
241.435, 85040
241.437, 85040
241.438, 85040
241.439, 85040
241.44, 85040
241.442, 85040
241.443, 85040
241.444, 85040
241.445, 85040
241.447, 85040
241.448, 85040
241.449, 85040
241.451, 85040
241.452, 85040
241.453, 85040
241.455, 85040
241.456, 85040
241.457, 85040
241.458, 85040
241.46, 85040
241.461, 85040
241.462, 85040
241.464, 85040
241.465, 85040
241.466, 85040
241.468, 85040
241.469, 85040
241.47, 85040
241.471, 85040
241.472, 85040
241.474, 85040
241.475, 85040
241.476, 84824
241.478, 84824
241.479, 84824
241.48, 84824
241.481, 84824
241.483, 84824
241.484, 84824
241.485, 84824
241.486, 84824
241.488, 84824
241.489, 84824
241.49, 84824
241.491, 84824
241.493, 84824
241.494, 84824
241.496, 84824
241.497, 84824
241.498, 84824
241.5, 84824
241.501, 84824
241.502, 84824
241.503, 84824
241.505, 84824
241.506, 84824
241.507, 84824
241.509, 84824
241.51, 84824
241.511, 84824
241.513, 84824
241.514, 84824
241.515, 84824
241.517, 84824
241.518, 84824
241.519, 84824
241.521, 84824
241.522, 84824
241.523, 84824
241.525, 84824
241.526, 84824
241.528, 84824
241.529, 84824
241.53, 84824
241.532, 84824
241.533, 84824
241.534, 84824
241.536, 84824
241.537, 84824
241.538, 84824
241.54, 84824
241.541, 84824
241.542, 84824
241.544, 84824
241.545, 84824
241.546, 84824
241.548, 84824
241.549, 84824
241.55, 84824
241.552, 84824
241.553, 84824
241.554, 84824
241.556, 84824
241.557, 84824
241.558, 84824
241.56, 84824
241.561, 84824
241.563, 84824
241.564, 84824
241.566, 84824
241.567, 84824
241.568, 84824
241.57, 84824
241.571, 84824
241.572, 84824
241.574, 84824
241.575, 84824
241.576, 84824
241.578, 84824
241.579, 84824
241.58, 84824
241.581, 84824
241.583, 84824
241.584, 84824
241.585, 84824
241.587, 84608
241.588, 84608
241.589, 84608
241.591, 84608
241.592, 84608
241.593, 84608
241.595, 84608
241.596, 84608
241.597, 84608
241.598, 84608
241.6, 84608
241.601, 84608
241.602, 84608
241.603, 84608
241.605, 84608
241.606, 84608
241.607, 84608
241.609, 84608
241.61, 84608
241.611, 84608
241.613, 84824
241.614, 84824
241.615, 84824
241.616, 84824
241.618, 84824
241.619, 84824
241.62, 84824
241.622, 84608
241.623, 84608
241.624, 84608
241.625, 84608
241.627, 84608
241.628, 84608
241.629, 84608
241.631, 84608
241.632, 84608
241.633, 84608
241.634, 84608
241.636, 84608
241.637, 84608
241.638, 84608
241.64, 84608
241.641, 84608
241.642, 84608
241.644, 84608
241.645, 84608
241.646, 84608
241.647, 84608
241.649, 84608
241.65, 84608
241.651, 84608
241.652, 84608
241.653, 84608
241.655, 84608
241.656, 84608
241.657, 84608
241.658, 84608
241.659, 84608
241.66, 84608
241.662, 84608
241.663, 84608
241.664, 84608
241.665, 84608
241.667, 84608
241.668, 84608
241.669, 84608
241.67, 84608
241.672, 84608
241.673, 84608
241.674, 84608
241.675, 84608
241.677, 84608
241.678, 84608
241.679, 84608
241.68, 84608
241.682, 84608
241.683, 84608
241.685, 84608
241.686, 84608
241.687, 84608
241.689, 84608
241.69, 84608
241.691, 84608
241.693, 84608
241.694, 84608
241.706, 84824
241.708, 84824
241.709, 84824
241.71, 84824
241.712, 84824
241.713, 84824
241.714, 84824
241.716, 84608
241.717, 84608
241.718, 84608
241.72, 84608
241.721, 84608
241.722, 84608
241.724, 84824
241.725, 84824
241.726, 84824
241.728, 84824
241.729, 84824
241.73, 84824
241.731, 84824
241.732, 84608
241.734, 84608
241.735, 84608
241.736, 84608
241.737, 84608
241.739, 84608
241.74, 84608
241.742, 84608
241.743, 84608
241.744, 84608
241.746, 84608
241.747, 84608
241.749, 84608
241.75, 84608
241.752, 84608
241.753, 84608
241.754, 84608
241.756, 84608
241.757, 84608
241.758, 84608
241.759, 84608
241.76, 84608
241.762, 84608
241.763, 84608
241.764, 84608
241.765, 84608
241.766, 84608
241.767, 84608
241.769, 84608
241.77, 84608
241.772, 84608
241.773, 84608
241.775, 84608
241.776, 84608
241.777, 84608
241.779, 84608
241.78, 84608
241.781, 84608
241.783, 84608
241.784, 84608
241.785, 84608
241.786, 84608
241.788, 84608
241.789, 84608
241.791, 84608
241.792, 84608
241.794, 84608
241.795, 84608
241.797, 84608
241.798, 84608
241.799, 84608
241.801, 84608
241.802, 84608
241.803, 84608
241.804, 84608
241.805, 84608
241.807, 84608
241.808, 84608
241.809, 84608
241.81, 84608
241.811, 84608
241.812, 84608
241.814, 84608
241.815, 84608
241.816, 84608
241.817, 84392
241.819, 84392
241.82, 84392
241.821, 84392
241.822, 84392
241.823, 84392
241.825, 84392
241.826, 83960
241.828, 83960
241.829, 83960
241.83, 83960
241.832, 83960
241.833, 83960
241.835, 84176
241.836, 84176
241.837, 84176
241.839, 84176
241.84, 84176
241.842, 84176
241.843, 84176
241.845, 84176
241.846, 84176
241.847, 84176
241.849, 84176
241.85, 84176
241.851, 84176
241.852, 84392
241.853, 84392
241.855, 84392
241.856, 84392
241.857, 84392
241.859, 84392
241.86, 84392
241.861, 84392
241.863, 84392
241.864, 84392
241.865, 84392
241.867, 84392
241.868, 84392
241.869, 84392
241.87, 84392
241.871, 84392
241.872, 84392
241.873, 84392
241.875, 84392
241.876, 84392
241.877, 84392
241.878, 84392
241.879, 84392
241.88, 84392
241.881, 84392
241.883, 84392
241.884, 84392
241.885, 84392
241.886, 84176
241.887, 84176
241.888, 84176
241.889, 84176
241.891, 84176
241.892, 84176
241.893, 84176
241.895, 84176
241.896, 84176
241.897, 84176
241.898, 84176
241.9, 84176
241.901, 84176
241.902, 84176
241.903, 84176
241.904, 84176
241.905, 84176
241.907, 84176
241.908, 84176
241.909, 84176
241.91, 84176
241.912, 84176
241.913, 84176
241.915, 84176
241.916, 84176
241.917, 84176
241.919, 84176
241.92, 84176
241.921, 84176
241.923, 84176
241.924, 84176
241.925, 84176
241.927, 84176
241.928, 84176
241.929, 83960
241.93, 83960
241.931, 83960
241.933, 83960
241.934, 83960
241.935, 83960
241.936, 83960
241.937, 83960
241.938, 83960
241.94, 83960
241.941, 83960
241.942, 83960
241.943, 83960
241.945, 83960
241.946, 83960
241.947, 83960
241.948, 83960
241.949, 83960
241.95, 83960
241.952, 83960
241.953, 83960
241.954, 83528
241.955, 83528
241.956, 83528
241.958, 83528
241.959, 83528
241.96, 83528
241.962, 83744
241.964, 83744
241.965, 83744
241.966, 83744
241.968, 83744
241.969, 83744
241.971, 83744
241.972, 83744
241.973, 83744
241.975, 83744
241.976, 83744
241.977, 83744
241.978, 83744
241.979, 83960
241.981, 83960
241.982, 83960
241.983, 83960
241.984, 83960
241.985, 83960
241.986, 83960
241.987, 83960
241.989, 83960
241.99, 83960
241.991, 83960
241.993, 83960
241.994, 83960
241.995, 83960
241.997, 83960
241.998, 83960
241.999, 83960
242, 83960
242.001, 83960
242.003, 83960
242.004, 83960
242.005, 84176
242.006, 84176
242.007, 84176
242.008, 84176
242.009, 84176
242.011, 84176
242.012, 84176
242.013, 84176
242.014, 84176
242.015, 84176
242.016, 84176
242.018, 84176
242.019, 84176
242.02, 84176
242.021, 84176
242.023, 84176
242.024, 84176
242.025, 84176
242.026, 84176
242.028, 84176
242.029, 84176
242.03, 84176
242.031, 84392
242.033, 84392
242.034, 84392
242.035, 84392
242.036, 84392
242.038, 84392
242.039, 84392
242.04, 84176
242.041, 84176
242.043, 84176
242.044, 84176
242.045, 84176
242.046, 84176
242.047, 84176
242.049, 84176
242.05, 84176
242.051, 84176
242.052, 84176
242.054, 84176
242.055, 84176
242.056, 84176
242.057, 84176
242.059, 84176
242.06, 84176
242.062, 84176
242.064, 84176
242.065, 84176
242.067, 84176
242.068, 84176
242.07, 84176
242.071, 84176
242.073, 84176
242.074, 84176
242.075, 84176
242.077, 84176
242.078, 84176
242.079, 84176
242.081, 84176
242.082, 84176
242.083, 84176
242.084, 84176
242.086, 84176
242.087, 84176
242.088, 84176
242.089, 84176
242.091, 84176
242.092, 84176
242.093, 84176
242.095, 84176
242.096, 84176
242.097, 84176
242.098, 84176
242.1, 84176
242.101, 84176
242.102, 84176
242.103, 84176
242.104, 84176
242.106, 84176
242.107, 84176
242.108, 84176
242.109, 84176
242.11, 84176
242.112, 84176
242.113, 84176
242.114, 84176
242.115, 84176
242.116, 84176
242.118, 84176
242.119, 84176
242.12, 84176
242.121, 84176
242.122, 84176
242.123, 84176
242.125, 84176
242.126, 84176
242.127, 84176
242.128, 84176
242.13, 84176
242.131, 84176
242.133, 84176
242.134, 84176
242.135, 84176
242.136, 84176
242.138, 84176
242.139, 84176
242.14, 84176
242.141, 84392
242.143, 84392
242.144, 84392
242.145, 84392
242.146, 84392
242.147, 84392
242.148, 84392
242.15, 84392
242.151, 84176
242.152, 84176
242.153, 84176
242.154, 84176
242.155, 84176
242.156, 84176
242.158, 84176
242.159, 84392
242.16, 84392
242.162, 84392
242.163, 84392
242.164, 84392
242.165, 84392
242.166, 84392
242.167, 84392
242.169, 84392
242.17, 84392
242.171, 84392
242.172, 84392
242.174, 84392
242.175, 84392
242.176, 84176
242.177, 84176
242.179, 84176
242.18, 84176
242.181, 84176
242.182, 84176
242.183, 84176
242.185, 84176
242.186, 84176
242.187, 84176
242.188, 84176
242.19, 84176
242.191, 84176
242.192, 84176
242.193, 84176
242.194, 84176
242.195, 84176
242.197, 84176
242.198, 84176
242.199, 84176
242.2, 84176
242.202, 84176
242.203, 84176
242.204, 84176
242.205, 84176
242.206, 84176
242.208, 84176
242.209, 84176
242.21, 84392
242.211, 84392
242.212, 84392
242.213, 84392
242.215, 84392
242.216, 84392
242.218, 84176
242.22, 84176
242.221, 84176
242.222, 84176
242.223, 84176
242.224, 84176
242.226, 84176
242.227, 84176
242.228, 84176
242.229, 84176
242.23, 84176
242.232, 84176
242.233, 84176
242.234, 84176
242.235, 84176
242.236, 84176
242.238, 84176
242.239, 84176
242.24, 84176
242.241, 84176
242.243, 84176
242.244, 84176
242.245, 84176
242.246, 84176
242.248, 84176
242.249, 84176
242.25, 84176
242.251, 84176
242.253, 84392
242.254, 84392
242.255, 84392
242.256, 84392
242.257, 84392
242.258, 84392
242.26, 84392
242.261, 84392
242.262, 84392
242.263, 84392
242.264, 84392
242.265, 84392
242.267, 84392
242.268, 84392
242.269, 84392
242.27, 84392
242.271, 84392
242.272, 84392
242.274, 84392
242.275, 84392
242.276, 84392
242.277, 84392
242.278, 84392
242.279, 84392
242.281, 84392
242.282, 84392
242.283, 84392
242.284, 84392
242.286, 84392
242.287, 84392
242.288, 84392
242.289, 84392
242.291, 84392
242.292, 84392
242.294, 84392
242.295, 84392
242.297, 84392
242.298, 84392
242.299, 84392
242.301, 84392
242.302, 84392
242.303, 84392
242.304, 84392
242.306, 84392
242.307, 84392
242.308, 84392
242.309, 84392
242.31, 84392
242.312, 84392
242.313, 84392
242.314, 84392
242.316, 84392
242.317, 84392
242.318, 84392
242.319, 84392
242.32, 84392
242.322, 84392
242.324, 84392
242.325, 84392
242.327, 84392
242.328, 84392
242.33, 84392
242.331, 84392
242.332, 84392
242.333, 84392
242.335, 84392
242.336, 84392
242.337, 84392
242.338, 84176
242.34, 84176
242.341, 84176
242.342, 84176
242.343, 84176
242.344, 84176
242.346, 84176
242.347, 84176
242.348, 84176
242.349, 84176
242.35, 84176
242.351, 84176
242.353, 84176
242.354, 84176
242.356, 84176
242.358, 84176
242.359, 84176
242.36, 84176
242.362, 84176
242.363, 84176
242.364, 84176
242.365, 84176
242.367, 84176
242.368, 84176
242.369, 84176
242.37, 84176
242.372, 84176
242.373, 84176
242.374, 84176
242.375, 84176
242.377, 84176
242.378, 84176
242.379, 84176
242.38, 84176
242.382, 84176
242.383, 84176
242.384, 84176
242.386, 84176
242.387, 84176
242.388, 84176
242.39, 84392
242.391, 84392
242.392, 84392
242.393, 84392
242.394, 84392
242.395, 84392
242.397, 84392
242.398, 84176
242.399, 84176
242.4, 84176
242.402, 84176
242.403, 84176
242.404, 84176
242.405, 84176
242.406, 84176
242.408, 84176
242.409, 84176
242.41, 84176
242.411, 84176
242.414, 84176
242.415, 84176
242.417, 84176
242.418, 84176
242.419, 84176
242.42, 84176
242.421, 84176
242.423, 84176
242.424, 84176
242.426, 84176
242.427, 84176
242.428, 84176
242.429, 84176
242.431, 84176
242.432, 83960
242.433, 83960
242.434, 83960
242.435, 83960
242.437, 83960
242.438, 83960
242.439, 83960
242.441, 83528
242.442, 83528
242.444, 83528
242.445, 83528
242.447, 83528
242.448, 83528
242.449, 83960
242.451, 83960
242.452, 83960
242.453, 83960
242.455, 83960
242.456, 83960
242.457, 83960
242.458, 83960
242.459, 83960
242.46, 83960
242.462, 83960
242.463, 83960
242.464, 83960
242.465, 83960
242.466, 83960
242.467, 83960
242.468, 83960
242.47, 83960
242.471, 83960
242.472, 83960
242.474, 83960
242.475, 83960
242.476, 83960
242.478, 83960
242.479, 83960
242.48, 83960
242.481, 83960
242.483, 83960
242.484, 83960
242.485, 83960
242.486, 83960
242.487, 83960
242.488, 83960
242.489, 83960
242.491, 83960
242.492, 83960
242.493, 83960
242.494, 83960
242.495, 83960
242.496, 83960
242.497, 83960
242.499, 83960
242.5, 83960
242.501, 83960
242.502, 83960
242.503, 83960
242.504, 83960
242.506, 83960
242.507, 83960
242.508, 83960
242.51, 83960
242.511, 83960
242.512, 83960
242.513, 83960
242.515, 83960
242.516, 83960
242.517, 83744
242.518, 83744
242.519, 83744
242.52, 83744
242.521, 83744
242.523, 83744
242.524, 83744
242.526, 83744
242.527, 83744
242.529, 83744
242.53, 83744
242.531, 83744
242.533, 83744
242.534, 83744
242.535, 83744
242.537, 83744
242.538, 83744
242.539, 83744
242.54, 83744
242.541, 83744
242.543, 83528
242.544, 83528
242.545, 83528
242.546, 83528
242.547, 83528
242.548, 83528
242.549, 83528
242.551, 83528
242.552, 83312
242.553, 83312
242.554, 83312
242.556, 83312
242.557, 83312
242.558, 83312
242.559, 83312
242.56, 83528
242.562, 83528
242.563, 83528
242.564, 83528
242.565, 83528
242.566, 83528
242.567, 83528
242.568, 83096
242.57, 83096
242.571, 83096
242.573, 83096
242.574, 83096
242.576, 83096
242.577, 83312
242.579, 83312
242.58, 83312
242.581, 83312
242.582, 83312
242.584, 83312
242.585, 83528
242.586, 83528
242.587, 83528
242.589, 83528
242.59, 83528
242.591, 83528
242.592, 83528
242.593, 83528
242.594, 83528
242.595, 83528
242.597, 83528
242.598, 83528
242.599, 83528
242.6, 83528
242.602, 83528
242.603, 83096
242.605, 83096
242.606, 83096
242.608, 83096
242.609, 83096
242.61, 83096
242.612, 83528
242.613, 83528
242.614, 83528
242.615, 83528
242.616, 83528
242.618, 83528
242.619, 83528
242.62, 83528
242.621, 83528
242.622, 83528
242.623, 83528
242.624, 83528
242.626, 83528
242.627, 83528
242.628, 83744
242.629, 83744
242.63, 83744
242.631, 83744
242.633, 83744
242.634, 83744
242.635, 83744
242.636, 83960
242.637, 83960
242.639, 83960
242.64, 83960
242.642, 83960
242.643, 83960
242.644, 83960
242.646, 83960
242.647, 83960
242.648, 83960
242.649, 83960
242.651, 83960
242.652, 83960
242.653, 83960
242.654, 84176
242.656, 84176
242.657, 84176
242.658, 84176
242.659, 84176
242.661, 84176
242.662, 83960
242.663, 83960
242.665, 83960
242.666, 83960
242.667, 83960
242.668, 83960
242.669, 83960
242.67, 83960
242.672, 83960
242.673, 83960
242.674, 83960
242.676, 83960
242.677, 83960
242.679, 83960
242.68, 83960
242.681, 83960
242.682, 83960
242.684, 83960
242.685, 83960
242.686, 83960
242.687, 83960
242.689, 83960
242.69, 83960
242.691, 83960
242.692, 83960
242.693, 83960
242.695, 83960
242.696, 83960
242.697, 83960
242.699, 83960
242.7, 83960
242.701, 83960
242.703, 83960
242.704, 83960
242.705, 83960
242.706, 83960
242.707, 83960
242.708, 83960
242.71, 83960
242.711, 83960
242.713, 83960
242.714, 83960
242.716, 83960
242.717, 83960
242.718, 83960
242.719, 83960
242.721, 83960
242.722, 83960
242.723, 83960
242.724, 83960
242.725, 83960
242.727, 83960
242.728, 83960
242.729, 83960
242.73, 83960
242.731, 83960
242.733, 83960
242.734, 83960
242.735, 83960
242.736, 83960
242.737, 83960
242.739, 83960
242.74, 83960
242.741, 83960
242.742, 83960
242.743, 83960
242.745, 83960
242.746, 83960
242.747, 84176
242.748, 84176
242.75, 84176
242.751, 84176
242.752, 84176
242.753, 84176
242.754, 84176
242.756, 84176
242.757, 84176
242.758, 84176
242.759, 84176
242.76, 84176
242.761, 84176
242.763, 84176
242.764, 84176
242.765, 84176
242.766, 84176
242.767, 84176
242.768, 84176
242.77, 84176
242.771, 84176
242.773, 84176
242.774, 84176
242.775, 84176
242.776, 84176
242.777, 84176
242.778, 84176
242.78, 84176
242.782, 84176
242.783, 84176
242.785, 84176
242.786, 84176
242.787, 84176
242.788, 84176
242.789, 84176
242.79, 84176
242.792, 84176
242.793, 84176
242.794, 84176
242.795, 84176
242.797, 84176
242.798, 84176
242.799, 84176
242.801, 84176
242.802, 84176
242.803, 84176
242.804, 84176
242.805, 84176
242.806, 84176
242.808, 84176
242.809, 84176
242.81, 84176
242.812, 84176
242.813, 84176
242.814, 84176
242.816, 84176
242.817, 84176
242.818, 84176
242.819, 84176
242.82, 84176
242.822, 84176
242.823, 84176
242.824, 84176
242.825, 84176
242.827, 84176
242.828, 84176
242.829, 84176
242.831, 84176
242.832, 84176
242.833, 84176
242.834, 84176
242.835, 84176
242.837, 84176
242.838, 84176
242.839, 84176
242.84, 84176
242.841, 84176
242.842, 84176
242.844, 84176
242.845, 84176
242.846, 84176
242.847, 84176
242.848, 84176
242.85, 83744
242.851, 83744
242.852, 83744
242.853, 83744
242.855, 83744
242.856, 83744
242.857, 83744
242.858, 83960
242.859, 83960
242.861, 83960
242.862, 83960
242.863, 83960
242.864, 83960
242.865, 83960
242.867, 83960
242.868, 83960
242.869, 83960
242.871, 83960
242.872, 83960
242.873, 83960
242.875, 83960
242.876, 83960
242.877, 83960
242.879, 83960
242.88, 83960
242.881, 83960
242.883, 83960
242.884, 83960
242.886, 83960
242.887, 83960
242.888, 83960
242.889, 83960
242.89, 83960
242.892, 83960
242.893, 83960
242.894, 83960
242.896, 83960
242.897, 83960
242.898, 83960
242.899, 83960
242.901, 84176
242.902, 84176
242.903, 84176
242.905, 84176
242.906, 84176
242.907, 84176
242.909, 84176
242.91, 83960
242.911, 83960
242.912, 83960
242.913, 83960
242.915, 83960
242.916, 83960
242.918, 83960
242.919, 84176
242.92, 84176
242.921, 84176
242.923, 84176
242.924, 84176
242.925, 84176
242.926, 83960
242.928, 83960
242.929, 83960
242.93, 83960
242.932, 83960
242.933, 83960
242.934, 83960
242.935, 83960
242.937, 83960
242.938, 83960
242.939, 83960
242.94, 83960
242.942, 83960
242.943, 83960
242.944, 83960
242.946, 83960
242.947, 83960
242.948, 83960
242.95, 83960
242.951, 83960
242.952, 83960
242.953, 83960
242.955, 83960
242.956, 83960
242.957, 83960
242.958, 83960
242.96, 83960
242.961, 83960
242.962, 83960
242.964, 83960
242.965, 83960
242.966, 83960
242.967, 83960
242.969, 83960
242.97, 83960
242.971, 83960
242.973, 83960
242.974, 83960
242.975, 83960
242.976, 83960
242.978, 83960
242.979, 83960
242.98, 83960
242.982, 83960
242.983, 83960
242.985, 83960
242.987, 83960
242.988, 83960
242.99, 83960
242.991, 83960
242.992, 83960
242.994, 83960
242.995, 84176
242.996, 84176
242.997, 84176
242.999, 84176
243, 84176
243.001, 84176
243.002, 84176
243.004, 83960
243.005, 83960
243.006, 83960
243.007, 83960
243.009, 83960
243.011, 83960
243.012, 83960
243.014, 83960
243.015, 83960
243.017, 83960
243.018, 83960
243.02, 83960
243.021, 84176
243.023, 84176
243.024, 84176
243.026, 84176
243.027, 84176
243.028, 84176
243.03, 84176
243.031, 84176
243.032, 84176
243.033, 84176
243.035, 84176
243.036, 84176
243.037, 84176
243.038, 83960
243.04, 83960
243.041, 83960
243.042, 83960
243.043, 83960
243.044, 83960
243.045, 83960
243.047, 83744
243.048, 83744
243.049, 83744
243.051, 83744
243.052, 83744
243.053, 83744
243.055, 83528
243.056, 83528
243.057, 83528
243.058, 83528
243.06, 83528
243.061, 83528
243.063, 83528
243.064, 83312
243.066, 83312
243.068, 83312
243.069, 83312
243.071, 83312
243.072, 83744
243.073, 83744
243.074, 83744
243.076, 83744
243.077, 83744
243.078, 83744
243.079, 83744
243.081, 83528
243.082, 83528
243.083, 83528
243.084, 83528
243.086, 83528
243.087, 83528
243.094, 83096
243.096, 83096
243.097, 83096
243.098, 83528
243.1, 83528
243.101, 83528
243.102, 83528
243.103, 83528
243.104, 83528
243.105, 83528
243.106, 83312
243.108, 83312
243.109, 83312
243.11, 83312
243.111, 83312
243.112, 83312
243.113, 83312
243.114, 83096
243.116, 83096
243.117, 83096
243.118, 83096
243.119, 83096
243.12, 83096
243.121, 83096
243.122, 83096
243.124, 82880
243.125, 82880
243.126, 82880
243.127, 82880
243.129, 82880
243.13, 82880
243.131, 83096
243.132, 83096
243.134, 83096
243.135, 83096
243.136, 83096
243.137, 83096
243.138, 83096
243.139, 83096
243.14, 83096
243.142, 83096
243.143, 83096
243.144, 83096
243.146, 83096
243.147, 83096
243.149, 83096
243.15, 83096
243.152, 83096
243.153, 83096
243.155, 83096
243.156, 83096
243.157, 83096
243.158, 83096
243.16, 83096
243.162, 83096
243.163, 83096
243.164, 83096
243.165, 83096
243.166, 83312
243.168, 83312
243.169, 83312
243.17, 83312
243.171, 83312
243.172, 83312
243.173, 83312
243.174, 83096
243.176, 83096
243.177, 83096
243.178, 83096
243.179, 83096
243.181, 83096
243.182, 83096
243.183, 83096
243.184, 83096
243.185, 83096
243.186, 83096
243.188, 83096
243.189, 83096
243.19, 83096
243.191, 83096
243.192, 83096
243.193, 83096
243.194, 83096
243.196, 83096
243.197, 83096
243.198, 83096
243.2, 83096
243.201, 83096
243.202, 83096
243.204, 83096
243.205, 83096
243.206, 83096
243.208, 83096
243.209, 83312
243.21, 83312
243.211, 83312
243.212, 83312
243.214, 83312
243.215, 83312
243.216, 83312
243.217, 83312
243.218, 83312
243.219, 83312
243.22, 83312
243.222, 83312
243.223, 83312
243.224, 83312
243.225, 83096
243.227, 83096
243.228, 83096
243.229, 83096
243.231, 83096
243.232, 83096
243.234, 83312
243.235, 83312
243.236, 83312
243.237, 83312
243.239, 83312
243.24, 83312
243.241, 83312
243.242, 83312
243.243, 83096
243.244, 83096
243.246, 83096
243.247, 83096
243.248, 83096
243.249, 83096
243.25, 83096
243.252, 83096
243.253, 83096
243.254, 83096
243.255, 83096
243.256, 83096
243.257, 83096
243.258, 83096
243.26, 83528
243.261, 83528
243.262, 83528
243.263, 83528
243.264, 83528
243.265, 83528
243.267, 83528
243.268, 83528
243.269, 83528
243.271, 83528
243.272, 83528
243.273, 83528
243.274, 83528
243.276, 83528
243.277, 83744
243.278, 83744
243.279, 83744
243.281, 83744
243.282, 83744
243.283, 83744
243.284, 83744
243.285, 83744
243.287, 83744
243.288, 83744
243.289, 83744
243.291, 83744
243.292, 83744
243.293, 83744
243.294, 83960
243.296, 83960
243.297, 83960
243.299, 83960
243.3, 83960
243.302, 83744
243.303, 83744
243.305, 83744
243.306, 83744
243.308, 83744
243.309, 83744
243.31, 83744
243.312, 83960
243.313, 83960
243.314, 83960
243.315, 83960
243.317, 83960
243.318, 83960
243.319, 83960
243.32, 83960
243.321, 83960
243.323, 83960
243.324, 83960
243.325, 83960
243.326, 83960
243.327, 83960
243.329, 83960
243.33, 83960
243.331, 83960
243.333, 83960
243.334, 83960
243.335, 83960
243.336, 83960
243.337, 83960
243.339, 83960
243.34, 83960
243.341, 83960
243.342, 83960
243.344, 83960
243.345, 83960
243.346, 83960
243.347, 83960
243.349, 83960
243.35, 83960
243.351, 83960
243.352, 83960
243.353, 83960
243.354, 83960
243.356, 83960
243.357, 83960
243.358, 83960
243.359, 83960
243.361, 83960
243.362, 83960
243.363, 83960
243.364, 83960
243.365, 83960
243.366, 83960
243.368, 83960
243.369, 83960
243.37, 83960
243.371, 83960
243.372, 83960
243.374, 83960
243.375, 83960
243.377, 83960
243.378, 83960
243.379, 84176
243.38, 84176
243.381, 84176
243.383, 84176
243.384, 84176
243.385, 84176
243.386, 84176
243.387, 84176
243.388, 84176
243.39, 84176
243.391, 84176
243.392, 84176
243.393, 84176
243.394, 84176
243.395, 84176
243.397, 84176
243.398, 84176
243.399, 84176
243.4, 84176
243.401, 84176
243.402, 84176
243.403, 84176
243.405, 84176
243.406, 84176
243.407, 84176
243.408, 84176
243.409, 84176
243.411, 84176
243.412, 84176
243.413, 84176
243.414, 84176
243.416, 84176
243.417, 84176
243.418, 84176
243.419, 84176
243.421, 84176
243.422, 84176
243.423, 84176
243.425, 84176
243.426, 84176
243.427, 84176
243.428, 84176
243.43, 84176
243.431, 84176
243.432, 84176
243.433, 84176
243.434, 84176
243.435, 84176
243.437, 84176
243.438, 84176
243.439, 84176
243.44, 84176
243.442, 84176
243.443, 84176
243.445, 84176
243.446, 84176
243.448, 84176
243.449, 84176
243.45, 84176
243.451, 84176
243.452, 84176
243.454, 84176
243.455, 84176
243.456, 84176
243.458, 84176
243.459, 84176
243.46, 84176
243.461, 84176
243.462, 84176
243.464, 84176
243.465, 84176
243.466, 84176
243.467, 84176
243.468, 84176
243.47, 84176
243.471, 84176
243.472, 84176
243.473, 84176
243.474, 84176
243.476, 84176
243.477, 84176
243.478, 84176
243.479, 84176
243.48, 84176
243.482, 84176
243.483, 84176
243.484, 84176
243.485, 84176
243.486, 84176
243.487, 84176
243.489, 84176
243.49, 84176
243.491, 84176
243.492, 84176
243.493, 84176
243.495, 84176
243.496, 84176
243.497, 84176
243.499, 84176
243.5, 84176
243.501, 84176
243.503, 84176
243.504, 84176
243.505, 84176
243.506, 84176
243.508, 84176
243.509, 84176
243.51, 84176
243.511, 84176
243.512, 84176
243.513, 84176
243.515, 84176
243.516, 84176
243.517, 84176
243.518, 84176
243.519, 84176
243.52, 84176
243.522, 84176
243.523, 84176
243.524, 84176
243.525, 84176
243.526, 84176
243.527, 84176
243.528, 84176
243.53, 84176
243.531, 84176
243.532, 84176
243.533, 84176
243.534, 84176
243.536, 84176
243.537, 84176
243.538, 84176
243.539, 84176
243.54, 84176
243.541, 84392
243.543, 84392
243.544, 84392
243.545, 84392
243.547, 84392
243.548, 84392
243.549, 84176
243.551, 84176
243.552, 84176
243.553, 84176
243.555, 84176
243.556, 84176
243.557, 84176
243.558, 84176
243.559, 84176
243.561, 84176
243.562, 84176
243.563, 84176
243.565, 84176
243.566, 84176
243.567, 84176
243.568, 84176
243.569, 84176
243.57, 84176
243.572, 84176
243.573, 84176
243.574, 84176
243.576, 84392
243.577, 84392
243.578, 84392
243.58, 84392
243.581, 84392
243.582, 84392
243.583, 84176
243.585, 84176
243.586, 84176
243.587, 84176
243.588, 84176
243.589, 84176
243.591, 84176
243.592, 84176
243.593, 84176
243.594, 84176
243.596, 84176
243.597, 84176
243.598, 84176
243.599, 84176
243.6, 84176
243.601, 84176
243.603, 84176
243.604, 84176
243.606, 84176
243.607, 84176
243.608, 84176
243.609, 84176
243.611, 84176
243.612, 84176
243.613, 84176
243.614, 84176
243.615, 84176
243.617, 84176
243.618, 83960
243.619, 83960
243.62, 83960
243.621, 83960
243.622, 83960
243.624, 83960
243.625, 83960
243.626, 83960
243.627, 83960
243.628, 83960
243.63, 83960
243.631, 83960
243.632, 83960
243.633, 83960
243.634, 83960
243.636, 83960
243.637, 83960
243.638, 83960
243.639, 83960
243.641, 83960
243.642, 83960
243.643, 83960
243.645, 83960
243.646, 83960
243.647, 83960
243.649, 83960
243.65, 83960
243.651, 83960
243.653, 84176
243.654, 84176
243.655, 84176
243.656, 84176
243.657, 84176
243.659, 84176
243.66, 84176
243.661, 84176
243.662, 84176
243.663, 84176
243.665, 84176
243.666, 84176
243.667, 84176
243.668, 84176
243.669, 84176
243.671, 84176
243.672, 84176
243.673, 84176
243.674, 84176
243.676, 84176
243.677, 84176
243.678, 83960
243.679, 83960
243.68, 83960
243.681, 83960
243.683, 83960
243.684, 83960
243.685, 83960
243.686, 83528
243.688, 83528
243.689, 83528
243.69, 83528
243.691, 83528
243.692, 83528
243.694, 83528
243.695, 83528
243.696, 83528
243.698, 83528
243.699, 83528
243.701, 83528
243.702, 83528
243.703, 83744
243.704, 83744
243.706, 83744
243.707, 83744
243.708, 83744
243.71, 83744
243.711, 83744
243.712, 83744
243.713, 83744
243.714, 83744
243.715, 83744
243.717, 83744
243.718, 83744
243.719, 83744
243.72, 83744
243.721, 83528
243.722, 83528
243.723, 83528
243.725, 83528
243.726, 83528
243.727, 83528
243.728, 83312
243.73, 83312
243.731, 83312
243.732, 83312
243.734, 83312
243.735, 83312
243.736, 83312
243.737, 83528
243.738, 83528
243.74, 83528
243.741, 83528
243.742, 83528
243.743, 83528
243.744, 83528
243.745, 83528
243.746, 83312
243.748, 83312
243.749, 83312
243.75, 83312
243.751, 83312
243.752, 83312
243.753, 83312
243.754, 83096
243.756, 83096
243.757, 83096
243.758, 83096
243.759, 83096
243.76, 83096
243.762, 83096
243.763, 83096
243.764, 83096
243.766, 83096
243.767, 83096
243.768, 83096
243.769, 83096
243.77, 83096
243.771, 83312
243.772, 83312
243.774, 83312
243.775, 83312
243.776, 83312
243.777, 83312
243.778, 83312
243.78, 83096
243.781, 83096
243.782, 83096
243.784, 83096
243.785, 83096
243.786, 83096
243.787, 83096
243.789, 83528
243.79, 83528
243.791, 83528
243.792, 83528
243.794, 83528
243.795, 83528
243.796, 83528
243.797, 83744
243.798, 83744
243.799, 83744
243.801, 83744
243.802, 83744
243.803, 83744
243.804, 83744
243.805, 83744
243.806, 83744
243.808, 83744
243.809, 83744
243.81, 83744
243.811, 83744
243.813, 83744
243.814, 83744
243.815, 83744
243.816, 83744
243.817, 83744
243.818, 83744
243.819, 83744
243.821, 83744
243.822, 83744
243.823, 83744
243.825, 83744
243.827, 83744
243.828, 83744
243.832, 83744
243.834, 83744
243.835, 83744
243.836, 83744
243.838, 83744
243.839, 83744
243.84, 83744
243.841, 83744
243.843, 83744
243.844, 83744
243.846, 83744
243.847, 83744
243.848, 83744
243.849, 83744
243.85, 83744
243.852, 83744
243.853, 83744
243.854, 83744
243.855, 83744
243.856, 83744
243.857, 83744
243.859, 83744
243.86, 83744
243.861, 83744
243.863, 83744
243.864, 83744
243.865, 83744
243.867, 83744
243.868, 83744
243.869, 83744
243.87, 83744
243.871, 83744
243.872, 83744
243.874, 83744
243.875, 83960
243.876, 83960
243.877, 83960
243.879, 83960
243.88, 83960
243.881, 83960
243.882, 83960
243.883, 83960
243.885, 83960
243.886, 83960
243.887, 83960
243.888, 83960
243.889, 83960
243.891, 83960
243.892, 83960
243.893, 83960
243.894, 83960
243.896, 83960
243.897, 83960
243.898, 83960
243.899, 84176
243.901, 84176
243.902, 84176
243.903, 84176
243.904, 84176
243.905, 84176
243.907, 84176
243.908, 84176
243.909, 84176
243.91, 84176
243.911, 84176
243.916, 84176
243.917, 84176
243.919, 84176
243.92, 84176
243.921, 84176
243.923, 84176
243.924, 84176
243.925, 84176
243.926, 84176
243.927, 84176
243.928, 84176
243.93, 84176
243.931, 84176
243.933, 84176
243.934, 84176
243.936, 84176
243.937, 84176
243.938, 84176
243.94, 84176
243.941, 84176
243.942, 84176
243.943, 84176
243.944, 84176
243.945, 84176
243.947, 84176
243.948, 84176
243.949, 84176
243.95, 84176
243.952, 84176
243.953, 84176
243.954, 84176
243.956, 84176
243.957, 84176
243.958, 84176
243.959, 84176
243.96, 84176
243.961, 84176
243.962, 84176
243.964, 84176
243.965, 84176
243.967, 84176
243.968, 84176
243.969, 84176
243.97, 84176
243.972, 84176
243.973, 84176
243.974, 84176
243.975, 84176
243.976, 84176
243.977, 84176
243.979, 84176
243.98, 84176
243.981, 84176
243.983, 84176
243.984, 84176
243.985, 84176
243.986, 84176
243.988, 84176
243.989, 84176
243.99, 84176
243.991, 84176
243.992, 84176
243.994, 84176
243.995, 84176
243.996, 84176
243.997, 84176
243.999, 84176
244, 84176
244.001, 84176
244.002, 83960
244.003, 83960
244.004, 83960
244.006, 83960
244.007, 83960
244.008, 83960
244.01, 83960
244.011, 83744
244.012, 83744
244.013, 83744
244.015, 83744
244.016, 83744
244.017, 83744
244.018, 83744
244.019, 83744
244.021, 83744
244.022, 83744
244.023, 83744
244.024, 83744
244.025, 83744
244.026, 83744
244.028, 83960
244.029, 83960
244.03, 83960
244.031, 83960
244.032, 83960
244.034, 83960
244.035, 83960
244.036, 83960
244.038, 83960
244.039, 83960
244.04, 83960
244.041, 83960
244.042, 83960
244.043, 83960
244.045, 83960
244.046, 83960
244.047, 83960
244.049, 83960
244.05, 83960
244.051, 83960
244.053, 83960
244.054, 83960
244.055, 83960
244.056, 83960
244.057, 83960
244.059, 83960
244.06, 83960
244.061, 83960
244.062, 83960
244.064, 83960
244.065, 83960
244.066, 83960
244.067, 83960
244.069, 83960
244.07, 83960
244.071, 84176
244.072, 84176
244.073, 84176
244.074, 84176
244.076, 84176
244.077, 84176
244.078, 83960
244.08, 83960
244.081, 83960
244.082, 83960
244.083, 83960
244.084, 83960
244.085, 83960
244.087, 83960
244.088, 83960
244.089, 83960
244.09, 83960
244.091, 83960
244.093, 83960
244.094, 83960
244.095, 83960
244.097, 83960
244.098, 83960
244.099, 83960
244.1, 83960
244.101, 83960
244.102, 83960
244.104, 83960
244.105, 83960
244.107, 83960
244.108, 83960
244.109, 83960
244.111, 83960
244.112, 83960
244.113, 83960
244.114, 83960
244.115, 83960
244.117, 83960
244.118, 83960
244.119, 83960
244.12, 83960
244.121, 83960
244.123, 83960
244.124, 83960
244.125, 83960
244.126, 83960
244.128, 83960
244.129, 83960
244.13, 83960
244.132, 83960
244.133, 83960
244.134, 83960
244.135, 83960
244.137, 83960
244.138, 84176
244.139, 84176
244.141, 84176
244.142, 84176
244.144, 84176
244.145, 84176
244.146, 84176
244.148, 83960
244.149, 83960
244.15, 83960
244.152, 83960
244.153, 83960
244.154, 83960
244.155, 84176
244.157, 84176
244.158, 84176
244.159, 84176
244.16, 84176
244.162, 84176
244.163, 84176
244.165, 84176
244.166, 84176
244.167, 84176
244.169, 84176
244.171, 84176
244.172, 83960
244.174, 83960
244.176, 83960
244.177, 83960
244.179, 83960
244.18, 83960
244.182, 83960
244.183, 83960
244.184, 83960
244.185, 83960
244.187, 83960
244.188, 83960
244.189, 83960
244.19, 84176
244.192, 84176
244.193, 84176
244.194, 84176
244.195, 84176
244.197, 84176
244.198, 84176
244.199, 84176
244.201, 84176
244.202, 84176
244.203, 84176
244.204, 84176
244.206, 84176
244.207, 84176
244.208, 84176
244.209, 84176
244.21, 84176
244.212, 84176
244.213, 84176
244.214, 84176
244.215, 84176
244.217, 84176
244.218, 84176
244.219, 84176
244.221, 84176
244.222, 84176
244.224, 84176
244.225, 84176
244.226, 84176
244.228, 84176
244.229, 84176
244.23, 84176
244.231, 84176
244.233, 84176
244.234, 84176
244.235, 84176
244.237, 84176
244.238, 84176
244.239, 84176
244.24, 84176
244.242, 84176
244.243, 84176
244.244, 84176
244.245, 84176
244.247, 84176
244.248, 84176
244.25, 84176
244.252, 84176
244.253, 84176
244.255, 84176
244.256, 84176
244.258, 84176
244.259, 84176
244.261, 84176
244.262, 84176
244.263, 84176
244.265, 84176
244.266, 84176
244.267, 84176
244.269, 84176
244.27, 84176
244.271, 84176
244.272, 84176
244.274, 84176
244.275, 84176
244.276, 84176
244.277, 84176
244.278, 84176
244.28, 84176
244.281, 84176
244.282, 84176
244.283, 84176
244.285, 84176
244.286, 84176
244.287, 84176
244.288, 84176
244.29, 84176
244.291, 84176
244.292, 83960
244.293, 83960
244.295, 83960
244.296, 83960
244.297, 83960
244.304, 83528
244.306, 83528
244.307, 83528
244.309, 83528
244.31, 83528
244.311, 83528
244.312, 83528
244.314, 83528
244.315, 83528
244.316, 83528
244.317, 83744
244.319, 83744
244.32, 83744
244.321, 83744
244.322, 83744
244.324, 83744
244.325, 83744
244.326, 83744
244.327, 83744
244.328, 83744
244.33, 83744
244.331, 83744
244.332, 83744
244.333, 83744
244.334, 83744
244.338, 83312
244.345, 83528
244.346, 83528
244.347, 83528
244.348, 83528
244.35, 83528
244.351, 83528
244.352, 83528
244.353, 83528
244.354, 83528
244.355, 83528
244.356, 83528
244.358, 83528
244.359, 83528
244.36, 83528
244.361, 83096
244.362, 83096
244.363, 83096
244.364, 83096
244.366, 83096
244.367, 83096
244.368, 83096
244.369, 82880
244.37, 82880
244.371, 82880
244.372, 82880
244.374, 82880
244.375, 82880
244.376, 82880
244.378, 83096
244.379, 83096
244.38, 83096
244.381, 83096
244.382, 83096
244.383, 83096
244.385, 83096
244.386, 83096
244.387, 83096
244.388, 83096
244.389, 83096
244.391, 83096
244.392, 83096
244.393, 83096
244.395, 83096
244.396, 83096
244.397, 83096
244.399, 83096
244.4, 83096
244.401, 83096
244.402, 83096
244.404, 83528
244.405, 83528
244.406, 83528
244.407, 83528
244.408, 83528
244.41, 83528
244.411, 83528
244.412, 83744
244.413, 83744
244.414, 83744
244.415, 83744
244.416, 83744
244.418, 83744
244.419, 83744
244.42, 83744
244.421, 83744
244.422, 83744
244.423, 83744
244.425, 83744
244.426, 83744
244.427, 83744
244.428, 83528
244.43, 83528
244.431, 83528
244.432, 83528
244.433, 83528
244.434, 83528
244.435, 83528
244.436, 83528
244.438, 83312
244.439, 83312
244.44, 83312
244.441, 83312
244.442, 83312
244.444, 83312
244.445, 83312
244.447, 83312
244.448, 83312
244.449, 83312
244.451, 83312
244.452, 83312
244.453, 83312
244.454, 83528
244.456, 83528
244.457, 83528
244.458, 83528
244.459, 83528
244.46, 83528
244.462, 83528
244.463, 83528
244.464, 83528
244.465, 83528
244.466, 83528
244.467, 83528
244.468, 83528
244.47, 83528
244.471, 83528
244.472, 83096
244.473, 83096
244.475, 83096
244.476, 83096
244.477, 83096
244.479, 83096
244.48, 83312
244.481, 83312
244.483, 83312
244.484, 83312
244.485, 83312
244.486, 83312
244.487, 83312
244.488, 83744
244.489, 83744
244.491, 83744
244.492, 83744
244.493, 83744
244.494, 83744
244.496, 83744
244.497, 83744
244.498, 83744
244.499, 83744
244.501, 83744
244.502, 83744
244.503, 83744
244.505, 83744
244.506, 83744
244.507, 83744
244.508, 83744
244.509, 83744
244.511, 83744
244.512, 83744
244.513, 83744
244.514, 83960
244.516, 83960
244.517, 83960
244.518, 83960
244.519, 83960
244.521, 83960
244.522, 83960
244.524, 83960
244.525, 83960
244.527, 83960
244.528, 83960
244.529, 83960
244.531, 83960
244.533, 83960
244.534, 83960
244.536, 83960
244.537, 83960
244.538, 83960
244.54, 84176
244.541, 84176
244.543, 84176
244.544, 84176
244.545, 84176
244.546, 84176
244.548, 84176
244.549, 83960
244.55, 83960
244.552, 83960
244.553, 83960
244.554, 83960
244.555, 83960
244.557, 84176
244.558, 84176
244.559, 84176
244.56, 84176
244.562, 84176
244.563, 84176
244.564, 84176
244.565, 84176
244.567, 84176
244.568, 84176
244.569, 84176
244.57, 84176
244.571, 84176
244.573, 84176
244.574, 84176
244.575, 84176
244.577, 84176
244.578, 84176
244.58, 84176
244.581, 84176
244.582, 83960
244.583, 83960
244.584, 83960
244.586, 83960
244.587, 83960
244.588, 83960
244.589, 83960
244.591, 84176
244.592, 84176
244.593, 84176
244.594, 84176
244.596, 84176
244.597, 84176
244.598, 84176
244.599, 84176
244.6, 84176
244.602, 84176
244.603, 84176
244.604, 84176
244.605, 84176
244.606, 84176
244.608, 84176
244.609, 84176
244.61, 84176
244.611, 84176
244.613, 84176
244.614, 84176
244.615, 84176
244.616, 84176
244.618, 84176
244.619, 84176
244.62, 84176
244.621, 84176
244.623, 84176
244.624, 84176
244.625, 84176
244.626, 84176
244.627, 84176
244.628, 84176
244.63, 84176
244.631, 84176
244.632, 84176
244.633, 84176
244.634, 84176
244.635, 84176
244.636, 84176
244.638, 84176
244.639, 84176
244.64, 84176
244.642, 84176
244.643, 84176
244.644, 84176
244.646, 84176
244.647, 84176
244.648, 84176
244.649, 84176
244.65, 84176
244.652, 84176
244.653, 84176
244.654, 84176
244.656, 84176
244.657, 84176
244.658, 84176
244.659, 84176
244.661, 84176
244.662, 84176
244.663, 84176
244.664, 84176
244.665, 84176
244.666, 84176
244.667, 84176
244.669, 84176
244.67, 84176
244.671, 84176
244.673, 84176
244.674, 84176
244.675, 84176
244.677, 84176
244.678, 84176
244.679, 84176
244.68, 84176
244.681, 84176
244.683, 84176
244.684, 84176
244.685, 84176
244.687, 84176
244.688, 84176
244.689, 84176
244.69, 84176
244.692, 84176
244.693, 84176
244.694, 84176
244.695, 84176
244.696, 84176
244.698, 84176
244.699, 84176
244.7, 84176
244.701, 84176
244.703, 84176
244.704, 84176
244.705, 84176
244.707, 84176
244.708, 84176
244.709, 84176
244.711, 84176
244.712, 84176
244.713, 84176
244.714, 84176
244.715, 84176
244.717, 84176
244.718, 84176
244.719, 84176
244.72, 84176
244.721, 84176
244.722, 84176
244.724, 84176
244.725, 84176
244.726, 84176
244.727, 84176
244.728, 84176
244.73, 84176
244.731, 84176
244.732, 84176
244.734, 84176
244.735, 84176
244.736, 84176
244.738, 84176
244.739, 84176
244.74, 84176
244.741, 84176
244.742, 84176
244.744, 84176
244.745, 84392
244.746, 84392
244.747, 84392
244.749, 84392
244.75, 84392
244.751, 84392
244.752, 84392
244.753, 84176
244.755, 84176
244.756, 84176
244.758, 84176
244.759, 84176
244.76, 84176
244.761, 84176
244.762, 84176
244.764, 84176
244.765, 84176
244.766, 84176
244.767, 84176
244.768, 84176
244.77, 84176
244.771, 84176
244.772, 84176
244.773, 84176
244.774, 84176
244.775, 84176
244.777, 84176
244.778, 84176
244.78, 84176
244.781, 84176
244.783, 84176
244.784, 84176
244.785, 84176
244.787, 84176
244.788, 84176
244.789, 84176
244.79, 84176
244.791, 84176
244.793, 84176
244.794, 84176
244.795, 84176
244.796, 84176
244.797, 84176
244.799, 84176
244.8, 84176
244.801, 84176
244.802, 84176
244.804, 84176
244.805, 84176
244.806, 84176
244.807, 84176
244.809, 84176
244.81, 84176
244.811, 84176
244.812, 84176
244.813, 83960
244.815, 83960
244.816, 83960
244.817, 83960
244.819, 83960
244.82, 83960
244.822, 84176
244.823, 84176
244.824, 84176
244.825, 84176
244.827, 84176
244.828, 84176
244.829, 84176
244.83, 83960
244.831, 83960
244.832, 83960
244.834, 83960
244.835, 83960
244.836, 83960
244.837, 83960
244.839, 83960
244.84, 83960
244.841, 83960
244.842, 83960
244.843, 83960
244.844, 83960
244.846, 83960
244.847, 84176
244.848, 84176
244.85, 84176
244.851, 84176
244.853, 84176
244.854, 84176
244.855, 84176
244.856, 84176
244.858, 84176
244.859, 84176
244.86, 84176
244.861, 84176
244.862, 84176
244.864, 83960
244.865, 83960
244.866, 83960
244.867, 83960
244.868, 83960
244.87, 83960
244.871, 83960
244.872, 83960
244.873, 83960
244.874, 83960
244.875, 83960
244.877, 83960
244.878, 83960
244.88, 83960
244.881, 84176
244.882, 84176
244.883, 84176
244.885, 84176
244.886, 84176
244.887, 84176
244.888, 84176
244.889, 84176
244.891, 84176
244.892, 84176
244.893, 84176
244.894, 84176
244.895, 84176
244.897, 84176
244.898, 83960
244.899, 83960
244.9, 83960
244.901, 83960
244.902, 83960
244.904, 83960
244.905, 83960
244.906, 83960
244.907, 83960
244.909, 83960
244.91, 83960
244.911, 83960
244.912, 83960
244.913, 83960
244.914, 83960
244.916, 83744
244.917, 83744
244.918, 83744
244.919, 83744
244.92, 83744
244.922, 83744
244.923, 83744
244.924, 83528
244.926, 83528
244.927, 83528
244.928, 83528
244.929, 83528
244.93, 83528
244.932, 83744
244.933, 83744
244.935, 83744
244.936, 83744
244.938, 83744
244.939, 83744
244.941, 83744
244.942, 83744
244.944, 83744
244.945, 83744
244.946, 83744
244.948, 83744
244.949, 83744
244.95, 83744
244.951, 83744
244.952, 83744
244.954, 83744
244.955, 83744
244.956, 83744
244.957, 83744
244.958, 83528
244.959, 83528
244.96, 83528
244.962, 83528
244.963, 83528
244.964, 83528
244.966, 83312
244.967, 83312
244.969, 83312
244.97, 83312
244.972, 83312
244.973, 83312
244.974, 83312
244.975, 83744
244.976, 83744
244.978, 83744
244.979, 83744
244.98, 83744
244.981, 83744
244.982, 83744
244.983, 83312
244.984, 83312
244.985, 83312
244.987, 83312
244.988, 83312
244.989, 83312
244.99, 83312
244.991, 83312
244.992, 83312
244.993, 83312
244.995, 83312
244.996, 83312
244.997, 83312
244.998, 83312
244.999, 83312
245.001, 83096
245.002, 83096
245.004, 83096
245.005, 83096
245.006, 83096
245.007, 83096
245.008, 83096
245.01, 83312
245.011, 83312
245.012, 83312
245.013, 83312
245.014, 83312
245.015, 83312
245.017, 83312
245.018, 83096
245.02, 83096
245.021, 83096
245.022, 83096
245.024, 83096
245.025, 83096
245.026, 83528
245.027, 83528
245.029, 83528
245.03, 83528
245.031, 83528
245.032, 83528
245.034, 83528
245.035, 83528
245.036, 83528
245.037, 83528
245.038, 83528
245.039, 83528
245.041, 83528
245.042, 83528
245.043, 83312
245.044, 83312
245.045, 83312
245.047, 83312
245.048, 83312
245.049, 83312
245.05, 83312
245.052, 83312
245.053, 83312
245.054, 83312
245.055, 83312
245.056, 83312
245.057, 83312
245.058, 83312
245.06, 83312
245.061, 83312
245.062, 83312
245.063, 83312
245.065, 83312
245.066, 83312
245.067, 83312
245.069, 83312
245.07, 83312
245.072, 83312
245.073, 83312
245.074, 83312
245.075, 83312
245.077, 83312
245.078, 83744
245.079, 83744
245.08, 83744
245.081, 83744
245.083, 83744
245.084, 83744
245.085, 83744
245.086, 83744
245.087, 83744
245.088, 83744
245.089, 83744
245.091, 83744
245.092, 83744
245.094, 83744
245.095, 83744
245.096, 83744
245.097, 83744
245.098, 83744
245.099, 83744
245.101, 83744
245.102, 83744
245.103, 83312
245.104, 83312
245.105, 83312
245.106, 83312
245.107, 83312
245.108, 83312
245.11, 83312
245.111, 83312
245.112, 83312
245.113, 83312
245.114, 83312
245.115, 83312
245.116, 83312
245.118, 83312
245.119, 83312
245.12, 83312
245.121, 83312
245.122, 83312
245.123, 83312
245.124, 83312
245.126, 83312
245.127, 83312
245.128, 83312
245.129, 83312
245.13, 83312
245.131, 83312
245.132, 83312
245.134, 83312
245.135, 83312
245.136, 83312
245.137, 83312
245.138, 83312
245.139, 83312
245.14, 83312
245.142, 83312
245.143, 83312
245.144, 83312
245.145, 83312
245.146, 83312
245.147, 83312
245.148, 83312
245.15, 83312
245.151, 83312
245.152, 83312
245.153, 83312
245.154, 83528
245.155, 83528
245.156, 83528
245.158, 83528
245.159, 83528
245.16, 83528
245.161, 83528
245.162, 83528
245.163, 83528
245.164, 83528
245.165, 83528
245.167, 83528
245.168, 83528
245.169, 83528
245.17, 83528
245.171, 83312
245.172, 83312
245.173, 83312
245.175, 83312
245.176, 83312
245.177, 83312
245.178, 83312
245.179, 83312
245.18, 83312
245.181, 83312
245.183, 83312
245.184, 83312
245.185, 83312
245.186, 83312
245.187, 83312
245.188, 83312
245.19, 83312
245.191, 83312
245.192, 83312
245.193, 83312
245.195, 83312
245.196, 83312
245.197, 83312
245.198, 83312
245.2, 83312
245.201, 83312
245.202, 83312
245.203, 83312
245.205, 83312
245.206, 83312
245.207, 83312
245.208, 83312
245.21, 83312
245.211, 83312
245.212, 83312
245.213, 83096
245.215, 83096
245.216, 83096
245.217, 83096
245.218, 83096
245.22, 83096
245.221, 83096
245.222, 83096
245.223, 83096
245.224, 83096
245.225, 83096
245.227, 83096
245.228, 83096
245.229, 83096
245.23, 83096
245.231, 83096
245.233, 83096
245.234, 83096
245.235, 83096
245.236, 83096
245.237, 83096
245.238, 83096
245.24, 83096
245.241, 83096
245.242, 83096
245.243, 83096
245.244, 83096
245.246, 83096
245.247, 83096
245.248, 83096
245.249, 83096
245.251, 83096
245.253, 83096
245.254, 83096
245.255, 83096
245.256, 83312
245.257, 83312
245.258, 83312
245.26, 83312
245.261, 83312
245.262, 83312
245.263, 83312
245.265, 83096
245.267, 83096
245.269, 83096
245.271, 83096
245.272, 83096
245.274, 83312
245.275, 83312
245.276, 83312
245.277, 83312
245.278, 83312
245.279, 83312
245.281, 83312
245.282, 83312
245.283, 83312
245.284, 83312
245.285, 83312
245.287, 83312
245.288, 83312
245.291, 83528
245.292, 83528
245.293, 83528
245.295, 83528
245.296, 83528
245.298, 83528
245.299, 83528
245.3, 83528
245.302, 83528
245.303, 83528
245.304, 83528
245.306, 83528
245.309, 83528
245.31, 83528
245.313, 83528
245.314, 83528
245.316, 83528
245.317, 83744
245.318, 83744
245.32, 83744
245.321, 83744
245.323, 83744
245.324, 83960
245.326, 83960
245.327, 83960
245.328, 83960
245.33, 83960
245.331, 83960
245.332, 83960
245.333, 83528
245.335, 83528
245.336, 83528
245.337, 83528
245.338, 83528
245.339, 83528
245.341, 83528
245.342, 83528
245.343, 83528
245.345, 83528
245.346, 83528
245.347, 83528
245.349, 83528
245.35, 83528
245.351, 83528
245.353, 83528
245.354, 83528
245.355, 83528
245.357, 83528
245.358, 83528
245.359, 83528
245.36, 83528
245.362, 83528
245.363, 83528
245.365, 83528
245.366, 83528
245.367, 83528
245.369, 83528
245.37, 83528
245.371, 83528
245.372, 83528
245.374, 83528
245.375, 83528
245.376, 83528
245.377, 83528
245.378, 83528
245.38, 83528
245.381, 83528
245.382, 83528
245.384, 83528
245.385, 83528
245.386, 83528
245.387, 83528
245.389, 83528
245.39, 83528
245.391, 83528
245.392, 83528
245.393, 83528
245.395, 83528
245.396, 83528
245.397, 83528
245.398, 83528
245.399, 83528
245.4, 83528
245.401, 83312
245.403, 83312
245.404, 83312
245.405, 83312
245.406, 83312
245.407, 83312
245.408, 83312
245.409, 83312
245.411, 83528
245.412, 83528
245.413, 83528
245.414, 83528
245.415, 83528
245.416, 83528
245.417, 83528
245.419, 83528
245.42, 83528
245.421, 83528
245.422, 83528
245.423, 83528
245.424, 83528
245.425, 83528
245.427, 83528
245.428, 83528
245.429, 83528
245.43, 83528
245.432, 83528
245.44, 83528
245.441, 83528
245.443, 83528
245.444, 83960
245.446, 83960
245.448, 83960
245.449, 83960
245.45, 83960
245.451, 83960
245.453, 84176
245.454, 84176
245.455, 84176
245.456, 84176
245.458, 84176
245.459, 84176
245.46, 84176
245.461, 84176
245.462, 84176
245.463, 84176
245.465, 84176
245.466, 84176
245.467, 84176
245.468, 84176
245.469, 84176
245.47, 84176
245.471, 84176
245.472, 84176
245.474, 84176
245.475, 84176
245.476, 84176
245.477, 84176
245.478, 83960
245.479, 83960
245.48, 83960
245.482, 83960
245.483, 83960
245.484, 83960
245.485, 83960
245.486, 83960
245.487, 84176
245.488, 84176
245.49, 84176
245.491, 84176
245.492, 84176
245.493, 84176
245.494, 84176
245.495, 84176
245.496, 84176
245.498, 84176
245.499, 84176
245.5, 84176
245.501, 84176
245.502, 84176
245.503, 84176
245.504, 84176
245.506, 84176
245.507, 84176
245.508, 84176
245.509, 84176
245.51, 84176
245.511, 84176
245.513, 84176
245.514, 84176
245.515, 84176
245.516, 84176
245.517, 84176
245.519, 84176
245.52, 84176
245.521, 84176
245.522, 84176
245.523, 84176
245.524, 84176
245.525, 84176
245.527, 84176
245.528, 84176
245.529, 84176
245.53, 84176
245.531, 84176
245.532, 84176
245.534, 84176
245.535, 84176
245.536, 84176
245.537, 84176
245.538, 84176
245.539, 84176
245.54, 84176
245.542, 84176
245.543, 84176
245.544, 84176
245.545, 84176
245.546, 84176
245.547, 84176
245.549, 84176
245.55, 84176
245.553, 84176
245.558, 84176
245.559, 84176
245.561, 84176
245.563, 84176
245.564, 84176
245.565, 84176
245.567, 84176
245.568, 84176
245.569, 84176
245.571, 84176
245.572, 84176
245.573, 84176
245.574, 84176
245.575, 84176
245.576, 84176
245.578, 84176
245.579, 84176
245.58, 84176
245.581, 83960
245.582, 83960
245.583, 83960
245.585, 83960
245.586, 83960
245.587, 83960
245.588, 83960
245.589, 83960
245.59, 83960
245.592, 83960
245.593, 83960
245.594, 83960
245.598, 83960
245.602, 83960
245.603, 83960
245.604, 83960
245.606, 84176
245.609, 84176
245.611, 84176
245.612, 84176
245.614, 84176
245.615, 84392
245.616, 84392
245.618, 84392
245.619, 84392
245.621, 84392
245.622, 84392
245.623, 84392
245.624, 84392
245.626, 84392
245.627, 84392
245.628, 84392
245.629, 84392
245.63, 84392
245.634, 84176
245.639, 84176
245.64, 84392
245.642, 84392
245.644, 84392
245.645, 84392
245.646, 84392
245.648, 84392
245.649, 84392
245.65, 84392
245.652, 84392
245.653, 84392
245.654, 84392
245.655, 84392
245.657, 84392
245.658, 84392
245.659, 84392
245.66, 84392
245.661, 84392
245.663, 84392
245.664, 84392
245.665, 84392
245.666, 84176
245.667, 84176
245.669, 84176
245.67, 84176
245.671, 84176
245.673, 84176
245.674, 84176
245.677, 84176
245.678, 84176
245.689, 84392
245.69, 84392
245.691, 84392
245.695, 84608
245.696, 84608
245.704, 84608
245.705, 84608
245.706, 84608
245.708, 84608
245.709, 84608
245.71, 84608
245.712, 84608
245.713, 84608
245.714, 84608
245.715, 84608
245.717, 84608
245.718, 84824
245.719, 84824
245.72, 84824
245.722, 84824
245.723, 84824
245.724, 84824
245.725, 84824
245.727, 84824
245.728, 84824
245.729, 84824
245.731, 84824
245.732, 84824
245.733, 84824
245.734, 84608
245.736, 84608
245.737, 84608
245.738, 84608
245.74, 84608
245.741, 84608
245.742, 84608
245.744, 84608
245.745, 84608
245.746, 84608
245.747, 84608
245.749, 84608
245.75, 84608
245.751, 84608
245.752, 84608
245.754, 84608
245.755, 84608
245.756, 84608
245.757, 84608
245.759, 84608
245.76, 84608
245.761, 84608
245.762, 84608
245.764, 84608
245.765, 84608
245.766, 84608
245.767, 84608
245.769, 84392
245.77, 84392
245.771, 84392
245.772, 84392
245.774, 84392
245.775, 84392
245.776, 84392
245.777, 84392
245.779, 84392
245.78, 84392
245.781, 84392
245.782, 84392
245.784, 84392
245.785, 84392
245.787, 84392
245.788, 84392
245.789, 84392
245.79, 84392
245.791, 84392
245.792, 84392
245.793, 84392
245.795, 84392
245.796, 84392
245.797, 84392
245.798, 84392
245.799, 84392
245.8, 84392
245.802, 84392
245.803, 83960
245.804, 83960
245.805, 83960
245.806, 83960
245.807, 83960
245.808, 83960
245.81, 83960
245.811, 83960
245.812, 83960
245.813, 83960
245.814, 83960
245.815, 83960
245.817, 83960
245.818, 83960
245.819, 83960
245.82, 83960
245.821, 83960
245.822, 83960
245.823, 83960
245.825, 83960
245.826, 83960
245.827, 83960
245.828, 83960
245.829, 83960
245.83, 83960
245.832, 83960
245.833, 83960
245.834, 83960
245.835, 83960
245.836, 83960
245.837, 83960
245.839, 83960
245.84, 83960
245.841, 83960
245.842, 83960
245.843, 83960
245.844, 83960
245.846, 83960
245.847, 83960
245.848, 83960
245.849, 83960
245.85, 83960
245.851, 83960
245.853, 83960
245.854, 84176
245.855, 84176
245.856, 84176
245.857, 84176
245.858, 84176
245.859, 84176
245.861, 84176
245.862, 84176
245.863, 83960
245.864, 83960
245.865, 83960
245.866, 83960
245.868, 83960
245.869, 83960
245.87, 83960
245.871, 83960
245.872, 83960
245.873, 83960
245.875, 83960
245.876, 83960
245.877, 83960
245.878, 83960
245.879, 83744
245.881, 83744
245.882, 83744
245.883, 83744
245.884, 83744
245.886, 83744
245.887, 83744
245.888, 83960
245.889, 83960
245.891, 83960
245.892, 83960
245.893, 83960
245.894, 83960
245.895, 83960
245.897, 83960
245.898, 83960
245.899, 83960
245.901, 83960
245.902, 83960
245.904, 83960
245.905, 83744
245.907, 83744
245.908, 83744
245.91, 83744
245.911, 83744
245.912, 83744
245.913, 83960
245.915, 83960
245.916, 83960
245.917, 83960
245.919, 83960
245.92, 83960
245.921, 83960
245.922, 83744
245.923, 83744
245.924, 83744
245.926, 83744
245.927, 83744
245.928, 83744
245.93, 83744
245.931, 83744
245.932, 83744
245.933, 83744
245.935, 83744
245.936, 83744
245.937, 83744
245.939, 83744
245.94, 83744
245.941, 83744
245.942, 83744
245.944, 83744
245.945, 83744
245.946, 83744
245.948, 83744
245.949, 83744
245.95, 83744
245.951, 83744
245.953, 83744
245.954, 83744
245.955, 83744
245.956, 83528
245.958, 83528
245.959, 83528
245.96, 83528
245.962, 83528
245.963, 83528
245.964, 83528
245.965, 83528
245.966, 83528
245.967, 83528
245.969, 83528
245.97, 83528
245.972, 83528
245.973, 83744
245.974, 83744
245.975, 83744
245.976, 83744
245.978, 83744
245.979, 83744
245.98, 83744
245.981, 83744
245.982, 83744
245.984, 83744
245.985, 83744
245.991, 83960
245.993, 83960
245.994, 83960
245.996, 83960
245.997, 83960
245.999, 84176
246, 84176
246.002, 84176
246.003, 84176
246.004, 84176
246.006, 84176
246.007, 84176
246.008, 84176
246.009, 84176
246.018, 84176
246.021, 84176
246.029, 84392
246.031, 84392
246.033, 84608
246.04, 84608
246.054, 84608
246.058, 84608
246.061, 84608
246.066, 84608
246.067, 84824
246.069, 84824
246.07, 84824
246.071, 84824
246.072, 84824
246.073, 84824
246.074, 84824
246.076, 84608
246.077, 84608
246.078, 84608
246.079, 84608
246.081, 84608
246.082, 84608
246.098, 84824
246.102, 84824
246.104, 84824
246.105, 84824
246.106, 84824
246.108, 84824
246.109, 84824
246.11, 84824
246.112, 84824
246.114, 84824
246.115, 84824
246.116, 84824
246.118, 84824
246.119, 84824
246.12, 84824
246.121, 84824
246.123, 84824
246.124, 84824
246.125, 84824
246.127, 84608
246.129, 84608
246.13, 84608
246.131, 84608
246.133, 84608
246.134, 84608
246.135, 84608
246.137, 84608
246.138, 84608
246.139, 84608
246.141, 84608
246.142, 84608
246.143, 84608
246.145, 84392
246.146, 84392
246.147, 84392
246.148, 84392
246.15, 84392
246.151, 84392
246.152, 84608
246.153, 84608
246.155, 84608
246.156, 84608
246.157, 84608
246.159, 84608
246.16, 84608
246.161, 84392
246.162, 84392
246.164, 84392
246.165, 84392
246.166, 84392
246.168, 84392
246.169, 84392
246.17, 84608
246.171, 84608
246.173, 84608
246.174, 84608
246.175, 84608
246.177, 84608
246.178, 84392
246.179, 84392
246.181, 84392
246.182, 84392
246.183, 84392
246.185, 84392
246.186, 84392
246.187, 84392
246.189, 84392
246.19, 84392
246.192, 84392
246.193, 84392
246.194, 84392
246.196, 84608
246.197, 84608
246.198, 84608
246.199, 84608
246.201, 84608
246.202, 84608
246.203, 84608
246.204, 84392
246.205, 84392
246.206, 84392
246.207, 84392
246.209, 84392
246.21, 84392
246.211, 84392
246.212, 84392
246.213, 84392
246.214, 84392
246.215, 84392
246.217, 84392
246.218, 84392
246.219, 84392
246.22, 84392
246.221, 84392
246.223, 84392
246.224, 84392
246.225, 84392
246.226, 84392
246.227, 84392
246.228, 84392
246.229, 84392
246.231, 84392
246.232, 84392
246.233, 84392
246.234, 84392
246.235, 84392
246.236, 84392
246.238, 84392
246.239, 84392
246.24, 84392
246.241, 84392
246.242, 84392
246.243, 84392
246.245, 84392
246.246, 84392
246.247, 84176
246.248, 84176
246.249, 84176
246.25, 84176
246.251, 84176
246.253, 84176
246.254, 84176
246.255, 84176
246.256, 84176
246.257, 84176
246.258, 84176
246.259, 84176
246.261, 84176
246.262, 84176
246.263, 84176
246.264, 84176
246.265, 84176
246.266, 84176
246.267, 84176
246.269, 84176
246.27, 84176
246.271, 84176
246.272, 84176
246.273, 84176
246.275, 84176
246.276, 84176
246.277, 84176
246.278, 84176
246.279, 84176
246.281, 84176
246.282, 84176
246.283, 84176
246.284, 84176
246.285, 84176
246.287, 84176
246.288, 84176
246.289, 84176
246.29, 84176
246.292, 84176
246.293, 84176
246.294, 84176
246.295, 84176
246.297, 84176
246.298, 84176
246.299, 84176
246.3, 84176
246.302, 84176
246.303, 84176
246.304, 84176
246.305, 84176
246.307, 84176
246.308, 84176
246.309, 84176
246.311, 84176
246.312, 84176
246.313, 84176
246.315, 84176
246.316, 84176
246.317, 84176
246.318, 84176
246.32, 84176
246.321, 84176
246.322, 84176
246.323, 83960
246.324, 83960
246.325, 83960
246.327, 83960
246.328, 83960
246.329, 83960
246.33, 83960
246.332, 83960
246.333, 83960
246.334, 83960
246.335, 83960
246.337, 83960
246.338, 83960
246.34, 83744
246.341, 83744
246.342, 83744
246.344, 83744
246.345, 83744
246.346, 83744
246.347, 83744
246.348, 83744
246.35, 83744
246.351, 83744
246.352, 83744
246.354, 83744
246.355, 83744
246.356, 83744
246.357, 83744
246.359, 83744
246.36, 83744
246.361, 83744
246.363, 83744
246.364, 83744
246.365, 83528
246.367, 83528
246.368, 83528
246.369, 83528
246.37, 83528
246.372, 83528
246.373, 83528
246.374, 83528
246.375, 83528
246.376, 83528
246.378, 83528
246.379, 83528
246.38, 83528
246.382, 83528
246.383, 83744
246.384, 83744
246.385, 83744
246.387, 83744
246.388, 83744
246.389, 83744
246.391, 83744
246.392, 83744
246.393, 83744
246.394, 83744
246.397, 83744
246.399, 83744
246.4, 83744
246.401, 83744
246.403, 83744
246.404, 83744
246.405, 83744
246.406, 83744
246.408, 83744
246.409, 83744
246.41, 83744
246.411, 83744
246.413, 83744
246.416, 83744
246.425, 83744
246.426, 83744
246.428, 83744
246.429, 83744
246.431, 83744
246.432, 83744
246.433, 83744
246.435, 83960
246.436, 83960
246.437, 83960
246.438, 83960
246.44, 83960
246.443, 83960
246.45, 83960
246.451, 83744
246.452, 83744
246.454, 83744
246.455, 83744
246.456, 83744
246.457, 83744
246.458, 83744
246.463, 83960
246.464, 83960
246.465, 83960
246.466, 83960
246.468, 83960
246.469, 83960
246.47, 83960
246.472, 83960
246.473, 83960
246.474, 83960
246.476, 83960
246.477, 83960
246.478, 83960
246.479, 83960
246.483, 83960
246.484, 83960
246.486, 83960
246.487, 83960
246.49, 83960
246.501, 83960
246.503, 83960
246.504, 83960
246.507, 83960
246.514, 83960
246.516, 83960
246.517, 83960
246.518, 83960
246.519, 83960
246.521, 83960
246.522, 83960
246.523, 83960
246.524, 83960
246.526, 83960
246.527, 83960
246.528, 83744
246.529, 83744
246.53, 83744
246.532, 83744
246.533, 83744
246.54, 83960
246.55, 83960
246.555, 83960
246.556, 83960
246.559, 83960
246.567, 83960
246.568, 83960
246.582, 83744
246.588, 83960
246.59, 83960
246.591, 83960
246.592, 83960
246.594, 83960
246.595, 83960
246.597, 83960
246.606, 84176
246.611, 84176
246.616, 84176
246.617, 84176
246.618, 84176
246.62, 84176
246.621, 84176
246.622, 84176
246.624, 84176
246.625, 84176
246.627, 84176
246.644, 84176
246.669, 83960
246.672, 84176
246.674, 84176
246.677, 84176
246.678, 84176
246.68, 84176
246.681, 84176
246.689, 84176
246.691, 84176
246.692, 84176
246.694, 84176
246.696, 84176
246.699, 84176
246.7, 84176
246.702, 84176
246.704, 84176
246.708, 84176
246.711, 84176
246.714, 84176
246.715, 84176
246.717, 84176
246.719, 84176
246.721, 84176
246.722, 84176
246.724, 84176
246.726, 84176
246.728, 84176
246.729, 84176
246.73, 84176
246.732, 84176
246.733, 84176
246.734, 84176
246.736, 84176
246.738, 84176
246.739, 84176
246.741, 84176
246.742, 84176
246.744, 84176
246.745, 84176
246.746, 84176
246.748, 84176
246.749, 84176
246.75, 84176
246.751, 84176
246.753, 84176
246.754, 84176
246.755, 84176
246.757, 84176
246.758, 84176
246.759, 84176
246.76, 84176
246.762, 84176
246.763, 84176
246.765, 84176
246.766, 84176
246.768, 84176
246.77, 84176
246.771, 84176
246.775, 84176
246.777, 84176
246.779, 84176
246.78, 84176
246.782, 84176
246.783, 84176
246.785, 84176
246.786, 84176
246.787, 84176
246.788, 84176
246.79, 84176
246.791, 84176
246.792, 84176
246.793, 84176
246.795, 84176
246.796, 84176
246.797, 84176
246.798, 84176
246.799, 84176
246.8, 84176
246.802, 84176
246.803, 84176
246.804, 84176
246.805, 84176
246.806, 84176
246.807, 84176
246.808, 84176
246.81, 84176
246.811, 84176
246.812, 84176
246.813, 84176
246.814, 84176
246.815, 84176
246.816, 84176
246.818, 84176
246.819, 84176
246.82, 84176
246.821, 84176
246.822, 84176
246.823, 84176
246.824, 84176
246.825, 84176
246.827, 84176
246.828, 84176
246.829, 84176
246.83, 84176
246.831, 84176
246.832, 84176
246.833, 84176
246.835, 84176
246.836, 84176
246.837, 84176
246.838, 84176
246.839, 84176
246.84, 84176
246.841, 84176
246.843, 84176
246.844, 84176
246.845, 84176
246.846, 84176
246.847, 84176
246.848, 84176
246.849, 84176
246.851, 84176
246.852, 84176
246.853, 84176
246.854, 84176
246.855, 84176
246.856, 84176
246.857, 84176
246.859, 84176
246.86, 84176
246.861, 84176
246.862, 84176
246.863, 84176
246.864, 84176
246.865, 84176
246.867, 84176
246.868, 84176
246.869, 84176
246.87, 84176
246.871, 84176
246.872, 84176
246.873, 84176
246.874, 84176
246.876, 84176
246.877, 84176
246.878, 84176
246.879, 84176
246.88, 84176
246.881, 84176
246.883, 84176
246.884, 84176
246.885, 84176
246.886, 84176
246.887, 84176
246.888, 84176
246.889, 84176
246.89, 84176
246.892, 84176
246.893, 84176
246.894, 84176
246.895, 84176
246.897, 84176
246.898, 84176
246.899, 84176
246.9, 84176
246.901, 84176
246.903, 84176
246.904, 84176
246.905, 84176
246.906, 84176
246.907, 84176
246.908, 84176
246.909, 84176
246.911, 84176
246.912, 84176
246.913, 84176
246.914, 84176
246.915, 84176
246.916, 84176
246.917, 84176
246.919, 84176
246.92, 84176
246.921, 84176
246.922, 84176
246.923, 84176
246.924, 84176
246.926, 84176
246.927, 84176
246.928, 84176
246.929, 84392
246.931, 84392
246.932, 84392
246.933, 84392
246.934, 84392
246.936, 84392
246.937, 84392
246.938, 84392
246.939, 84392
246.941, 84392
246.942, 84392
246.943, 84392
246.944, 84392
246.946, 84392
246.947, 84392
246.948, 84392
246.949, 84392
246.95, 84392
246.952, 84392
246.953, 84392
246.954, 84392
246.956, 84392
246.957, 84392
246.959, 84392
246.96, 84392
246.961, 84392
246.963, 84392
246.964, 84392
246.965, 84392
246.966, 84392
246.968, 84392
246.969, 84392
246.97, 84392
246.971, 84176
246.973, 84176
246.974, 84176
246.975, 84176
246.977, 84176
246.978, 84176
246.979, 84176
246.981, 83960
246.982, 83960
246.983, 83960
246.985, 83960
246.986, 83960
246.987, 83960
246.989, 83960
246.99, 83960
246.991, 83960
246.992, 83960
246.994, 83960
246.995, 83960
246.996, 83960
246.997, 83744
246.999, 83744
247, 83744
247.001, 83744
247.002, 83744
247.004, 83744
247.005, 83744
247.006, 83744
247.007, 83744
247.009, 83744
247.01, 83744
247.011, 83744
247.013, 83744
247.014, 83744
247.016, 83744
247.017, 83744
247.018, 83744
247.02, 83744
247.021, 83744
247.022, 83744
247.023, 83528
247.024, 83528
247.026, 83528
247.027, 83528
247.028, 83528
247.03, 83528
247.031, 83744
247.032, 83744
247.033, 83744
247.035, 83744
247.036, 83744
247.039, 83528
247.047, 83528
247.048, 83528
247.049, 83528
247.051, 83528
247.064, 83312
247.073, 83312
247.077, 83312
247.08, 83312
247.081, 83312
247.082, 83312
247.084, 83312
247.086, 83312
247.099, 83312
247.1, 83312
247.101, 83312
247.103, 83312
247.104, 83312
247.105, 83312
247.106, 83312
247.107, 83312
247.109, 83312
247.11, 83312
247.113, 83312
247.121, 83312
247.122, 83312
247.123, 83312
247.125, 83312
247.135, 83312
247.137, 83312
247.138, 83312
247.139, 83312
247.141, 83312
247.142, 83312
247.143, 83312
247.146, 83312
247.154, 83312
247.162, 83096
247.164, 83096
247.167, 83096
247.173, 83096
247.175, 83096
247.176, 83096
247.177, 83096
247.179, 83096
247.18, 83096
247.181, 83096
247.182, 83096
247.184, 83096
247.185, 83096
247.186, 83096
247.187, 83096
247.189, 83096
247.19, 83096
247.191, 83096
247.192, 83096
247.195, 83096
247.203, 83096
247.204, 83096
247.206, 83096
247.21, 83096
247.212, 83096
247.213, 83096
247.215, 83096
247.216, 83096
247.217, 83096
247.218, 83096
247.22, 83096
247.221, 83096
247.222, 83096
247.223, 83096
247.225, 83096
247.226, 83096
247.227, 83096
247.228, 83096
247.229, 83096
247.231, 83096
247.232, 83096
247.233, 83096
247.234, 83096
247.236, 83096
247.237, 83096
247.238, 83096
247.239, 83096
247.241, 83096
247.242, 83096
247.243, 83096
247.244, 83096
247.246, 83096
247.247, 83096
247.248, 83096
247.249, 83096
247.251, 83096
247.252, 83096
247.253, 83312
247.254, 83312
247.256, 83312
247.257, 83312
247.258, 83312
247.259, 83312
247.261, 83312
247.262, 83312
247.263, 83312
247.264, 83312
247.266, 83312
247.267, 83312
247.268, 83312
247.269, 83312
247.271, 83312
247.272, 83312
247.273, 83312
247.274, 83312
247.276, 83312
247.277, 83312
247.278, 83312
247.279, 83312
247.281, 83312
247.282, 83312
247.286, 83312
247.287, 83312
247.289, 83312
247.291, 83312
247.293, 83312
247.295, 83312
247.297, 83312
247.299, 83312
247.304, 83312
247.305, 83312
247.307, 83312
247.308, 83312
247.309, 83312
247.311, 83312
247.312, 83312
247.313, 83312
247.315, 83312
247.316, 83312
247.317, 83312
247.318, 83312
247.32, 83312
247.321, 83312
247.322, 83312
247.323, 83312
247.324, 83312
247.325, 83312
247.326, 83312
247.34, 83528
247.341, 83528
247.342, 83528
247.344, 83528
247.345, 83528
247.346, 83528
247.347, 83744
247.348, 83744
247.35, 83744
247.362, 83744
247.363, 83744
247.365, 83960
247.366, 83960
247.367, 83960
247.369, 83960
247.37, 83960
247.371, 83960
247.372, 83960
247.373, 83960
247.375, 83960
247.376, 83960
247.377, 83960
247.378, 83960
247.379, 83960
247.38, 83960
247.382, 83744
247.383, 83744
247.384, 83744
247.385, 83744
247.386, 83744
247.388, 83744
247.389, 83744
247.39, 83744
247.392, 83744
247.393, 83744
247.395, 83744
247.396, 83744
247.398, 83744
247.399, 84176
247.4, 84176
247.402, 84176
247.403, 84176
247.404, 84176
247.405, 84176
247.406, 84392
247.408, 84392
247.411, 84392
247.414, 84392
247.416, 84392
247.417, 84392
247.421, 84176
247.44, 84608
247.445, 84608
247.452, 84392
247.455, 84392
247.457, 84392
247.459, 84176
247.46, 84176
247.462, 84176
247.469, 84176
247.474, 83960
247.484, 84176
247.488, 84176
247.49, 84176
247.494, 83960
247.498, 83960
247.5, 83744
247.503, 83744
247.509, 83528
247.525, 83528
247.527, 83744
247.529, 83744
247.532, 83744
247.535, 83744
247.538, 83744
247.545, 83528
247.548, 83528
247.55, 83528
247.556, 83528
247.563, 83744
247.575, 83744
247.579, 83744
247.583, 83744
247.587, 83744
247.589, 83744
247.592, 83744
247.595, 83528
247.597, 83528
247.598, 83528
247.606, 83744
247.61, 83744
247.612, 83528
247.615, 83528
247.617, 83528
247.622, 83744
247.634, 83528
247.637, 83528
247.641, 83528
247.643, 83528
247.647, 83744
247.664, 83744
247.668, 83744
247.671, 83744
247.672, 83960
247.673, 83960
247.682, 83960
247.686, 84176
247.696, 84176
247.698, 83960
247.709, 83960
247.712, 83960
247.717, 83960
247.72, 83960
247.726, 83960
247.728, 83960
247.733, 83960
247.757, 83744
247.759, 83744
247.763, 83744
247.773, 83744
247.779, 83744
247.783, 83528
247.792, 83744
247.796, 83744
247.801, 83960
247.807, 83960
247.811, 83960
247.814, 83960
247.818, 83744
247.825, 83960
247.831, 83960
247.834, 83744
247.837, 83744
247.849, 83528
247.851, 83744
247.853, 83744
247.857, 83744
247.863, 83744
247.865, 83744
247.875, 83744
247.88, 83960
247.882, 83960
247.885, 84392
247.887, 84392
247.888, 84392
247.89, 84392
247.902, 84608
247.903, 84608
247.905, 84608
247.906, 84608
247.907, 84608
247.908, 84608
247.91, 84608
247.911, 84824
247.912, 84824
247.913, 84824
247.914, 84824
247.915, 84824
247.917, 84824
247.918, 84824
247.919, 84824
247.921, 84824
247.925, 84824
247.927, 84824
247.928, 84824
247.93, 84824
247.931, 84824
247.932, 84824
247.933, 84824
247.934, 84824
247.936, 84608
247.937, 84608
247.938, 84608
247.939, 84608
247.94, 84608
247.942, 84608
247.943, 84608
247.944, 84608
247.945, 84392
247.946, 84392
247.947, 84392
247.949, 84392
247.95, 84392
247.951, 84392
247.952, 84392
247.954, 84176
247.955, 84176
247.956, 84176
247.957, 84176
247.958, 84176
247.959, 84176
247.961, 84176
247.962, 84176
247.963, 84176
247.964, 84176
247.965, 84176
247.966, 84176
247.968, 84176
247.969, 84176
247.971, 84176
247.972, 84176
247.973, 84176
247.975, 84176
247.976, 84176
247.977, 84176
247.978, 83960
247.979, 83960
247.981, 83960
247.982, 83960
247.983, 83960
247.984, 83960
247.985, 83960
247.986, 83960
247.988, 84176
247.989, 84176
247.99, 84176
247.991, 84176
247.993, 84176
247.994, 84176
247.995, 84176
247.996, 84392
247.997, 84392
247.998, 84392
248, 84392
248.001, 84392
248.002, 84392
248.004, 84392
248.005, 84392
248.006, 84392
248.008, 84392
248.009, 84392
248.01, 84392
248.011, 84392
248.013, 84392
248.014, 84392
248.015, 84392
248.016, 84392
248.017, 84392
248.019, 84392
248.02, 84392
248.022, 84392
248.023, 84392
248.024, 84392
248.025, 84392
248.027, 84392
248.028, 84392
248.03, 84392
248.031, 84392
248.033, 84392
248.034, 84392
248.036, 84392
248.037, 84392
248.038, 84392
248.039, 84392
248.04, 84392
248.042, 84392
248.043, 84392
248.044, 84392
248.045, 84392
248.046, 84392
248.048, 84392
248.049, 84392
248.05, 84392
248.051, 84392
248.052, 84392
248.054, 84392
248.055, 84392
248.056, 84392
248.057, 84392
248.058, 84392
248.06, 84392
248.061, 84392
248.062, 84392
248.064, 84392
248.065, 84392
248.066, 84392
248.067, 84392
248.068, 84392
248.069, 84392
248.071, 84392
248.072, 84392
248.073, 83960
248.074, 83960
248.075, 83960
248.077, 83960
248.078, 83960
248.079, 83960
248.081, 83960
248.082, 83960
248.083, 83960
248.084, 83960
248.086, 83960
248.087, 83960
248.089, 83960
248.09, 83960
248.092, 83960
248.093, 83960
248.094, 83960
248.096, 83960
248.097, 83960
248.098, 84176
248.1, 84176
248.101, 84176
248.102, 84176
248.103, 84176
248.104, 84176
248.106, 84176
248.107, 84176
248.108, 84176
248.109, 84176
248.11, 84176
248.111, 84176
248.112, 84176
248.114, 84176
248.115, 83744
248.116, 83744
248.117, 83744
248.119, 83744
248.12, 83744
248.122, 83744
248.123, 83960
248.125, 83960
248.126, 83960
248.127, 83960
248.128, 83960
248.129, 83960
248.13, 83960
248.131, 83960
248.133, 83960
248.134, 83960
248.135, 83960
248.136, 83960
248.137, 83960
248.138, 83960
248.139, 83960
248.141, 83744
248.142, 83744
248.143, 83744
248.144, 83744
248.145, 83744
248.146, 83744
248.147, 83744
248.149, 83744
248.15, 83744
248.151, 83744
248.152, 83744
248.154, 83744
248.155, 83744
248.156, 83744
248.158, 83960
248.159, 83960
248.16, 83960
248.161, 83960
248.162, 83960
248.163, 83960
248.165, 83960
248.166, 83960
248.167, 83960
248.168, 83960
248.169, 83960
248.17, 83960
248.172, 83960
248.173, 83960
248.175, 83960
248.176, 83960
248.178, 83960
248.179, 83960
248.18, 83960
248.182, 83960
248.183, 84392
248.184, 84392
248.186, 84392
248.187, 84392
248.188, 84392
248.189, 84392
248.19, 84392
248.192, 84608
248.193, 84608
248.194, 84608
248.195, 84608
248.196, 84608
248.197, 84608
248.198, 84608
248.2, 84608
248.201, 84608
248.202, 84608
248.204, 84608
248.205, 84608
248.207, 84608
248.208, 84608
248.209, 84608
248.21, 84608
248.211, 84608
248.212, 84608
248.214, 84608
248.215, 84608
248.216, 84608
248.217, 84608
248.219, 84608
248.22, 84608
248.221, 84608
248.223, 84608
248.224, 84608
248.226, 84608
248.227, 84608
248.228, 84608
248.23, 84608
248.231, 84608
248.232, 84608
248.234, 84608
248.235, 84608
248.236, 84608
248.237, 84608
248.238, 84608
248.239, 84608
248.241, 84608
248.242, 84608
248.243, 84176
248.244, 84176
248.245, 84176
248.246, 84176
248.248, 84176
248.249, 84176
248.25, 84176
248.251, 84176
248.253, 84176
248.254, 84176
248.255, 84176
248.257, 84176
248.258, 84176
248.259, 84176
248.26, 84608
248.262, 84608
248.263, 84608
248.264, 84608
248.266, 84608
248.267, 84608
248.268, 84608
248.269, 84824
248.271, 84824
248.272, 84824
248.273, 84824
248.275, 84824
248.276, 84824
248.277, 84824
248.279, 84824
248.28, 84824
248.281, 84824
248.283, 84824
248.284, 84824
248.286, 85040
248.287, 85040
248.288, 85040
248.29, 85040
248.291, 85040
248.292, 85040
248.294, 85040
248.295, 85040
248.296, 85040
248.298, 85040
248.299, 85040
248.303, 85040
248.305, 85040
248.306, 85040
248.308, 85040
248.309, 85040
248.31, 85040
248.312, 84824
248.313, 84824
248.318, 84824
248.322, 84824
248.324, 84824
248.325, 84824
248.326, 84824
248.327, 84824
248.329, 85040
248.33, 85040
248.331, 85040
248.333, 85040
248.334, 85040
248.335, 85040
248.336, 85040
248.337, 85040
248.339, 85040
248.34, 85040
248.341, 85040
248.342, 85040
248.343, 85040
248.345, 85040
248.346, 85040
248.347, 85040
248.349, 85040
248.35, 85040
248.351, 85040
248.352, 85040
248.353, 85040
248.355, 84824
248.356, 84824
248.357, 84824
248.358, 84824
248.36, 84824
248.361, 84824
248.362, 84824
248.364, 84824
248.365, 84824
248.366, 84824
248.367, 84824
248.369, 84824
248.37, 84824
248.371, 84824
248.373, 84824
248.374, 84824
248.375, 84824
248.376, 84824
248.377, 84824
248.379, 84824
248.38, 84824
248.381, 84824
248.383, 84824
248.384, 84824
248.385, 84824
248.386, 84824
248.387, 84824
248.388, 84608
248.39, 84608
248.391, 84608
248.392, 84608
248.393, 84608
248.394, 84608
248.396, 84608
248.397, 84608
248.398, 84608
248.399, 84608
248.4, 84608
248.401, 84608
248.403, 84608
248.404, 84608
248.405, 84608
248.406, 84608
248.408, 84608
248.409, 84608
248.41, 84608
248.412, 84608
248.413, 84608
248.414, 84392
248.415, 84392
248.417, 84392
248.418, 84392
248.419, 84392
248.42, 84392
248.421, 84392
248.422, 84392
248.424, 84392
248.425, 84392
248.426, 84392
248.428, 84392
248.429, 84392
248.43, 84392
248.432, 84392
248.433, 84392
248.434, 84392
248.435, 84392
248.436, 84392
248.438, 84392
248.439, 84392
248.44, 84392
248.441, 84392
248.442, 84392
248.444, 84392
248.445, 84392
248.446, 84392
248.447, 84392
248.449, 84392
248.45, 84392
248.452, 84392
248.453, 84392
248.454, 84392
248.455, 84392
248.457, 84392
248.458, 84392
248.459, 84392
248.461, 84392
248.462, 84392
248.463, 84392
248.464, 84392
248.466, 84392
248.467, 84392
248.468, 84392
248.469, 84392
248.47, 84392
248.471, 84392
248.473, 84176
248.475, 84176
248.476, 84176
248.478, 84176
248.479, 84176
248.48, 84176
248.481, 84176
248.483, 84176
248.484, 84176
248.485, 84176
248.486, 84176
248.487, 84176
248.489, 84176
248.49, 84176
248.491, 84176
248.492, 84176
248.493, 84176
248.494, 84176
248.496, 84176
248.497, 84176
248.498, 84176
248.499, 84176
248.5, 84176
248.502, 84176
248.504, 84176
248.505, 84176
248.507, 84176
248.508, 84176
248.509, 84176
248.511, 84176
248.512, 84176
248.513, 84176
248.514, 84176
248.515, 84176
248.516, 84176
248.518, 84176
248.519, 84176
248.52, 84176
248.521, 84176
248.522, 84176
248.524, 84176
248.525, 84176
248.526, 84176
248.527, 84176
248.529, 84176
248.53, 84176
248.531, 84176
248.533, 84176
248.535, 84176
248.536, 84176
248.537, 84176
248.538, 84176
248.54, 84176
248.541, 84176
248.542, 84176
248.543, 84176
248.544, 84176
248.546, 84176
248.547, 84176
248.548, 84176
248.549, 84176
248.551, 84176
248.552, 84176
248.553, 84176
248.555, 84176
248.556, 84176
248.557, 84176
248.559, 84176
248.56, 84176
248.561, 84176
248.562, 84176
248.564, 84176
248.565, 84176
248.566, 84176
248.568, 84176
248.569, 84176
248.57, 84176
248.572, 84176
248.573, 84176
248.574, 84176
248.575, 84176
248.577, 84176
248.578, 84176
248.579, 84176
248.581, 84176
248.583, 84176
248.584, 84176
248.585, 84176
248.587, 84176
248.588, 84176
248.589, 84176
248.59, 84176
248.591, 84176
248.593, 84176
248.594, 84176
248.595, 84176
248.596, 84176
248.597, 84176
248.599, 84176
248.6, 84176
248.601, 84176
248.602, 84176
248.603, 84176
248.605, 84176
248.606, 84176
248.607, 84176
248.608, 84176
248.609, 84176
248.61, 83960
248.611, 83960
248.613, 83960
248.614, 83960
248.615, 83960
248.616, 83960
248.617, 83960
248.618, 83528
248.62, 83528
248.621, 83528
248.622, 83528
248.624, 83528
248.625, 83528
248.627, 83528
248.628, 83528
248.629, 83528
248.631, 83528
248.632, 83528
248.633, 83528
248.634, 83528
248.635, 83744
248.636, 83744
248.638, 83744
248.639, 83744
248.64, 83744
248.641, 83744
248.643, 83744
248.644, 83744
248.645, 83744
248.646, 83744
248.647, 83744
248.649, 83744
248.65, 83744
248.651, 83744
248.653, 83960
248.654, 83960
248.655, 83960
248.657, 83960
248.658, 83960
248.659, 83960
248.661, 83960
248.662, 83960
248.663, 83960
248.664, 83960
248.665, 83960
248.666, 83960
248.668, 83960
248.669, 83960
248.67, 83960
248.672, 83960
248.673, 83960
248.674, 83960
248.675, 83960
248.677, 83960
248.678, 83744
248.679, 83744
248.68, 83744
248.682, 83744
248.683, 83744
248.684, 83744
248.685, 83744
248.686, 83744
248.688, 83744
248.689, 83744
248.69, 83744
248.691, 83744
248.692, 83744
248.693, 83744
248.695, 83744
248.696, 83528
248.697, 83528
248.698, 83528
248.7, 83528
248.701, 83528
248.702, 83528
248.703, 83528
248.704, 83528
248.706, 83528
248.707, 83528
248.709, 83528
248.71, 83528
248.711, 83528
248.713, 83528
248.714, 83528
248.716, 83528
248.717, 83528
248.718, 83528
248.72, 83528
248.721, 83528
248.723, 83528
248.724, 83528
248.725, 83528
248.726, 83528
248.727, 83528
248.729, 83528
248.73, 83528
248.731, 83528
248.732, 83528
248.733, 83528
248.734, 83528
248.735, 83528
248.737, 83528
248.738, 83096
248.739, 83096
248.741, 83096
248.742, 83096
248.744, 83096
248.745, 83096
248.746, 83528
248.748, 83528
248.749, 83528
248.75, 83528
248.751, 83528
248.752, 83528
248.753, 83528
248.755, 83528
248.756, 83312
248.757, 83312
248.758, 83312
248.759, 83312
248.76, 83312
248.761, 83312
248.763, 83312
248.764, 83096
248.765, 83096
248.766, 83096
248.767, 83096
248.768, 83096
248.769, 83096
248.771, 83096
248.772, 82880
248.773, 82880
248.774, 82880
248.776, 82880
248.777, 82880
248.778, 82880
248.779, 82880
248.781, 83096
248.782, 83096
248.783, 83096
248.784, 83096
248.785, 83096
248.786, 83096
248.787, 83096
248.789, 83096
248.79, 83096
248.791, 83096
248.792, 83096
248.794, 83096
248.795, 83096
248.796, 83096
248.798, 83312
248.799, 83312
248.8, 83312
248.802, 83312
248.803, 83312
248.804, 83312
248.805, 83312
248.807, 83744
248.808, 83744
248.809, 83744
248.81, 83744
248.811, 83744
248.812, 83744
248.813, 83744
248.815, 83528
248.816, 83528
248.817, 83528
248.818, 83528
248.819, 83528
248.82, 83528
248.822, 83528
248.823, 83744
248.824, 83744
248.826, 83744
248.827, 83744
248.828, 83744
248.829, 83744
248.831, 83744
248.832, 84176
248.833, 84176
248.834, 84176
248.836, 84176
248.837, 84176
248.838, 84176
248.839, 84176
248.841, 84176
248.843, 84176
248.844, 84176
248.846, 84176
248.848, 84176
248.849, 84392
248.851, 84392
248.852, 84392
248.853, 84392
248.855, 84392
248.856, 84392
248.857, 84392
248.859, 84392
248.86, 84392
248.861, 84392
248.862, 84392
248.863, 84392
248.864, 84392
248.865, 84392
248.867, 84176
248.868, 84176
248.869, 84176
248.87, 84176
248.871, 84176
248.873, 84176
248.874, 84176
248.876, 84176
248.877, 84176
248.879, 84176
248.88, 84176
248.882, 84176
248.883, 84392
248.884, 84392
248.886, 84392
248.887, 84392
248.888, 84392
248.889, 84392
248.89, 84392
248.891, 84608
248.893, 84608
248.894, 84608
248.895, 84608
248.897, 84608
248.898, 84608
248.899, 84608
248.901, 84824
248.902, 84824
248.903, 84824
248.905, 84824
248.906, 84824
248.908, 84824
248.909, 84824
248.911, 84824
248.912, 84824
248.914, 84824
248.916, 84824
248.917, 84824
248.918, 84824
248.92, 84824
248.921, 84824
248.922, 84824
248.923, 84824
248.924, 84824
248.926, 84824
248.927, 84824
248.928, 84824
248.929, 84824
248.93, 84824
248.932, 84824
248.933, 84824
248.935, 84608
248.936, 84608
248.937, 84608
248.939, 84608
248.94, 84608
248.941, 84608
248.943, 84608
248.944, 84608
248.945, 84608
248.947, 84608
248.948, 84608
248.949, 84608
248.951, 84608
248.952, 84608
248.954, 84608
248.955, 84608
248.956, 84608
248.958, 84608
248.959, 84608
248.96, 84608
248.961, 84608
248.963, 84608
248.964, 84608
248.965, 84608
248.966, 84608
248.968, 84608
248.969, 84392
248.97, 84392
248.972, 84392
248.973, 84392
248.974, 84392
248.975, 84392
248.977, 84392
248.978, 84392
248.981, 84392
248.982, 84392
248.983, 84392
248.985, 84392
248.986, 84392
248.987, 84392
248.989, 84392
248.99, 84392
248.991, 84392
248.993, 84392
248.994, 84176
248.995, 84176
248.996, 84176
248.997, 84176
248.998, 84176
249, 84176
249.001, 84176
249.002, 84392
249.004, 84392
249.005, 84392
249.006, 84392
249.008, 84392
249.009, 84392
249.01, 84392
249.011, 84392
249.013, 84392
249.014, 84392
249.015, 84392
249.016, 84392
249.018, 84392
249.019, 84392
249.02, 84392
249.021, 84392
249.023, 84392
249.024, 84392
249.025, 84392
249.026, 84392
249.028, 84392
249.029, 84392
249.03, 84392
249.031, 84392
249.033, 84392
249.034, 84392
249.035, 84392
249.037, 84176
249.038, 84176
249.039, 84176
249.04, 84176
249.042, 84176
249.043, 84176
249.044, 84176
249.046, 84176
249.047, 84176
249.049, 84176
249.05, 84176
249.052, 84176
249.053, 84176
249.055, 84176
249.056, 84176
249.057, 84176
249.058, 84176
249.06, 84176
249.061, 84176
249.062, 84176
249.063, 84176
249.065, 84176
249.066, 84176
249.067, 84176
249.068, 84176
249.07, 84176
249.071, 84176
249.072, 84176
249.074, 84176
249.076, 84176
249.077, 84176
249.079, 84176
249.081, 84176
249.082, 84176
249.084, 84176
249.085, 84176
249.087, 84176
249.088, 84176
249.09, 84176
249.091, 84176
249.093, 84176
249.094, 84176
249.095, 84176
249.096, 84176
249.098, 84176
249.099, 84176
249.1, 84176
249.101, 84176
249.103, 84176
249.104, 84176
249.105, 84176
249.106, 84176
249.108, 84176
249.109, 84176
249.11, 84176
249.111, 84176
249.113, 84176
249.114, 84176
249.115, 84176
249.117, 84176
249.118, 84176
249.119, 84176
249.121, 84176
249.122, 84176
249.123, 84176
249.131, 84176
249.132, 84176
249.134, 84176
249.135, 84176
249.137, 84176
249.138, 84176
249.139, 84176
249.14, 84176
249.142, 84176
249.143, 84176
249.144, 84176
249.145, 84176
249.147, 84176
249.148, 83960
249.149, 83960
249.151, 83960
249.157, 84176
249.159, 84176
249.161, 84176
249.163, 84176
249.164, 84176
249.166, 84176
249.168, 84176
249.169, 84176
249.171, 84176
249.172, 84176
249.174, 83960
249.175, 83960
249.176, 83960
249.177, 83960
249.179, 83960
249.18, 83960
249.181, 83960
249.182, 83960
249.184, 83960
249.185, 83960
249.186, 83960
249.187, 83960
249.189, 83960
249.19, 83744
249.191, 83744
249.192, 83744
249.194, 83744
249.195, 83744
249.196, 83744
249.197, 83744
249.199, 83528
249.2, 83528
249.201, 83528
249.202, 83528
249.204, 83528
249.205, 83528
249.206, 83528
249.207, 83744
249.214, 83744
249.216, 83960
249.217, 83960
249.218, 83960
249.22, 83960
249.221, 83960
249.222, 83960
249.223, 83960
249.225, 83960
249.226, 83960
249.227, 83960
249.228, 83960
249.23, 83960
249.231, 83960
249.232, 83960
249.233, 83960
249.235, 83960
249.236, 83960
249.237, 83960
249.24, 83960
249.242, 83960
249.244, 83960
249.246, 83960
249.247, 83960
249.248, 83960
249.249, 83960
249.251, 83960
249.252, 83960
249.253, 83960
249.254, 83960
249.256, 83960
249.257, 83960
249.258, 83960
249.259, 83960
249.261, 83960
249.262, 83960
249.263, 83960
249.274, 83960
249.276, 83960
249.277, 83960
249.279, 83960
249.28, 83960
249.282, 83960
249.283, 83960
249.285, 83960
249.286, 83960
249.287, 83960
249.288, 83960
249.29, 83960
249.291, 83960
249.292, 83960
249.293, 83960
249.294, 83960
249.296, 83960
249.297, 83960
249.298, 83960
249.299, 83960
249.301, 83960
249.302, 83528
249.303, 83528
249.304, 83528
249.306, 83528
249.307, 83528
249.308, 83528
249.309, 83312
249.311, 83312
249.312, 83312
249.313, 83312
249.314, 83312
249.316, 83312
249.317, 83312
249.318, 83312
249.319, 83312
249.321, 83312
249.322, 83312
249.324, 83312
249.325, 83312
249.326, 83312
249.327, 83528
249.329, 83528
249.33, 83528
249.331, 83528
249.332, 83528
249.333, 83528
249.335, 83528
249.336, 83312
249.337, 83312
249.338, 83312
249.339, 83312
249.341, 83312
249.342, 83312
249.343, 83312
249.344, 83312
249.346, 83312
249.347, 83312
249.348, 83312
249.349, 83312
249.351, 83312
249.352, 83312
249.353, 83528
249.354, 83528
249.355, 83528
249.356, 83528
249.358, 83528
249.359, 83528
249.36, 83528
249.361, 83312
249.362, 83312
249.363, 83312
249.364, 83312
249.366, 83312
249.367, 83312
249.368, 83312
249.369, 83312
249.37, 83096
249.371, 83096
249.372, 83096
249.374, 83096
249.379, 83096
249.38, 83096
249.381, 83096
249.383, 83096
249.384, 83096
249.385, 83096
249.386, 83096
249.387, 83312
249.388, 83312
249.389, 83312
249.391, 83312
249.392, 83312
249.393, 83312
249.394, 83312
249.396, 83096
249.397, 83096
249.398, 83096
249.4, 83096
249.401, 83096
249.402, 83096
249.404, 83312
249.405, 83312
249.406, 83312
249.408, 83312
249.409, 83312
249.41, 83312
249.411, 83312
249.412, 83528
249.413, 83528
249.415, 83528
249.416, 83528
249.417, 83528
249.418, 83528
249.419, 83528
249.42, 83096
249.422, 83096
249.423, 83096
249.424, 83096
249.425, 83096
249.427, 83096
249.428, 83096
249.429, 83312
249.43, 83312
249.431, 83312
249.432, 83312
249.434, 83312
249.435, 83312
249.436, 83312
249.437, 83312
249.438, 83096
249.439, 83096
249.441, 83096
249.442, 83096
249.443, 83096
249.445, 83096
249.446, 83312
249.447, 83312
249.449, 83312
249.45, 83312
249.451, 83312
249.452, 83312
249.454, 83312
249.455, 83528
249.456, 83528
249.457, 83528
249.458, 83528
249.459, 83528
249.461, 83528
249.462, 83528
249.463, 83528
249.464, 83312
249.465, 83312
249.466, 83312
249.468, 83312
249.469, 83312
249.471, 83312
249.472, 83312
249.474, 83312
249.475, 83312
249.477, 83312
249.478, 83312
249.479, 83312
249.48, 83528
249.481, 83528
249.482, 83528
249.484, 83528
249.485, 83528
249.486, 83528
249.487, 83528
249.488, 83528
249.489, 83744
249.49, 83744
249.492, 83744
249.493, 83744
249.494, 83744
249.495, 83744
249.497, 83744
249.498, 83744
249.499, 83744
249.501, 83744
249.502, 83744
249.503, 83744
249.504, 83744
249.505, 83744
249.507, 84176
249.508, 84176
249.509, 84176
249.51, 84176
249.511, 84176
249.513, 84176
249.514, 84176
249.515, 84176
249.517, 84176
249.518, 84176
249.519, 84176
249.52, 84176
249.521, 84176
249.523, 84176
249.524, 83960
249.525, 83960
249.526, 83960
249.527, 83960
249.529, 83960
249.53, 83960
249.531, 83960
249.532, 83960
249.533, 83960
249.535, 83960
249.536, 83960
249.537, 83960
249.538, 83960
249.542, 84176
249.543, 84176
249.545, 84176
249.546, 84176
249.547, 84176
249.549, 83960
249.55, 83960
249.551, 83960
249.553, 83960
249.554, 83960
249.555, 83960
249.556, 83960
249.557, 83960
249.559, 83960
249.56, 83960
249.561, 83960
249.562, 83960
249.563, 83960
249.565, 83960
249.566, 83960
249.567, 83960
249.568, 83960
249.57, 83960
249.571, 83960
249.572, 83960
249.574, 83960
249.575, 83960
249.576, 83960
249.577, 83960
249.578, 83960
249.579, 83960
249.581, 83960
249.582, 83960
249.583, 83960
249.584, 83960
249.586, 83960
249.587, 83960
249.589, 83960
249.59, 83960
249.591, 83960
249.592, 83960
249.594, 83960
249.595, 83960
249.599, 83960
249.6, 83960
249.601, 83960
249.602, 83960
249.604, 83960
249.605, 83960
249.606, 83960
249.607, 83960
249.609, 83960
249.61, 83960
249.611, 83960
249.612, 83960
249.614, 83960
249.615, 83960
249.616, 83960
249.618, 84176
249.619, 84176
249.62, 84176
249.622, 84176
249.623, 84176
249.624, 84176
249.625, 84176
249.627, 84176
249.628, 84176
249.629, 84176
249.63, 84176
249.631, 84176
249.632, 84176
249.634, 84176
249.635, 84176
249.636, 84176
249.637, 84176
249.638, 84176
249.64, 84176
249.641, 84176
249.642, 84176
249.643, 83960
249.644, 83960
249.645, 83960
249.647, 83960
249.648, 83960
249.649, 83960
249.65, 83960
249.651, 84176
249.652, 84176
249.654, 84176
249.655, 84176
249.656, 84176
249.658, 84176
249.659, 84176
249.66, 83960
249.661, 83960
249.662, 83960
249.664, 83960
249.665, 83960
249.666, 83960
249.667, 83960
249.668, 83960
249.67, 83960
249.671, 83960
249.673, 83960
249.674, 83960
249.675, 83960
249.676, 83960
249.678, 83960
249.679, 83960
249.68, 83960
249.681, 83960
249.682, 83960
249.683, 83960
249.685, 83960
249.686, 83960
249.687, 83960
249.689, 83960
249.69, 83960
249.691, 83960
249.693, 83960
249.694, 83960
249.695, 83960
249.696, 83960
249.698, 83960
249.699, 83960
249.7, 83960
249.701, 83960
249.703, 83960
249.704, 83960
249.705, 83960
249.706, 83960
249.708, 83960
249.709, 83960
249.71, 83960
249.711, 83960
249.713, 83960
249.714, 83960
249.715, 83960
249.718, 83960
249.719, 83960
249.72, 83960
249.721, 83960
249.722, 83960
249.724, 83960
249.725, 83960
249.726, 83960
249.727, 83960
249.728, 83960
249.73, 83960
249.731, 83960
249.732, 83960
249.733, 83960
249.734, 83960
249.735, 83960
249.737, 83960
249.738, 83960
249.739, 83960
249.74, 83960
249.741, 83960
249.743, 83960
249.744, 83960
249.745, 84176
249.747, 84176
249.748, 84176
249.749, 84176
249.751, 84176
249.752, 84176
249.753, 83960
249.754, 83960
249.756, 83960
249.757, 83960
249.758, 83960
249.759, 83960
249.76, 83960
249.761, 83960
249.763, 83960
249.764, 83960
249.765, 83960
249.766, 83960
249.767, 83960
249.768, 83960
249.77, 83960
249.771, 83960
249.772, 83960
249.773, 83960
249.774, 83960
249.776, 83960
249.777, 83960
249.778, 83960
249.779, 83960
249.781, 83960
249.782, 83960
249.783, 83960
249.784, 83960
249.785, 83960
249.787, 83960
249.788, 83960
249.789, 83960
249.79, 83960
249.791, 83960
249.793, 83960
249.794, 83960
249.796, 83960
249.797, 83960
249.799, 83960
249.8, 83960
249.801, 83960
249.802, 83960
249.803, 83960
249.805, 83960
249.806, 83960
249.807, 83960
249.808, 83960
249.81, 83960
249.811, 83960
249.812, 83960
249.813, 83960
249.814, 83960
249.816, 83960
249.817, 83960
249.818, 83960
249.819, 83960
249.82, 83960
249.822, 84176
249.823, 84176
249.825, 84176
249.827, 84176
249.828, 84176
249.83, 84176
249.831, 83960
249.832, 83960
249.833, 83960
249.834, 83960
249.836, 83960
249.837, 83960
249.838, 83960
249.839, 83960
249.84, 83960
249.841, 83960
249.843, 83960
249.844, 83960
249.845, 83960
249.846, 83960
249.847, 83960
249.848, 83960
249.85, 83960
249.851, 83960
249.852, 83960
249.854, 83960
249.855, 83960
249.856, 83960
249.858, 83960
249.859, 83960
249.86, 83960
249.862, 83960
249.863, 83960
249.864, 84176
249.866, 84176
249.867, 84176
249.868, 84176
249.87, 84176
249.871, 84176
249.872, 84176
249.873, 84176
249.875, 84176
249.876, 84176
249.877, 84176
249.878, 84176
249.879, 84176
249.881, 83960
249.882, 83960
249.884, 83960
249.886, 83960
249.887, 83960
249.888, 83960
249.889, 83960
249.891, 83960
249.892, 83960
249.893, 83960
249.895, 83960
249.896, 83960
249.897, 83960
249.898, 83960
249.899, 83960
249.901, 83960
249.902, 83960
249.903, 83960
249.904, 83960
249.906, 83960
249.907, 83960
249.908, 83960
249.909, 83960
249.91, 83960
249.912, 83960
249.913, 83960
249.914, 83960
249.916, 83960
249.917, 83960
249.918, 83960
249.919, 83960
249.92, 83960
249.921, 83960
249.923, 83960
249.924, 83960
249.925, 83960
249.926, 83960
249.927, 83960
249.929, 83960
249.93, 83960
249.931, 83960
249.932, 83960
249.933, 83960
249.935, 83960
249.936, 83960
249.937, 83960
249.939, 83960
249.941, 83960
249.942, 83528
249.944, 83528
249.946, 83528
249.947, 83528
249.949, 83528
249.95, 83528
249.951, 83528
249.953, 83528
249.954, 83528
249.955, 83528
249.956, 83528
249.958, 83528
249.959, 83528
249.96, 83528
249.961, 83528
249.962, 83528
249.963, 83528
249.964, 83528
249.966, 83528
249.967, 83312
249.968, 83312
249.969, 83312
249.97, 83312
249.972, 83312
249.973, 83312
249.974, 83312
249.975, 83528
249.977, 83528
249.978, 83528
249.979, 83528
249.98, 83528
249.982, 83528
249.983, 83528
249.984, 83744
249.985, 83744
249.986, 83744
249.987, 83744
249.988, 83744
249.99, 83744
249.991, 83744
249.992, 83744
249.993, 83744
249.994, 83744
249.995, 83744
249.996, 83744
249.998, 83744
249.999, 83744
250, 83744
250.001, 83528
250.002, 83528
250.004, 83528
250.005, 83528
250.006, 83528
250.007, 83528
250.009, 83528
250.01, 83312
250.011, 83312
250.012, 83312
250.014, 83312
250.015, 83312
250.016, 83312
250.017, 83312
250.018, 83312
250.019, 83312
250.02, 83312
250.022, 83312
250.023, 83312
250.024, 83312
250.026, 83312
250.027, 83312
250.028, 83312
250.03, 83312
250.031, 83312
250.032, 83312
250.033, 83312
250.035, 83528
250.036, 83528
250.037, 83528
250.038, 83528
250.04, 83528
250.041, 83528
250.042, 83528
250.043, 83528
250.044, 83528
250.045, 83528
250.046, 83528
250.048, 83528
250.049, 83528
250.05, 83528
250.051, 83528
250.052, 83312
250.054, 83312
250.055, 83312
250.056, 83312
250.057, 83312
250.059, 83312
250.06, 83312
250.061, 83528
250.062, 83528
250.063, 83528
250.064, 83528
250.065, 83528
250.067, 83528
250.068, 83528
250.069, 83096
250.071, 83096
250.072, 83096
250.074, 83096
250.076, 83096
250.077, 83096
250.078, 83312
250.08, 83312
250.081, 83312
250.082, 83312
250.084, 83312
250.085, 83312
250.086, 83528
250.087, 83528
250.088, 83528
250.09, 83528
250.091, 83528
250.092, 83528
250.093, 83528
250.094, 83528
250.095, 83528
250.097, 83528
250.098, 83528
250.099, 83528
250.1, 83528
250.101, 83528
250.103, 83528
250.104, 83744
250.106, 83744
250.107, 83744
250.108, 83744
250.109, 83744
250.111, 83744
250.112, 83528
250.113, 83528
250.114, 83528
250.115, 83528
250.116, 83528
250.118, 83528
250.119, 83528
250.12, 83528
250.121, 83744
250.122, 83744
250.123, 83744
250.124, 83744
250.126, 83744
250.127, 83744
250.128, 83744
250.129, 83960
250.13, 83960
250.132, 83960
250.133, 83960
250.134, 83960
250.135, 83960
250.136, 83960
250.138, 83960
250.139, 83960
250.14, 83960
250.141, 83960
250.142, 83960
250.144, 83960
250.145, 83960
250.146, 83960
250.148, 83960
250.149, 83960
250.15, 83960
250.152, 83960
250.153, 83960
250.154, 83960
250.155, 83960
250.156, 83960
250.157, 83960
250.159, 83960
250.16, 83960
250.161, 83960
250.163, 83960
250.164, 83960
250.165, 83960
250.167, 83960
250.168, 83960
250.169, 83960
250.17, 83960
250.171, 83960
250.172, 83960
250.174, 83960
250.175, 83960
250.177, 83960
250.178, 83960
250.179, 83960
250.181, 83960
250.182, 83960
250.183, 83960
250.185, 83960
250.186, 83960
250.187, 83960
250.188, 83960
250.19, 83960
250.191, 83960
250.192, 83960
250.194, 83960
250.195, 83960
250.196, 83960
250.198, 83960
250.199, 83960
250.2, 83960
250.202, 83960
250.204, 83960
250.205, 83960
250.207, 83960
250.208, 83960
250.209, 83960
250.211, 83960
250.212, 83960
250.213, 83960
250.215, 83960
250.216, 83960
250.217, 83960
250.219, 83960
250.22, 83960
250.222, 83960
250.224, 83960
250.225, 83960
250.227, 83960
250.228, 83960
250.23, 83960
250.231, 83960
250.233, 83960
250.234, 83960
250.235, 83960
250.237, 83960
250.238, 83960
250.239, 83960
250.24, 84176
250.242, 84176
250.243, 84176
250.244, 84176
250.245, 84176
250.247, 84176
250.248, 84176
250.249, 84176
250.25, 84176
250.252, 84176
250.253, 84176
250.254, 84176
250.255, 84176
250.257, 84176
250.258, 84176
250.259, 84176
250.26, 84176
250.262, 84176
250.263, 84176
250.264, 84176
250.265, 84176
250.267, 84176
250.268, 84176
250.269, 84176
250.27, 84176
250.272, 84176
250.273, 84176
250.275, 84176
250.276, 84176
250.278, 84176
250.279, 84176
250.281, 84176
250.282, 84176
250.283, 84176
250.285, 84176
250.286, 84176
250.287, 84176
250.288, 84176
250.29, 84176
250.291, 84176
250.292, 84176
250.294, 84176
250.295, 84176
250.296, 84176
250.297, 84176
250.299, 84176
250.301, 84176
250.302, 84176
250.304, 84176
250.306, 84176
250.307, 84176
250.309, 84176
250.311, 84176
250.312, 84176
250.314, 84176
250.315, 84176
250.316, 84176
250.318, 84176
250.319, 84176
250.32, 84176
250.321, 84176
250.323, 84176
250.324, 84176
250.325, 84176
250.326, 84176
250.328, 84176
250.329, 84176
250.33, 84176
250.331, 84176
250.333, 84176
250.334, 84176
250.335, 84176
250.336, 84176
250.338, 84176
250.339, 84176
250.34, 84176
250.341, 84176
250.343, 84176
250.344, 84176
250.345, 84176
250.347, 84176
250.348, 84176
250.349, 84176
250.351, 84176
250.352, 84176
250.354, 84176
250.355, 84176
250.356, 84176
250.357, 84176
250.358, 84176
250.36, 83960
250.361, 83960
250.362, 83960
250.364, 83960
250.365, 83960
250.366, 83960
250.368, 83744
250.369, 83744
250.37, 83744
250.371, 83744
250.373, 83744
250.374, 83744
250.375, 83744
250.376, 83528
250.387, 83744
250.389, 83744
250.391, 83744
250.393, 83744
250.394, 83960
250.396, 83960
250.397, 83960
250.398, 83960
250.399, 83960
250.401, 83960
250.402, 83960
250.403, 83960
250.404, 83960
250.406, 83960
250.407, 83960
250.408, 83960
250.409, 83960
250.411, 83960
250.412, 83960
250.413, 83960
250.414, 83960
250.416, 83960
250.417, 83960
250.418, 83960
250.419, 83960
250.421, 83960
250.422, 83960
250.423, 83960
250.424, 83960
250.426, 83960
250.427, 83960
250.428, 83960
250.429, 83960
250.431, 83960
250.432, 83960
250.433, 83960
250.434, 83960
250.436, 83960
250.438, 83960
250.439, 83960
250.441, 83960
250.442, 83960
250.444, 83960
250.445, 83960
250.446, 83960
250.447, 83960
250.449, 83960
250.45, 83960
250.451, 83960
250.452, 83960
250.454, 83960
250.455, 83960
250.456, 83960
250.457, 83960
250.459, 83960
250.46, 83960
250.461, 84176
250.463, 84176
250.465, 84176
250.466, 84176
250.468, 84176
250.469, 84176
250.471, 83960
250.472, 83960
250.473, 83960
250.475, 83960
250.476, 83960
250.477, 83960
250.478, 83960
250.48, 83960
250.481, 83960
250.482, 83960
250.483, 83960
250.485, 83960
250.486, 83960
250.487, 83960
250.488, 83960
250.49, 83960
250.492, 83960
250.493, 83960
250.495, 83960
250.497, 83960
250.499, 83960
250.5, 83960
250.502, 83960
250.504, 83960
250.505, 83960
250.507, 83960
250.508, 83960
250.51, 83960
250.511, 83960
250.512, 83960
250.514, 83960
250.515, 83960
250.516, 83960
250.518, 83960
250.519, 83960
250.52, 83960
250.521, 83960
250.522, 83960
250.524, 83960
250.525, 83960
250.526, 83960
250.528, 83960
250.529, 83960
250.53, 83960
250.531, 83960
250.532, 83960
250.534, 83960
250.535, 83960
250.536, 83960
250.537, 83960
250.539, 83528
250.54, 83528
250.541, 83528
250.542, 83528
250.544, 83528
250.545, 83528
250.547, 83528
250.552, 83528
250.553, 83528
250.555, 83528
250.556, 83744
250.557, 83744
250.558, 83744
250.559, 83744
250.561, 83744
250.562, 83744
250.563, 83744
250.564, 83312
250.565, 83312
250.566, 83312
250.568, 83312
250.569, 83312
250.571, 83312
250.572, 83312
250.574, 83312
250.576, 83312
250.577, 83312
250.578, 83312
250.579, 83312
250.581, 83312
250.582, 83528
250.583, 83528
250.584, 83528
250.585, 83528
250.586, 83528
250.587, 83528
250.589, 83528
250.59, 83096
250.591, 83096
250.592, 83096
250.593, 83096
250.594, 83096
250.595, 83096
250.597, 83096
250.598, 83096
250.599, 83096
250.6, 83096
250.601, 83096
250.602, 83096
250.603, 83096
250.606, 83096
250.608, 82880
250.61, 82880
250.611, 82880
250.612, 82880
250.613, 82880
250.614, 82880
250.615, 83096
250.617, 83096
250.618, 83096
250.619, 83096
250.62, 83096
250.621, 83096
250.623, 83096
250.624, 82880
250.625, 82880
250.627, 82880
250.628, 82880
250.629, 82880
250.631, 82880
250.632, 82880
250.633, 83312
250.634, 83312
250.636, 83312
250.637, 83312
250.638, 83312
250.639, 83312
250.641, 83312
250.642, 83312
250.643, 83312
250.644, 83312
250.645, 83312
250.646, 83312
250.647, 83312
250.649, 83312
250.65, 83096
250.651, 83096
250.653, 83096
250.654, 83096
250.656, 83096
250.657, 83096
250.658, 83312
250.659, 83312
250.66, 83312
250.661, 83312
250.663, 83312
250.664, 83312
250.665, 83312
250.666, 83312
250.667, 83096
250.669, 83096
250.67, 83096
250.671, 83096
250.673, 83096
250.674, 83096
250.675, 83312
250.677, 83312
250.678, 83312
250.679, 83312
250.68, 83312
250.682, 83312
250.683, 83312
250.684, 83528
250.685, 83528
250.686, 83528
250.687, 83528
250.689, 83528
250.69, 83528
250.691, 83528
250.692, 83312
250.693, 83312
250.694, 83312
250.695, 83312
250.697, 83312
250.698, 83312
250.699, 83312
250.701, 83312
250.702, 83312
250.703, 83312
250.705, 83312
250.706, 83312
250.707, 83312
250.708, 83312
250.71, 83528
250.711, 83528
250.712, 83528
250.713, 83528
250.714, 83528
250.715, 83528
250.717, 83528
250.718, 83744
250.719, 83744
250.72, 83744
250.721, 83744
250.723, 83744
250.724, 83744
250.725, 83744
250.726, 83744
250.727, 83744
250.729, 83744
250.73, 83744
250.731, 83744
250.732, 83744
250.733, 83744
250.734, 83744
250.735, 83528
250.737, 83528
250.738, 83528
250.739, 83528
250.74, 83528
250.742, 83528
250.743, 83528
250.744, 83744
250.745, 83744
250.746, 83744
250.748, 83744
250.749, 83744
250.75, 83744
250.751, 83744
250.753, 83744
250.754, 83744
250.755, 83744
250.756, 83744
250.757, 83744
250.759, 83744
250.76, 83744
250.761, 83960
250.762, 83960
250.763, 83960
250.764, 83960
250.766, 83960
250.767, 83960
250.768, 83960
250.769, 83960
250.77, 83960
250.772, 83960
250.773, 83960
250.774, 83960
250.775, 83960
250.776, 83960
250.777, 84176
250.779, 84176
250.78, 84176
250.781, 84176
250.783, 84176
250.784, 84176
250.785, 84176
250.786, 83960
250.787, 83960
250.789, 83960
250.79, 83960
250.791, 83960
250.792, 83960
250.793, 83960
250.794, 84176
250.796, 84176
250.797, 84176
250.798, 84176
250.799, 84176
250.8, 84176
250.802, 84176
250.803, 84176
250.804, 84176
250.805, 84176
250.806, 84176
250.808, 84176
250.809, 84176
250.81, 84176
250.811, 84176
250.812, 84176
250.814, 84176
250.815, 84176
250.816, 84176
250.818, 84176
250.819, 84176
250.82, 84176
250.821, 84176
250.823, 84176
250.824, 84176
250.825, 84176
250.826, 84176
250.827, 84176
250.829, 84176
250.83, 84176
250.831, 84176
250.833, 84176
250.834, 84176
250.835, 84176
250.836, 84176
250.837, 84176
250.838, 84176
250.84, 84176
250.841, 84176
250.842, 84176
250.844, 84176
250.845, 84176
250.846, 84176
250.847, 84176
250.849, 84176
250.85, 84176
250.851, 84176
250.853, 84176
250.854, 84176
250.855, 84176
250.856, 84176
250.857, 84176
250.859, 84176
250.86, 84176
250.861, 84176
250.862, 84176
250.863, 84176
250.865, 84176
250.866, 84176
250.867, 84176
250.868, 84176
250.869, 84176
250.87, 84176
250.872, 84176
250.873, 84176
250.874, 84176
250.875, 84176
250.876, 84176
250.878, 84176
250.879, 84176
250.88, 84176
250.881, 84176
250.883, 84176
250.884, 84176
250.885, 84176
250.887, 84176
250.888, 84176
250.889, 84176
250.89, 84176
250.892, 84176
250.893, 84176
250.894, 84176
250.895, 84176
250.897, 84176
250.898, 84176
250.899, 84176
250.901, 84176
250.902, 84176
250.903, 84176
250.904, 84176
250.905, 84176
250.907, 84176
250.908, 84176
250.909, 84176
250.91, 84176
250.911, 84176
250.912, 84176
250.914, 84176
250.915, 84176
250.917, 84176
250.918, 84176
250.919, 84176
250.92, 84176
250.921, 84176
250.923, 84176
250.924, 84176
250.925, 84176
250.926, 84176
250.927, 84176
250.929, 84176
250.93, 84176
250.931, 84176
250.932, 84176
250.934, 84176
250.935, 84176
250.936, 84176
250.937, 84176
250.938, 84176
250.939, 84176
250.941, 84176
250.942, 84176
250.943, 84176
250.945, 84176
250.946, 84176
250.947, 84176
250.948, 83960
250.95, 83960
250.951, 83960
250.952, 83960
250.953, 83960
250.954, 83960
250.955, 83960
250.957, 84176
250.958, 84176
250.959, 84176
250.96, 84176
250.961, 84176
250.963, 84176
250.964, 84176
250.965, 84176
250.966, 84176
250.967, 84176
250.969, 84176
250.97, 84176
250.971, 84176
250.972, 84176
250.974, 84176
250.975, 84176
250.977, 84176
250.978, 84176
250.98, 84176
250.981, 84176
250.982, 84176
250.983, 84176
250.984, 84176
250.986, 84176
250.987, 84176
250.988, 84176
250.989, 84176
250.99, 84176
250.991, 84176
250.993, 84176
250.994, 84176
250.995, 84176
250.996, 84176
250.997, 84176
250.998, 84176
251, 84176
251.001, 84176
251.002, 84176
251.003, 84176
251.005, 84176
251.006, 84176
251.007, 84176
251.008, 84176
251.009, 84176
251.011, 84176
251.012, 84176
251.013, 84176
251.014, 84176
251.015, 84176
251.017, 84176
251.018, 84176
251.019, 84176
251.021, 84176
251.022, 84176
251.023, 84176
251.025, 84176
251.026, 84176
251.028, 84176
251.029, 84176
251.03, 84176
251.031, 84176
251.033, 84176
251.034, 83960
251.035, 83960
251.036, 83960
251.037, 83960
251.039, 83960
251.04, 83960
251.041, 83960
251.042, 83960
251.044, 83960
251.045, 83960
251.046, 83960
251.048, 83960
251.049, 83960
251.051, 84176
251.052, 84176
251.053, 84176
251.055, 84176
251.056, 84176
251.057, 84176
251.059, 84176
251.06, 84176
251.061, 84176
251.062, 84176
251.063, 84176
251.064, 84176
251.066, 84176
251.067, 84176
251.068, 84176
251.069, 84176
251.07, 84176
251.072, 84176
251.073, 84176
251.074, 84176
251.075, 84176
251.077, 84176
251.078, 84176
251.079, 84176
251.08, 84176
251.082, 84176
251.083, 84176
251.084, 84176
251.086, 84176
251.087, 84176
251.088, 84176
251.09, 84176
251.091, 84176
251.092, 84176
251.093, 84176
251.095, 84176
251.096, 84176
251.097, 84176
251.099, 84176
251.1, 84176
251.101, 84176
251.102, 84176
251.103, 84176
251.105, 84176
251.106, 84176
251.107, 84176
251.108, 84176
251.11, 84176
251.111, 84176
251.112, 84176
251.114, 84176
251.115, 84176
251.116, 84176
251.118, 84176
251.119, 84176
251.12, 84176
251.121, 84176
251.123, 84176
251.124, 84176
251.125, 84176
251.126, 84176
251.128, 84176
251.129, 84176
251.13, 84176
251.131, 84176
251.133, 84176
251.134, 84176
251.135, 84176
251.136, 84176
251.137, 84176
251.139, 84176
251.14, 84176
251.141, 84176
251.143, 84176
251.144, 84176
251.145, 83960
251.146, 83960
251.147, 83960
251.148, 83960
251.15, 83960
251.151, 83960
251.152, 83960
251.153, 83528
251.154, 83528
251.155, 83528
251.157, 83528
251.158, 83528
251.159, 83528
251.16, 83528
251.161, 83528
251.163, 83528
251.164, 83528
251.165, 83528
251.166, 83528
251.168, 83528
251.169, 83528
251.171, 83528
251.173, 83528
251.174, 83528
251.176, 83528
251.177, 83528
251.179, 83744
251.18, 83744
251.181, 83744
251.183, 83744
251.184, 83744
251.185, 83744
251.186, 83744
251.188, 83744
251.189, 83744
251.19, 83744
251.191, 83744
251.192, 83744
251.193, 83744
251.194, 83744
251.196, 83312
251.197, 83312
251.198, 83312
251.199, 83312
251.201, 83312
251.202, 83312
251.203, 83312
251.205, 83528
251.206, 83528
251.208, 83528
251.209, 83528
251.21, 83528
251.211, 83528
251.213, 83744
251.214, 83744
251.215, 83744
251.216, 83744
251.217, 83744
251.218, 83744
251.219, 83744
251.221, 83744
251.222, 83312
251.223, 83312
251.224, 83312
251.225, 83312
251.226, 83312
251.227, 83312
251.229, 83312
251.23, 83096
251.231, 83096
251.232, 83096
251.233, 83096
251.234, 83096
251.236, 83096
251.237, 83096
251.238, 83096
251.24, 83096
251.241, 83096
251.242, 83096
251.243, 83096
251.244, 83096
251.246, 83096
251.247, 83312
251.248, 83312
251.249, 83312
251.25, 83312
251.251, 83312
251.253, 83312
251.254, 83312
251.255, 83096
251.257, 83096
251.258, 83096
251.26, 83096
251.261, 83096
251.262, 83096
251.263, 83528
251.265, 83528
251.266, 83528
251.267, 83528
251.268, 83528
251.27, 83528
251.271, 83528
251.272, 83528
251.273, 83528
251.274, 83528
251.275, 83528
251.276, 83528
251.278, 83528
251.279, 83528
251.28, 83528
251.281, 83312
251.282, 83312
251.284, 83312
251.285, 83312
251.286, 83312
251.287, 83312
251.288, 83312
251.289, 83528
251.291, 83528
251.292, 83528
251.293, 83528
251.294, 83528
251.295, 83528
251.296, 83528
251.298, 83312
251.299, 83312
251.3, 83312
251.302, 83312
251.303, 83312
251.304, 83312
251.305, 83312
251.307, 83744
251.308, 83744
251.309, 83744
251.31, 83744
251.312, 83744
251.313, 83744
251.314, 83744
251.315, 83744
251.316, 83744
251.317, 83744
251.319, 83744
251.32, 83744
251.321, 83744
251.322, 83744
251.323, 83312
251.325, 83312
251.326, 83312
251.327, 83312
251.329, 83312
251.33, 83312
251.331, 83312
251.333, 83528
251.334, 83528
251.335, 83528
251.336, 83528
251.337, 83528
251.339, 83528
251.34, 83528
251.341, 83960
251.342, 83960
251.343, 83960
251.344, 83960
251.345, 83960
251.347, 83960
251.348, 83960
251.349, 83960
251.35, 83960
251.351, 83960
251.352, 83960
251.354, 83960
251.355, 83960
251.356, 83960
251.357, 83960
251.358, 83960
251.36, 83960
251.361, 83960
251.362, 83960
251.363, 83960
251.364, 83960
251.366, 83960
251.367, 84176
251.368, 84176
251.369, 84176
251.371, 84176
251.372, 84176
251.373, 84176
251.374, 84176
251.375, 84176
251.377, 84176
251.378, 84176
251.379, 84176
251.38, 84176
251.381, 84176
251.382, 84176
251.384, 84176
251.385, 84176
251.386, 84176
251.388, 84176
251.389, 84176
251.39, 84176
251.392, 83960
251.393, 83960
251.394, 83960
251.395, 83960
251.396, 83960
251.397, 83960
251.399, 83960
251.4, 83960
251.402, 83960
251.403, 83960
251.405, 83960
251.406, 83960
251.407, 83960
251.408, 83960
251.41, 83960
251.411, 83960
251.412, 83960
251.413, 83960
251.415, 83960
251.416, 83960
251.417, 83960
251.419, 83960
251.42, 83960
251.421, 83960
251.423, 83960
251.424, 83960
251.425, 83960
251.426, 83960
251.427, 83960
251.429, 83960
251.43, 83960
251.431, 83960
251.433, 83960
251.434, 83960
251.435, 84176
251.436, 84176
251.438, 84176
251.439, 84176
251.44, 84176
251.442, 84176
251.443, 84176
251.445, 84176
251.446, 84176
251.448, 84176
251.449, 84176
251.45, 84176
251.452, 84176
251.453, 84176
251.455, 84176
251.456, 84176
251.458, 84176
251.459, 84176
251.46, 84392
251.462, 84392
251.463, 84392
251.464, 84392
251.465, 84392
251.466, 84392
251.468, 84392
251.469, 84392
251.47, 84392
251.471, 84392
251.473, 84392
251.474, 84392
251.475, 84392
251.476, 84392
251.478, 84392
251.479, 84392
251.48, 84392
251.481, 84392
251.483, 84392
251.484, 84392
251.485, 84392
251.486, 84392
251.488, 84392
251.489, 84392
251.49, 84392
251.491, 84392
251.493, 84392
251.494, 84392
251.495, 84392
251.497, 84392
251.498, 84392
251.5, 84392
251.502, 84392
251.503, 84176
251.505, 84176
251.507, 84176
251.508, 84176
251.509, 84176
251.51, 84176
251.512, 84176
251.513, 84176
251.514, 84176
251.515, 84176
251.517, 84176
251.518, 84176
251.519, 84176
251.521, 84392
251.522, 84392
251.534, 84176
251.536, 84176
251.537, 84392
251.538, 84392
251.54, 84392
251.541, 84392
251.542, 84392
251.544, 84392
251.545, 84176
251.546, 84176
251.548, 84176
251.549, 84176
251.55, 84176
251.552, 84176
251.553, 84176
251.554, 84176
251.556, 84176
251.557, 84176
251.559, 84176
251.56, 84176
251.561, 84176
251.563, 84176
251.564, 84176
251.565, 84176
251.567, 84176
251.568, 84176
251.569, 84176
251.571, 84176
251.572, 84176
251.574, 84176
251.582, 84176
251.584, 84176
251.585, 84176
251.586, 84176
251.587, 84176
251.589, 84176
251.59, 84176
251.591, 84176
251.593, 84176
251.594, 84176
251.595, 84176
251.596, 84176
251.598, 84176
251.599, 84176
251.6, 84176
251.601, 84176
251.617, 84176
251.618, 84176
251.62, 84176
251.621, 84176
251.622, 84176
251.624, 84176
251.625, 84176
251.626, 84176
251.627, 84176
251.629, 84176
251.63, 84176
251.631, 84176
251.632, 84176
251.634, 84176
251.635, 84176
251.636, 84176
251.637, 84176
251.639, 84176
251.64, 84176
251.641, 84176
251.642, 84176
251.644, 84176
251.645, 84176
251.646, 84176
251.647, 84176
251.649, 84176
251.65, 84176
251.651, 84176
251.653, 84176
251.654, 84176
251.655, 84176
251.656, 84176
251.658, 84176
251.659, 84176
251.66, 84176
251.662, 84176
251.664, 84176
251.665, 84176
251.667, 84176
251.669, 84176
251.67, 84176
251.671, 84176
251.673, 84176
251.674, 84176
251.675, 84176
251.677, 84176
251.678, 84176
251.679, 84176
251.68, 84176
251.682, 84176
251.683, 84176
251.684, 84176
251.685, 84176
251.687, 84176
251.688, 84176
251.69, 84176
251.691, 84176
251.693, 84176
251.695, 84176
251.696, 84176
251.698, 84176
251.699, 84176
251.7, 84176
251.701, 84176
251.703, 84176
251.704, 84176
251.705, 84176
251.706, 84176
251.708, 84176
251.709, 84176
251.71, 84176
251.711, 84176
251.713, 84176
251.726, 84176
251.728, 84176
251.729, 84176
251.731, 84176
251.732, 84176
251.734, 83960
251.735, 83960
251.736, 83960
251.737, 83960
251.739, 83960
251.74, 83960
251.741, 83960
251.742, 83744
251.744, 83744
251.745, 83744
251.746, 83744
251.747, 83744
251.749, 83744
251.75, 83528
251.751, 83528
251.753, 83528
251.754, 83528
251.755, 83528
251.757, 83528
251.758, 83528
251.759, 83528
251.76, 83528
251.762, 83528
251.763, 83528
251.764, 83528
251.766, 83528
251.767, 83528
251.768, 83744
251.769, 83744
251.771, 83744
251.772, 83744
251.773, 83744
251.774, 83744
251.775, 83744
251.776, 83528
251.778, 83528
251.779, 83528
251.78, 83528
251.781, 83528
251.782, 83528
251.784, 83528
251.785, 83312
251.786, 83312
251.788, 83312
251.789, 83312
251.79, 83312
251.792, 83312
251.793, 83528
251.794, 83528
251.795, 83528
251.796, 83528
251.797, 83528
251.799, 83528
251.8, 83528
251.801, 83528
251.802, 83096
251.803, 83096
251.804, 83096
251.805, 83096
251.807, 83096
251.808, 83096
251.809, 83096
251.81, 82664
251.811, 82664
251.812, 82664
251.813, 82664
251.815, 82664
251.816, 82664
251.817, 82664
251.818, 82664
251.823, 82664
251.824, 82664
251.825, 82664
251.826, 82664
251.827, 82880
251.829, 82880
251.83, 82880
251.831, 82880
251.832, 82880
251.833, 82880
251.834, 82880
251.835, 82664
251.837, 82664
251.838, 82664
251.839, 82664
251.841, 82664
251.842, 82664
251.843, 82664
251.845, 83096
251.846, 83096
251.847, 83096
251.848, 83096
251.85, 83096
251.851, 83096
251.852, 83096
251.853, 83528
251.854, 83528
251.856, 83528
251.857, 83528
251.858, 83528
251.859, 83528
251.86, 83528
251.861, 83312
251.863, 83312
251.864, 83312
251.865, 83312
251.866, 83312
251.867, 83312
251.869, 83312
251.87, 83312
251.871, 83312
251.872, 83312
251.873, 83312
251.874, 83312
251.876, 83312
251.877, 83312
251.878, 83312
251.879, 83312
251.88, 83312
251.881, 83312
251.882, 83312
251.884, 83312
251.885, 83312
251.887, 83312
251.888, 83312
251.889, 83312
251.89, 83312
251.892, 83312
251.893, 83312
251.894, 83312
251.895, 83744
251.897, 83744
251.898, 83744
251.899, 83744
251.9, 83744
251.901, 83744
251.903, 83744
251.904, 83528
251.905, 83528
251.906, 83528
251.907, 83528
251.908, 83528
251.91, 83528
251.911, 83528
251.912, 83528
251.913, 83312
251.914, 83312
251.916, 83312
251.917, 83312
251.918, 83312
251.919, 83312
251.921, 83528
251.922, 83528
251.923, 83528
251.924, 83528
251.925, 83528
251.927, 83528
251.928, 83528
251.929, 83528
251.93, 83528
251.931, 83528
251.932, 83528
251.934, 83528
251.935, 83528
251.936, 83528
251.937, 83528
251.939, 83744
251.94, 83744
251.941, 83744
251.942, 83744
251.944, 83744
251.945, 83744
251.946, 83744
251.947, 83744
251.948, 83744
251.95, 83744
251.951, 83744
251.952, 83744
251.953, 83744
251.955, 83744
251.956, 83960
251.957, 83960
251.958, 83960
251.959, 83960
251.961, 83960
251.962, 83960
251.963, 83960
251.964, 84176
251.965, 84176
251.967, 84176
251.968, 84176
251.969, 84176
251.97, 84176
251.971, 84176
251.973, 84176
251.974, 84176
251.975, 84176
251.976, 84176
251.977, 84176
251.979, 84176
251.98, 84176
251.981, 84176
251.982, 84176
251.983, 84176
251.985, 84176
251.986, 84176
251.987, 84176
251.988, 84176
251.989, 83960
251.991, 83960
251.992, 83960
251.993, 83960
251.994, 83960
251.995, 83960
251.997, 83960
251.998, 84176
251.999, 84176
252, 84176
252.001, 84176
252.003, 84176
252.004, 84176
252.005, 84176
252.006, 84176
252.007, 84176
252.009, 84176
252.01, 84176
252.011, 84176
252.012, 84176
252.013, 84176
252.015, 84176
252.016, 84176
252.017, 84176
252.018, 84176
252.019, 84176
252.021, 84176
252.022, 84176
252.023, 84176
252.024, 84176
252.026, 84176
252.027, 84176
252.028, 84176
252.029, 84176
252.031, 84176
252.032, 83960
252.033, 83960
252.034, 83960
252.035, 83960
252.037, 83960
252.038, 83960
252.039, 83960
252.04, 83960
252.041, 83960
252.043, 83960
252.044, 83960
252.045, 83960
252.046, 83960
252.047, 83960
252.049, 83960
252.05, 83960
252.051, 83960
252.052, 83960
252.053, 83960
252.055, 83960
252.056, 83960
252.057, 84176
252.058, 84176
252.059, 84176
252.061, 84176
252.062, 84176
252.063, 84176
252.064, 84176
252.066, 84176
252.067, 84176
252.068, 84176
252.069, 84176
252.071, 84176
252.072, 84176
252.073, 84176
252.074, 84176
252.076, 84176
252.077, 84176
252.078, 84176
252.08, 84176
252.081, 84176
252.082, 84176
252.085, 84176
252.087, 84176
252.088, 84176
252.09, 84176
252.091, 84176
252.092, 84176
252.094, 84176
252.096, 84176
252.099, 84176
252.101, 84176
252.104, 84176
252.105, 84176
252.107, 84176
252.109, 84176
252.112, 84176
252.113, 84176
252.115, 84176
252.116, 84176
252.118, 84176
252.119, 84176
252.12, 84176
252.122, 84176
252.123, 84176
252.125, 84176
252.126, 84176
252.127, 84176
252.129, 84176
252.13, 84176
252.132, 84176
252.133, 84176
252.134, 84176
252.136, 84176
252.137, 84176
252.139, 84176
252.14, 84176
252.141, 84176
252.143, 84176
252.144, 84176
252.145, 84176
252.147, 84176
252.148, 84176
252.15, 84176
252.151, 84176
252.152, 84176
252.154, 84176
252.155, 84176
252.156, 84176
252.158, 84176
252.159, 84176
252.16, 84176
252.162, 84176
252.163, 84176
252.164, 84176
252.166, 84176
252.167, 84176
252.168, 84392
252.17, 84392
252.171, 84392
252.173, 84392
252.174, 84392
252.175, 84392
252.177, 84392
252.178, 84392
252.18, 84392
252.181, 84392
252.182, 84392
252.184, 84392
252.185, 84392
252.186, 84392
252.188, 84392
252.189, 84392
252.19, 84392
252.192, 84392
252.193, 84392
252.194, 84392
252.196, 84392
252.197, 84392
252.199, 84392
252.2, 84392
252.202, 84392
252.203, 84392
252.204, 84392
252.206, 84392
252.207, 84392
252.209, 84392
252.21, 84392
252.212, 84392
252.213, 84392
252.214, 84392
252.216, 84392
252.217, 84392
252.218, 84392
252.22, 84392
252.221, 84392
252.222, 84392
252.224, 84392
252.225, 84392
252.226, 84392
252.228, 84392
252.229, 84392
252.231, 84392
252.232, 84392
252.234, 84392
252.235, 84392
252.236, 84392
252.238, 84392
252.24, 84392
252.241, 84392
252.243, 84392
252.244, 84392
252.246, 84392
252.247, 84392
252.248, 84392
252.25, 84392
252.251, 84392
252.253, 84392
252.254, 84392
252.255, 84392
252.257, 84392
252.258, 84392
252.259, 84392
252.261, 84392
252.262, 84392
252.264, 84392
252.265, 84392
252.267, 84392
252.268, 84392
252.269, 84392
252.271, 84608
252.273, 84608
252.274, 84608
252.276, 84608
252.277, 84608
252.278, 84608
252.28, 84392
252.281, 84392
252.282, 84392
252.284, 84392
252.285, 84392
252.286, 84392
252.288, 84608
252.289, 84608
252.291, 84608
252.292, 84608
252.294, 84608
252.295, 84608
252.297, 84392
252.298, 84392
252.299, 84392
252.301, 84392
252.302, 84392
252.304, 84392
252.305, 84608
252.306, 84608
252.308, 84608
252.309, 84608
252.311, 84608
252.312, 84608
252.313, 84608
252.315, 84608
252.316, 84608
252.317, 84608
252.319, 84608
252.32, 84608
252.321, 84608
252.322, 84608
252.323, 84608
252.324, 84608
252.326, 84608
252.327, 84608
252.328, 84608
252.33, 84608
252.331, 84392
252.332, 84392
252.334, 84392
252.335, 84392
252.336, 84392
252.337, 84392
252.338, 84392
252.34, 84176
252.341, 84176
252.342, 84176
252.344, 84176
252.346, 84176
252.348, 83960
252.349, 83960
252.351, 83960
252.353, 83960
252.354, 83960
252.356, 83960
252.357, 83960
252.358, 83960
252.36, 83960
252.361, 83960
252.362, 83960
252.364, 83960
252.365, 83960
252.366, 83960
252.367, 83960
252.368, 83960
252.369, 83960
252.371, 83960
252.372, 83960
252.373, 83960
252.374, 83960
252.375, 83960
252.376, 83960
252.378, 83960
252.379, 83960
252.38, 83960
252.381, 83744
252.383, 83744
252.384, 83744
252.385, 83744
252.387, 83744
252.388, 83744
252.389, 83744
252.39, 84176
252.392, 84176
252.393, 84176
252.394, 84176
252.395, 84176
252.397, 84176
252.398, 84176
252.399, 83960
252.4, 83960
252.401, 83960
252.402, 83960
252.404, 83960
252.405, 83960
252.406, 83960
252.407, 83960
252.408, 83960
252.409, 83960
252.41, 83960
252.412, 83960
252.413, 83960
252.414, 83960
252.416, 83960
252.417, 83960
252.418, 83960
252.42, 83960
